# ®É¶¡ (s)    ¦ì²¾ (m)
0.00 0.000000
0.01 0.000000
0.02 -0.000000
0.03 -0.000001
0.04 -0.000002
0.05 -0.000004
0.06 -0.000007
0.07 -0.000009
0.08 -0.000013
0.09 -0.000017
0.10 -0.000021
0.11 -0.000026
0.12 -0.000031
0.13 -0.000037
0.14 -0.000043
0.15 -0.000050
0.16 -0.000058
0.17 -0.000065
0.18 -0.000074
0.19 -0.000082
0.20 -0.000092
0.21 -0.000101
0.22 -0.000111
0.23 -0.000122
0.24 -0.000133
0.25 -0.000144
0.26 -0.000156
0.27 -0.000168
0.28 -0.000181
0.29 -0.000194
0.30 -0.000208
0.31 -0.000222
0.32 -0.000236
0.33 -0.000251
0.34 -0.000266
0.35 -0.000282
0.36 -0.000297
0.37 -0.000313
0.38 -0.000330
0.39 -0.000346
0.40 -0.000363
0.41 -0.000381
0.42 -0.000399
0.43 -0.000417
0.44 -0.000436
0.45 -0.000455
0.46 -0.000474
0.47 -0.000494
0.48 -0.000514
0.49 -0.000534
0.50 -0.000554
0.51 -0.000574
0.52 -0.000595
0.53 -0.000616
0.54 -0.000637
0.55 -0.000658
0.56 -0.000679
0.57 -0.000701
0.58 -0.000723
0.59 -0.000746
0.60 -0.000768
0.61 -0.000790
0.62 -0.000813
0.63 -0.000836
0.64 -0.000859
0.65 -0.000882
0.66 -0.000905
0.67 -0.000929
0.68 -0.000953
0.69 -0.000976
0.70 -0.001000
0.71 -0.001024
0.72 -0.001048
0.73 -0.001071
0.74 -0.001095
0.75 -0.001118
0.76 -0.001141
0.77 -0.001164
0.78 -0.001187
0.79 -0.001210
0.80 -0.001233
0.81 -0.001257
0.82 -0.001280
0.83 -0.001304
0.84 -0.001327
0.85 -0.001350
0.86 -0.001374
0.87 -0.001397
0.88 -0.001420
0.89 -0.001444
0.90 -0.001467
0.91 -0.001490
0.92 -0.001512
0.93 -0.001534
0.94 -0.001556
0.95 -0.001578
0.96 -0.001599
0.97 -0.001620
0.98 -0.001641
0.99 -0.001663
1.00 -0.001684
1.01 -0.001706
1.02 -0.001727
1.03 -0.001748
1.04 -0.001768
1.05 -0.001789
1.06 -0.001809
1.07 -0.001829
1.08 -0.001849
1.09 -0.001869
1.10 -0.001888
1.11 -0.001908
1.12 -0.001928
1.13 -0.001948
1.14 -0.001968
1.15 -0.001987
1.16 -0.002007
1.17 -0.002026
1.18 -0.002045
1.19 -0.002064
1.20 -0.002082
1.21 -0.002100
1.22 -0.002117
1.23 -0.002133
1.24 -0.002148
1.25 -0.002161
1.26 -0.002173
1.27 -0.002185
1.28 -0.002196
1.29 -0.002207
1.30 -0.002218
1.31 -0.002229
1.32 -0.002239
1.33 -0.002249
1.34 -0.002259
1.35 -0.002268
1.36 -0.002276
1.37 -0.002283
1.38 -0.002290
1.39 -0.002295
1.40 -0.002300
1.41 -0.002303
1.42 -0.002307
1.43 -0.002309
1.44 -0.002311
1.45 -0.002312
1.46 -0.002313
1.47 -0.002315
1.48 -0.002317
1.49 -0.002320
1.50 -0.002323
1.51 -0.002324
1.52 -0.002325
1.53 -0.002326
1.54 -0.002327
1.55 -0.002325
1.56 -0.002323
1.57 -0.002320
1.58 -0.002316
1.59 -0.002312
1.60 -0.002309
1.61 -0.002305
1.62 -0.002301
1.63 -0.002296
1.64 -0.002290
1.65 -0.002282
1.66 -0.002272
1.67 -0.002262
1.68 -0.002250
1.69 -0.002238
1.70 -0.002225
1.71 -0.002211
1.72 -0.002197
1.73 -0.002183
1.74 -0.002168
1.75 -0.002152
1.76 -0.002134
1.77 -0.002116
1.78 -0.002097
1.79 -0.002077
1.80 -0.002058
1.81 -0.002038
1.82 -0.002019
1.83 -0.001999
1.84 -0.001979
1.85 -0.001958
1.86 -0.001935
1.87 -0.001912
1.88 -0.001887
1.89 -0.001862
1.90 -0.001836
1.91 -0.001809
1.92 -0.001782
1.93 -0.001756
1.94 -0.001730
1.95 -0.001703
1.96 -0.001675
1.97 -0.001646
1.98 -0.001615
1.99 -0.001583
2.00 -0.001549
2.01 -0.001514
2.02 -0.001478
2.03 -0.001442
2.04 -0.001407
2.05 -0.001371
2.06 -0.001335
2.07 -0.001298
2.08 -0.001260
2.09 -0.001220
2.10 -0.001180
2.11 -0.001138
2.12 -0.001096
2.13 -0.001054
2.14 -0.001011
2.15 -0.000968
2.16 -0.000925
2.17 -0.000880
2.18 -0.000834
2.19 -0.000787
2.20 -0.000739
2.21 -0.000690
2.22 -0.000641
2.23 -0.000592
2.24 -0.000543
2.25 -0.000494
2.26 -0.000445
2.27 -0.000397
2.28 -0.000348
2.29 -0.000299
2.30 -0.000248
2.31 -0.000195
2.32 -0.000139
2.33 -0.000081
2.34 -0.000021
2.35 0.000040
2.36 0.000101
2.37 0.000163
2.38 0.000224
2.39 0.000285
2.40 0.000347
2.41 0.000408
2.42 0.000468
2.43 0.000528
2.44 0.000589
2.45 0.000650
2.46 0.000712
2.47 0.000776
2.48 0.000840
2.49 0.000904
2.50 0.000967
2.51 0.001029
2.52 0.001090
2.53 0.001151
2.54 0.001212
2.55 0.001273
2.56 0.001336
2.57 0.001401
2.58 0.001470
2.59 0.001542
2.60 0.001617
2.61 0.001695
2.62 0.001776
2.63 0.001859
2.64 0.001944
2.65 0.002030
2.66 0.002116
2.67 0.002200
2.68 0.002282
2.69 0.002363
2.70 0.002441
2.71 0.002518
2.72 0.002591
2.73 0.002661
2.74 0.002729
2.75 0.002799
2.76 0.002873
2.77 0.002951
2.78 0.003034
2.79 0.003121
2.80 0.003211
2.81 0.003302
2.82 0.003394
2.83 0.003484
2.84 0.003575
2.85 0.003666
2.86 0.003761
2.87 0.003858
2.88 0.003958
2.89 0.004063
2.90 0.004172
2.91 0.004288
2.92 0.004409
2.93 0.004534
2.94 0.004662
2.95 0.004794
2.96 0.004929
2.97 0.005067
2.98 0.005208
2.99 0.005349
3.00 0.005490
3.01 0.005628
3.02 0.005761
3.03 0.005890
3.04 0.006017
3.05 0.006146
3.06 0.006281
3.07 0.006423
3.08 0.006568
3.09 0.006715
3.10 0.006863
3.11 0.007013
3.12 0.007166
3.13 0.007325
3.14 0.007489
3.15 0.007659
3.16 0.007836
3.17 0.008018
3.18 0.008205
3.19 0.008396
3.20 0.008590
3.21 0.008788
3.22 0.008989
3.23 0.009191
3.24 0.009391
3.25 0.009587
3.26 0.009781
3.27 0.009976
3.28 0.010171
3.29 0.010366
3.30 0.010560
3.31 0.010751
3.32 0.010942
3.33 0.011134
3.34 0.011329
3.35 0.011528
3.36 0.011731
3.37 0.011936
3.38 0.012143
3.39 0.012348
3.40 0.012553
3.41 0.012761
3.42 0.012975
3.43 0.013197
3.44 0.013428
3.45 0.013668
3.46 0.013914
3.47 0.014167
3.48 0.014425
3.49 0.014685
3.50 0.014943
3.51 0.015193
3.52 0.015436
3.53 0.015671
3.54 0.015900
3.55 0.016124
3.56 0.016345
3.57 0.016563
3.58 0.016778
3.59 0.016990
3.60 0.017200
3.61 0.017410
3.62 0.017623
3.63 0.017840
3.64 0.018063
3.65 0.018292
3.66 0.018527
3.67 0.018763
3.68 0.018996
3.69 0.019221
3.70 0.019436
3.71 0.019641
3.72 0.019839
3.73 0.020036
3.74 0.020237
3.75 0.020444
3.76 0.020657
3.77 0.020877
3.78 0.021100
3.79 0.021328
3.80 0.021558
3.81 0.021788
3.82 0.022009
3.83 0.022211
3.84 0.022387
3.85 0.022535
3.86 0.022664
3.87 0.022784
3.88 0.022907
3.89 0.023040
3.90 0.023187
3.91 0.023347
3.92 0.023515
3.93 0.023688
3.94 0.023864
3.95 0.024039
3.96 0.024210
3.97 0.024375
3.98 0.024531
3.99 0.024679
4.00 0.024822
4.01 0.024964
4.02 0.025110
4.03 0.025260
4.04 0.025415
4.05 0.025575
4.06 0.025737
4.07 0.025900
4.08 0.026061
4.09 0.026215
4.10 0.026356
4.11 0.026478
4.12 0.026574
4.13 0.026643
4.14 0.026693
4.15 0.026733
4.16 0.026774
4.17 0.026823
4.18 0.026888
4.19 0.026974
4.20 0.027078
4.21 0.027196
4.22 0.027321
4.23 0.027445
4.24 0.027568
4.25 0.027688
4.26 0.027804
4.27 0.027912
4.28 0.028007
4.29 0.028084
4.30 0.028143
4.31 0.028185
4.32 0.028212
4.33 0.028221
4.34 0.028210
4.35 0.028178
4.36 0.028128
4.37 0.028067
4.38 0.028009
4.39 0.027966
4.40 0.027949
4.41 0.027960
4.42 0.027997
4.43 0.028051
4.44 0.028108
4.45 0.028150
4.46 0.028159
4.47 0.028123
4.48 0.028034
4.49 0.027889
4.50 0.027690
4.51 0.027441
4.52 0.027153
4.53 0.026842
4.54 0.026523
4.55 0.026214
4.56 0.025929
4.57 0.025684
4.58 0.025490
4.59 0.025352
4.60 0.025270
4.61 0.025235
4.62 0.025235
4.63 0.025260
4.64 0.025303
4.65 0.025359
4.66 0.025420
4.67 0.025471
4.68 0.025492
4.69 0.025463
4.70 0.025360
4.71 0.025165
4.72 0.024864
4.73 0.024451
4.74 0.023929
4.75 0.023310
4.76 0.022605
4.77 0.021829
4.78 0.020991
4.79 0.020099
4.80 0.019155
4.81 0.018157
4.82 0.017094
4.83 0.015957
4.84 0.014748
4.85 0.013481
4.86 0.012176
4.87 0.010856
4.88 0.009532
4.89 0.008209
4.90 0.006886
4.91 0.005560
4.92 0.004234
4.93 0.002913
4.94 0.001603
4.95 0.000304
4.96 -0.000998
4.97 -0.002322
4.98 -0.003689
4.99 -0.005114
5.00 -0.006602
5.01 -0.008150
5.02 -0.009753
5.03 -0.011404
5.04 -0.013084
5.05 -0.014766
5.06 -0.016415
5.07 -0.017994
5.08 -0.019481
5.09 -0.020869
5.10 -0.022172
5.11 -0.023410
5.12 -0.024599
5.13 -0.025745
5.14 -0.026841
5.15 -0.027881
5.16 -0.028861
5.17 -0.029785
5.18 -0.030654
5.19 -0.031470
5.20 -0.032236
5.21 -0.032966
5.22 -0.033680
5.23 -0.034403
5.24 -0.035152
5.25 -0.035940
5.26 -0.036770
5.27 -0.037643
5.28 -0.038559
5.29 -0.039519
5.30 -0.040527
5.31 -0.041581
5.32 -0.042674
5.33 -0.043785
5.34 -0.044891
5.35 -0.045973
5.36 -0.047017
5.37 -0.048016
5.38 -0.048959
5.39 -0.049835
5.40 -0.050638
5.41 -0.051375
5.42 -0.052064
5.43 -0.052731
5.44 -0.053399
5.45 -0.054086
5.46 -0.054798
5.47 -0.055527
5.48 -0.056252
5.49 -0.056946
5.50 -0.057579
5.51 -0.058129
5.52 -0.058586
5.53 -0.058957
5.54 -0.059253
5.55 -0.059489
5.56 -0.059675
5.57 -0.059817
5.58 -0.059920
5.59 -0.059991
5.60 -0.060033
5.61 -0.060046
5.62 -0.060020
5.63 -0.059944
5.64 -0.059803
5.65 -0.059586
5.66 -0.059277
5.67 -0.058861
5.68 -0.058329
5.69 -0.057682
5.70 -0.056931
5.71 -0.056088
5.72 -0.055163
5.73 -0.054161
5.74 -0.053081
5.75 -0.051918
5.76 -0.050668
5.77 -0.049333
5.78 -0.047918
5.79 -0.046438
5.80 -0.044911
5.81 -0.043349
5.82 -0.041755
5.83 -0.040120
5.84 -0.038423
5.85 -0.036632
5.86 -0.034713
5.87 -0.032633
5.88 -0.030368
5.89 -0.027906
5.90 -0.025254
5.91 -0.022432
5.92 -0.019474
5.93 -0.016423
5.94 -0.013326
5.95 -0.010231
5.96 -0.007180
5.97 -0.004213
5.98 -0.001360
5.99 0.001355
6.00 0.003920
6.01 0.006330
6.02 0.008585
6.03 0.010693
6.04 0.012662
6.05 0.014495
6.06 0.016188
6.07 0.017731
6.08 0.019119
6.09 0.020368
6.10 0.021511
6.11 0.022600
6.12 0.023690
6.13 0.024827
6.14 0.026044
6.15 0.027356
6.16 0.028763
6.17 0.030256
6.18 0.031823
6.19 0.033457
6.20 0.035153
6.21 0.036905
6.22 0.038706
6.23 0.040541
6.24 0.042391
6.25 0.044232
6.26 0.046039
6.27 0.047793
6.28 0.049476
6.29 0.051073
6.30 0.052569
6.31 0.053949
6.32 0.055200
6.33 0.056319
6.34 0.057313
6.35 0.058199
6.36 0.058993
6.37 0.059710
6.38 0.060357
6.39 0.060939
6.40 0.061459
6.41 0.061926
6.42 0.062355
6.43 0.062770
6.44 0.063199
6.45 0.063666
6.46 0.064187
6.47 0.064766
6.48 0.065395
6.49 0.066062
6.50 0.066752
6.51 0.067449
6.52 0.068134
6.53 0.068784
6.54 0.069374
6.55 0.069878
6.56 0.070279
6.57 0.070571
6.58 0.070766
6.59 0.070894
6.60 0.070990
6.61 0.071091
6.62 0.071217
6.63 0.071379
6.64 0.071573
6.65 0.071792
6.66 0.072021
6.67 0.072241
6.68 0.072432
6.69 0.072574
6.70 0.072652
6.71 0.072651
6.72 0.072551
6.73 0.072329
6.74 0.071962
6.75 0.071431
6.76 0.070726
6.77 0.069846
6.78 0.068800
6.79 0.067608
6.80 0.066288
6.81 0.064858
6.82 0.063325
6.83 0.061691
6.84 0.059952
6.85 0.058104
6.86 0.056144
6.87 0.054065
6.88 0.051861
6.89 0.049523
6.90 0.047050
6.91 0.044444
6.92 0.041705
6.93 0.038828
6.94 0.035803
6.95 0.032617
6.96 0.029262
6.97 0.025731
6.98 0.022020
6.99 0.018126
7.00 0.014061
7.01 0.009862
7.02 0.005595
7.03 0.001359
7.04 -0.002736
7.05 -0.006581
7.06 -0.010083
7.07 -0.013177
7.08 -0.015827
7.09 -0.018025
7.10 -0.019786
7.11 -0.021144
7.12 -0.022150
7.13 -0.022854
7.14 -0.023304
7.15 -0.023542
7.16 -0.023613
7.17 -0.023575
7.18 -0.023493
7.19 -0.023423
7.20 -0.023406
7.21 -0.023465
7.22 -0.023614
7.23 -0.023857
7.24 -0.024189
7.25 -0.024599
7.26 -0.025076
7.27 -0.025608
7.28 -0.026194
7.29 -0.026844
7.30 -0.027587
7.31 -0.028461
7.32 -0.029504
7.33 -0.030741
7.34 -0.032173
7.35 -0.033785
7.36 -0.035548
7.37 -0.037440
7.38 -0.039446
7.39 -0.041566
7.40 -0.043810
7.41 -0.046190
7.42 -0.048715
7.43 -0.051388
7.44 -0.054198
7.45 -0.057129
7.46 -0.060161
7.47 -0.063280
7.48 -0.066475
7.49 -0.069733
7.50 -0.073036
7.51 -0.076356
7.52 -0.079656
7.53 -0.082892
7.54 -0.086021
7.55 -0.088999
7.56 -0.091795
7.57 -0.094386
7.58 -0.096761
7.59 -0.098913
7.60 -0.100836
7.61 -0.102525
7.62 -0.103977
7.63 -0.105198
7.64 -0.106210
7.65 -0.107052
7.66 -0.107771
7.67 -0.108415
7.68 -0.109024
7.69 -0.109627
7.70 -0.110242
7.71 -0.110876
7.72 -0.111525
7.73 -0.112178
7.74 -0.112826
7.75 -0.113459
7.76 -0.114077
7.77 -0.114679
7.78 -0.115273
7.79 -0.115871
7.80 -0.116493
7.81 -0.117161
7.82 -0.117894
7.83 -0.118694
7.84 -0.119541
7.85 -0.120388
7.86 -0.121177
7.87 -0.121858
7.88 -0.122391
7.89 -0.122741
7.90 -0.122880
7.91 -0.122778
7.92 -0.122413
7.93 -0.121774
7.94 -0.120860
7.95 -0.119672
7.96 -0.118210
7.97 -0.116472
7.98 -0.114454
7.99 -0.112156
8.00 -0.109595
8.01 -0.106811
8.02 -0.103860
8.03 -0.100801
8.04 -0.097681
8.05 -0.094539
8.06 -0.091408
8.07 -0.088324
8.08 -0.085326
8.09 -0.082459
8.10 -0.079766
8.11 -0.077283
8.12 -0.075032
8.13 -0.073015
8.14 -0.071222
8.15 -0.069637
8.16 -0.068250
8.17 -0.067062
8.18 -0.066079
8.19 -0.065313
8.20 -0.064776
8.21 -0.064479
8.22 -0.064427
8.23 -0.064629
8.24 -0.065091
8.25 -0.065818
8.26 -0.066813
8.27 -0.068075
8.28 -0.069593
8.29 -0.071343
8.30 -0.073284
8.31 -0.075366
8.32 -0.077532
8.33 -0.079726
8.34 -0.081892
8.35 -0.083978
8.36 -0.085944
8.37 -0.087756
8.38 -0.089382
8.39 -0.090795
8.40 -0.091979
8.41 -0.092928
8.42 -0.093651
8.43 -0.094165
8.44 -0.094486
8.45 -0.094622
8.46 -0.094577
8.47 -0.094338
8.48 -0.093883
8.49 -0.093187
8.50 -0.092229
8.51 -0.091006
8.52 -0.089531
8.53 -0.087829
8.54 -0.085924
8.55 -0.083838
8.56 -0.081590
8.57 -0.079199
8.58 -0.076685
8.59 -0.074072
8.60 -0.071383
8.61 -0.068636
8.62 -0.065851
8.63 -0.063048
8.64 -0.060251
8.65 -0.057491
8.66 -0.054809
8.67 -0.052252
8.68 -0.049860
8.69 -0.047662
8.70 -0.045675
8.71 -0.043907
8.72 -0.042365
8.73 -0.041046
8.74 -0.039938
8.75 -0.039023
8.76 -0.038273
8.77 -0.037657
8.78 -0.037139
8.79 -0.036682
8.80 -0.036256
8.81 -0.035833
8.82 -0.035393
8.83 -0.034926
8.84 -0.034434
8.85 -0.033934
8.86 -0.033452
8.87 -0.033014
8.88 -0.032638
8.89 -0.032333
8.90 -0.032099
8.91 -0.031930
8.92 -0.031813
8.93 -0.031729
8.94 -0.031661
8.95 -0.031595
8.96 -0.031522
8.97 -0.031444
8.98 -0.031369
8.99 -0.031316
9.00 -0.031307
9.01 -0.031368
9.02 -0.031515
9.03 -0.031758
9.04 -0.032093
9.05 -0.032512
9.06 -0.032992
9.07 -0.033503
9.08 -0.034006
9.09 -0.034461
9.10 -0.034831
9.11 -0.035086
9.12 -0.035196
9.13 -0.035137
9.14 -0.034888
9.15 -0.034438
9.16 -0.033794
9.17 -0.032973
9.18 -0.032001
9.19 -0.030911
9.20 -0.029747
9.21 -0.028552
9.22 -0.027366
9.23 -0.026218
9.24 -0.025120
9.25 -0.024071
9.26 -0.023059
9.27 -0.022054
9.28 -0.021015
9.29 -0.019889
9.30 -0.018616
9.31 -0.017144
9.32 -0.015435
9.33 -0.013464
9.34 -0.011220
9.35 -0.008709
9.36 -0.005944
9.37 -0.002944
9.38 0.000273
9.39 0.003682
9.40 0.007245
9.41 0.010919
9.42 0.014658
9.43 0.018423
9.44 0.022187
9.45 0.025923
9.46 0.029596
9.47 0.033163
9.48 0.036582
9.49 0.039817
9.50 0.042834
9.51 0.045605
9.52 0.048098
9.53 0.050293
9.54 0.052183
9.55 0.053778
9.56 0.055096
9.57 0.056158
9.58 0.056987
9.59 0.057609
9.60 0.058049
9.61 0.058336
9.62 0.058498
9.63 0.058569
9.64 0.058583
9.65 0.058575
9.66 0.058581
9.67 0.058634
9.68 0.058754
9.69 0.058949
9.70 0.059217
9.71 0.059553
9.72 0.059956
9.73 0.060434
9.74 0.061000
9.75 0.061663
9.76 0.062424
9.77 0.063274
9.78 0.064192
9.79 0.065146
9.80 0.066110
9.81 0.067069
9.82 0.068025
9.83 0.068992
9.84 0.069988
9.85 0.071036
9.86 0.072163
9.87 0.073400
9.88 0.074769
9.89 0.076274
9.90 0.077896
9.91 0.079594
9.92 0.081318
9.93 0.083018
9.94 0.084652
9.95 0.086189
9.96 0.087606
9.97 0.088892
9.98 0.090045
9.99 0.091068
10.00 0.091977
10.01 0.092792
10.02 0.093540
10.03 0.094247
10.04 0.094932
10.05 0.095603
10.06 0.096258
10.07 0.096880
10.08 0.097449
10.09 0.097933
10.10 0.098299
10.11 0.098512
10.12 0.098538
10.13 0.098347
10.14 0.097912
10.15 0.097208
10.16 0.096218
10.17 0.094932
10.18 0.093358
10.19 0.091529
10.20 0.089509
10.21 0.087391
10.22 0.085278
10.23 0.083259
10.24 0.081400
10.25 0.079739
10.26 0.078296
10.27 0.077080
10.28 0.076090
10.29 0.075312
10.30 0.074716
10.31 0.074260
10.32 0.073898
10.33 0.073591
10.34 0.073310
10.35 0.073028
10.36 0.072719
10.37 0.072350
10.38 0.071890
10.39 0.071318
10.40 0.070629
10.41 0.069824
10.42 0.068910
10.43 0.067891
10.44 0.066774
10.45 0.065563
10.46 0.064266
10.47 0.062899
10.48 0.061485
10.49 0.060055
10.50 0.058633
10.51 0.057241
10.52 0.055891
10.53 0.054599
10.54 0.053381
10.55 0.052255
10.56 0.051236
10.57 0.050334
10.58 0.049551
10.59 0.048882
10.60 0.048312
10.61 0.047821
10.62 0.047384
10.63 0.046977
10.64 0.046575
10.65 0.046157
10.66 0.045705
10.67 0.045217
10.68 0.044702
10.69 0.044185
10.70 0.043699
10.71 0.043275
10.72 0.042942
10.73 0.042723
10.74 0.042641
10.75 0.042718
10.76 0.042977
10.77 0.043438
10.78 0.044117
10.79 0.045023
10.80 0.046153
10.81 0.047488
10.82 0.048996
10.83 0.050635
10.84 0.052367
10.85 0.054156
10.86 0.055971
10.87 0.057786
10.88 0.059583
10.89 0.061347
10.90 0.063073
10.91 0.064764
10.92 0.066433
10.93 0.068088
10.94 0.069732
10.95 0.071349
10.96 0.072920
10.97 0.074420
10.98 0.075834
10.99 0.077152
11.00 0.078364
11.01 0.079458
11.02 0.080415
11.03 0.081216
11.04 0.081846
11.05 0.082296
11.06 0.082564
11.07 0.082649
11.08 0.082553
11.09 0.082280
11.10 0.081838
11.11 0.081238
11.12 0.080494
11.13 0.079618
11.14 0.078620
11.15 0.077503
11.16 0.076268
11.17 0.074917
11.18 0.073451
11.19 0.071874
11.20 0.070196
11.21 0.068435
11.22 0.066620
11.23 0.064787
11.24 0.062969
11.25 0.061197
11.26 0.059497
11.27 0.057895
11.28 0.056414
11.29 0.055083
11.30 0.053926
11.31 0.052969
11.32 0.052230
11.33 0.051709
11.34 0.051377
11.35 0.051182
11.36 0.051077
11.37 0.051035
11.38 0.051055
11.39 0.051144
11.40 0.051307
11.41 0.051532
11.42 0.051801
11.43 0.052089
11.44 0.052377
11.45 0.052650
11.46 0.052901
11.47 0.053125
11.48 0.053321
11.49 0.053484
11.50 0.053599
11.51 0.053653
11.52 0.053639
11.53 0.053557
11.54 0.053414
11.55 0.053221
11.56 0.052990
11.57 0.052734
11.58 0.052468
11.59 0.052203
11.60 0.051943
11.61 0.051687
11.62 0.051432
11.63 0.051177
11.64 0.050922
11.65 0.050662
11.66 0.050379
11.67 0.050049
11.68 0.049640
11.69 0.049121
11.70 0.048468
11.71 0.047667
11.72 0.046718
11.73 0.045627
11.74 0.044402
11.75 0.043045
11.76 0.041552
11.77 0.039923
11.78 0.038161
11.79 0.036275
11.80 0.034273
11.81 0.032155
11.82 0.029911
11.83 0.027534
11.84 0.025018
11.85 0.022363
11.86 0.019575
11.87 0.016660
11.88 0.013627
11.89 0.010487
11.90 0.007261
11.91 0.003971
11.92 0.000639
11.93 -0.002720
11.94 -0.006096
11.95 -0.009483
11.96 -0.012869
11.97 -0.016238
11.98 -0.019569
11.99 -0.022841
12.00 -0.026037
12.01 -0.029144
12.02 -0.032155
12.03 -0.035062
12.04 -0.037859
12.05 -0.040546
12.06 -0.043130
12.07 -0.045618
12.08 -0.048020
12.09 -0.050343
12.10 -0.052586
12.11 -0.054753
12.12 -0.056848
12.13 -0.058885
12.14 -0.060880
12.15 -0.062848
12.16 -0.064798
12.17 -0.066728
12.18 -0.068632
12.19 -0.070499
12.20 -0.072321
12.21 -0.074092
12.22 -0.075812
12.23 -0.077475
12.24 -0.079079
12.25 -0.080615
12.26 -0.082075
12.27 -0.083455
12.28 -0.084753
12.29 -0.085972
12.30 -0.087119
12.31 -0.088197
12.32 -0.089209
12.33 -0.090157
12.34 -0.091037
12.35 -0.091847
12.36 -0.092580
12.37 -0.093234
12.38 -0.093803
12.39 -0.094286
12.40 -0.094684
12.41 -0.095001
12.42 -0.095241
12.43 -0.095407
12.44 -0.095501
12.45 -0.095526
12.46 -0.095493
12.47 -0.095415
12.48 -0.095314
12.49 -0.095214
12.50 -0.095139
12.51 -0.095109
12.52 -0.095136
12.53 -0.095229
12.54 -0.095394
12.55 -0.095640
12.56 -0.095975
12.57 -0.096401
12.58 -0.096911
12.59 -0.097486
12.60 -0.098102
12.61 -0.098741
12.62 -0.099395
12.63 -0.100062
12.64 -0.100739
12.65 -0.101422
12.66 -0.102098
12.67 -0.102752
12.68 -0.103366
12.69 -0.103921
12.70 -0.104393
12.71 -0.104759
12.72 -0.105006
12.73 -0.105129
12.74 -0.105138
12.75 -0.105048
12.76 -0.104874
12.77 -0.104633
12.78 -0.104339
12.79 -0.104007
12.80 -0.103656
12.81 -0.103300
12.82 -0.102947
12.83 -0.102604
12.84 -0.102268
12.85 -0.101929
12.86 -0.101575
12.87 -0.101192
12.88 -0.100773
12.89 -0.100322
12.90 -0.099851
12.91 -0.099374
12.92 -0.098898
12.93 -0.098426
12.94 -0.097960
12.95 -0.097502
12.96 -0.097053
12.97 -0.096604
12.98 -0.096135
12.99 -0.095624
13.00 -0.095058
13.01 -0.094439
13.02 -0.093778
13.03 -0.093088
13.04 -0.092375
13.05 -0.091638
13.06 -0.090878
13.07 -0.090097
13.08 -0.089303
13.09 -0.088503
13.10 -0.087699
13.11 -0.086886
13.12 -0.086055
13.13 -0.085196
13.14 -0.084300
13.15 -0.083359
13.16 -0.082366
13.17 -0.081310
13.18 -0.080183
13.19 -0.078979
13.20 -0.077698
13.21 -0.076342
13.22 -0.074920
13.23 -0.073443
13.24 -0.071923
13.25 -0.070368
13.26 -0.068785
13.27 -0.067180
13.28 -0.065556
13.29 -0.063913
13.30 -0.062249
13.31 -0.060563
13.32 -0.058857
13.33 -0.057139
13.34 -0.055420
13.35 -0.053712
13.36 -0.052027
13.37 -0.050372
13.38 -0.048750
13.39 -0.047158
13.40 -0.045593
13.41 -0.044048
13.42 -0.042517
13.43 -0.040989
13.44 -0.039452
13.45 -0.037893
13.46 -0.036303
13.47 -0.034676
13.48 -0.033010
13.49 -0.031298
13.50 -0.029534
13.51 -0.027709
13.52 -0.025820
13.53 -0.023864
13.54 -0.021839
13.55 -0.019743
13.56 -0.017575
13.57 -0.015339
13.58 -0.013035
13.59 -0.010665
13.60 -0.008228
13.61 -0.005723
13.62 -0.003154
13.63 -0.000531
13.64 0.002132
13.65 0.004822
13.66 0.007526
13.67 0.010236
13.68 0.012942
13.69 0.015640
13.70 0.018323
13.71 0.020982
13.72 0.023612
13.73 0.026211
13.74 0.028785
13.75 0.031341
13.76 0.033885
13.77 0.036419
13.78 0.038938
13.79 0.041440
13.80 0.043920
13.81 0.046375
13.82 0.048798
13.83 0.051184
13.84 0.053525
13.85 0.055817
13.86 0.058056
13.87 0.060246
13.88 0.062394
13.89 0.064507
13.90 0.066593
13.91 0.068656
13.92 0.070699
13.93 0.072720
13.94 0.074718
13.95 0.076692
13.96 0.078639
13.97 0.080561
13.98 0.082455
13.99 0.084317
14.00 0.086141
14.01 0.087921
14.02 0.089653
14.03 0.091337
14.04 0.092972
14.05 0.094558
14.06 0.096098
14.07 0.097586
14.08 0.099018
14.09 0.100385
14.10 0.101680
14.11 0.102900
14.12 0.104040
14.13 0.105095
14.14 0.106061
14.15 0.106933
14.16 0.107707
14.17 0.108381
14.18 0.108955
14.19 0.109439
14.20 0.109846
14.21 0.110192
14.22 0.110493
14.23 0.110763
14.24 0.111013
14.25 0.111256
14.26 0.111495
14.27 0.111736
14.28 0.111977
14.29 0.112217
14.30 0.112452
14.31 0.112672
14.32 0.112872
14.33 0.113046
14.34 0.113196
14.35 0.113327
14.36 0.113452
14.37 0.113584
14.38 0.113738
14.39 0.113928
14.40 0.114162
14.41 0.114443
14.42 0.114768
14.43 0.115132
14.44 0.115531
14.45 0.115962
14.46 0.116422
14.47 0.116913
14.48 0.117436
14.49 0.117998
14.50 0.118609
14.51 0.119279
14.52 0.120017
14.53 0.120826
14.54 0.121706
14.55 0.122657
14.56 0.123673
14.57 0.124750
14.58 0.125883
14.59 0.127068
14.60 0.128299
14.61 0.129571
14.62 0.130877
14.63 0.132211
14.64 0.133567
14.65 0.134941
14.66 0.136328
14.67 0.137726
14.68 0.139128
14.69 0.140528
14.70 0.141916
14.71 0.143283
14.72 0.144619
14.73 0.145913
14.74 0.147157
14.75 0.148341
14.76 0.149462
14.77 0.150520
14.78 0.151518
14.79 0.152461
14.80 0.153352
14.81 0.154198
14.82 0.155009
14.83 0.155794
14.84 0.156559
14.85 0.157306
14.86 0.158033
14.87 0.158733
14.88 0.159398
14.89 0.160020
14.90 0.160590
14.91 0.161103
14.92 0.161555
14.93 0.161944
14.94 0.162273
14.95 0.162542
14.96 0.162756
14.97 0.162915
14.98 0.163020
14.99 0.163067
15.00 0.163054
15.01 0.162976
15.02 0.162830
15.03 0.162617
15.04 0.162342
15.05 0.162017
15.06 0.161654
15.07 0.161263
15.08 0.160855
15.09 0.160436
15.10 0.160011
15.11 0.159583
15.12 0.159149
15.13 0.158703
15.14 0.158236
15.15 0.157738
15.16 0.157197
15.17 0.156609
15.18 0.155973
15.19 0.155291
15.20 0.154569
15.21 0.153813
15.22 0.153028
15.23 0.152219
15.24 0.151390
15.25 0.150544
15.26 0.149683
15.27 0.148804
15.28 0.147908
15.29 0.146997
15.30 0.146068
15.31 0.145120
15.32 0.144149
15.33 0.143153
15.34 0.142132
15.35 0.141090
15.36 0.140032
15.37 0.138963
15.38 0.137890
15.39 0.136816
15.40 0.135743
15.41 0.134667
15.42 0.133581
15.43 0.132476
15.44 0.131341
15.45 0.130165
15.46 0.128932
15.47 0.127623
15.48 0.126223
15.49 0.124716
15.50 0.123090
15.51 0.121334
15.52 0.119439
15.53 0.117395
15.54 0.115195
15.55 0.112835
15.56 0.110313
15.57 0.107635
15.58 0.104815
15.59 0.101876
15.60 0.098845
15.61 0.095748
15.62 0.092610
15.63 0.089451
15.64 0.086290
15.65 0.083141
15.66 0.080018
15.67 0.076933
15.68 0.073896
15.69 0.070907
15.70 0.067962
15.71 0.065048
15.72 0.062149
15.73 0.059253
15.74 0.056352
15.75 0.053440
15.76 0.050513
15.77 0.047564
15.78 0.044594
15.79 0.041605
15.80 0.038611
15.81 0.035626
15.82 0.032661
15.83 0.029729
15.84 0.026835
15.85 0.023984
15.86 0.021176
15.87 0.018407
15.88 0.015669
15.89 0.012949
15.90 0.010236
15.91 0.007518
15.92 0.004786
15.93 0.002029
15.94 -0.000759
15.95 -0.003583
15.96 -0.006440
15.97 -0.009320
15.98 -0.012209
15.99 -0.015091
16.00 -0.017952
16.01 -0.020784
16.02 -0.023574
16.03 -0.026313
16.04 -0.028990
16.05 -0.031602
16.06 -0.034152
16.07 -0.036653
16.08 -0.039115
16.09 -0.041548
16.10 -0.043955
16.11 -0.046333
16.12 -0.048680
16.13 -0.050997
16.14 -0.053287
16.15 -0.055560
16.16 -0.057827
16.17 -0.060103
16.18 -0.062398
16.19 -0.064723
16.20 -0.067088
16.21 -0.069505
16.22 -0.071984
16.23 -0.074535
16.24 -0.077163
16.25 -0.079866
16.26 -0.082638
16.27 -0.085469
16.28 -0.088352
16.29 -0.091280
16.30 -0.094251
16.31 -0.097268
16.32 -0.100337
16.33 -0.103458
16.34 -0.106628
16.35 -0.109836
16.36 -0.113067
16.37 -0.116308
16.38 -0.119546
16.39 -0.122771
16.40 -0.125975
16.41 -0.129154
16.42 -0.132302
16.43 -0.135416
16.44 -0.138500
16.45 -0.141555
16.46 -0.144589
16.47 -0.147607
16.48 -0.150614
16.49 -0.153613
16.50 -0.156607
16.51 -0.159592
16.52 -0.162562
16.53 -0.165509
16.54 -0.168428
16.55 -0.171309
16.56 -0.174146
16.57 -0.176929
16.58 -0.179648
16.59 -0.182294
16.60 -0.184859
16.61 -0.187336
16.62 -0.189720
16.63 -0.192011
16.64 -0.194210
16.65 -0.196324
16.66 -0.198363
16.67 -0.200334
16.68 -0.202248
16.69 -0.204113
16.70 -0.205937
16.71 -0.207731
16.72 -0.209499
16.73 -0.211248
16.74 -0.212976
16.75 -0.214681
16.76 -0.216358
16.77 -0.218002
16.78 -0.219604
16.79 -0.221153
16.80 -0.222637
16.81 -0.224045
16.82 -0.225366
16.83 -0.226588
16.84 -0.227706
16.85 -0.228718
16.86 -0.229631
16.87 -0.230460
16.88 -0.231219
16.89 -0.231924
16.90 -0.232585
16.91 -0.233212
16.92 -0.233813
16.93 -0.234390
16.94 -0.234942
16.95 -0.235463
16.96 -0.235944
16.97 -0.236382
16.98 -0.236778
16.99 -0.237142
17.00 -0.237485
17.01 -0.237823
17.02 -0.238165
17.03 -0.238517
17.04 -0.238875
17.05 -0.239236
17.06 -0.239591
17.07 -0.239936
17.08 -0.240264
17.09 -0.240572
17.10 -0.240854
17.11 -0.241103
17.12 -0.241312
17.13 -0.241473
17.14 -0.241578
17.15 -0.241622
17.16 -0.241605
17.17 -0.241526
17.18 -0.241385
17.19 -0.241176
17.20 -0.240890
17.21 -0.240515
17.22 -0.240033
17.23 -0.239430
17.24 -0.238698
17.25 -0.237835
17.26 -0.236843
17.27 -0.235723
17.28 -0.234480
17.29 -0.233116
17.30 -0.231634
17.31 -0.230038
17.32 -0.228333
17.33 -0.226522
17.34 -0.224609
17.35 -0.222596
17.36 -0.220488
17.37 -0.218294
17.38 -0.216028
17.39 -0.213702
17.40 -0.211330
17.41 -0.208922
17.42 -0.206493
17.43 -0.204054
17.44 -0.201621
17.45 -0.199208
17.46 -0.196824
17.47 -0.194473
17.48 -0.192150
17.49 -0.189852
17.50 -0.187572
17.51 -0.185302
17.52 -0.183035
17.53 -0.180761
17.54 -0.178465
17.55 -0.176131
17.56 -0.173744
17.57 -0.171293
17.58 -0.168769
17.59 -0.166166
17.60 -0.163483
17.61 -0.160720
17.62 -0.157884
17.63 -0.154985
17.64 -0.152038
17.65 -0.149058
17.66 -0.146060
17.67 -0.143055
17.68 -0.140051
17.69 -0.137048
17.70 -0.134042
17.71 -0.131027
17.72 -0.127994
17.73 -0.124930
17.74 -0.121820
17.75 -0.118655
17.76 -0.115427
17.77 -0.112140
17.78 -0.108799
17.79 -0.105418
17.80 -0.102011
17.81 -0.098597
17.82 -0.095193
17.83 -0.091817
17.84 -0.088486
17.85 -0.085212
17.86 -0.082005
17.87 -0.078874
17.88 -0.075818
17.89 -0.072832
17.90 -0.069906
17.91 -0.067027
17.92 -0.064186
17.93 -0.061373
17.94 -0.058577
17.95 -0.055790
17.96 -0.052999
17.97 -0.050199
17.98 -0.047382
17.99 -0.044544
18.00 -0.041681
18.01 -0.038790
18.02 -0.035869
18.03 -0.032921
18.04 -0.029952
18.05 -0.026974
18.06 -0.024006
18.07 -0.021065
18.08 -0.018169
18.09 -0.015334
18.10 -0.012570
18.11 -0.009887
18.12 -0.007292
18.13 -0.004788
18.14 -0.002372
18.15 -0.000037
18.16 0.002226
18.17 0.004430
18.18 0.006588
18.19 0.008713
18.20 0.010824
18.21 0.012936
18.22 0.015066
18.23 0.017228
18.24 0.019427
18.25 0.021667
18.26 0.023946
18.27 0.026256
18.28 0.028592
18.29 0.030944
18.30 0.033304
18.31 0.035662
18.32 0.038011
18.33 0.040339
18.34 0.042637
18.35 0.044894
18.36 0.047099
18.37 0.049246
18.38 0.051334
18.39 0.053368
18.40 0.055356
18.41 0.057311
18.42 0.059244
18.43 0.061166
18.44 0.063084
18.45 0.065004
18.46 0.066935
18.47 0.068882
18.48 0.070849
18.49 0.072838
18.50 0.074842
18.51 0.076854
18.52 0.078868
18.53 0.080878
18.54 0.082878
18.55 0.084865
18.56 0.086835
18.57 0.088790
18.58 0.090728
18.59 0.092651
18.60 0.094563
18.61 0.096465
18.62 0.098358
18.63 0.100241
18.64 0.102114
18.65 0.103978
18.66 0.105832
18.67 0.107679
18.68 0.109519
18.69 0.111353
18.70 0.113185
18.71 0.115016
18.72 0.116845
18.73 0.118672
18.74 0.120493
18.75 0.122305
18.76 0.124100
18.77 0.125874
18.78 0.127621
18.79 0.129336
18.80 0.131014
18.81 0.132648
18.82 0.134234
18.83 0.135768
18.84 0.137248
18.85 0.138669
18.86 0.140028
18.87 0.141320
18.88 0.142545
18.89 0.143702
18.90 0.144792
18.91 0.145819
18.92 0.146788
18.93 0.147709
18.94 0.148596
18.95 0.149466
18.96 0.150332
18.97 0.151207
18.98 0.152101
18.99 0.153019
19.00 0.153970
19.01 0.154956
19.02 0.155979
19.03 0.157039
19.04 0.158133
19.05 0.159258
19.06 0.160408
19.07 0.161578
19.08 0.162758
19.09 0.163941
19.10 0.165119
19.11 0.166283
19.12 0.167420
19.13 0.168520
19.14 0.169568
19.15 0.170557
19.16 0.171481
19.17 0.172339
19.18 0.173133
19.19 0.173871
19.20 0.174557
19.21 0.175196
19.22 0.175792
19.23 0.176346
19.24 0.176864
19.25 0.177350
19.26 0.177806
19.27 0.178228
19.28 0.178609
19.29 0.178938
19.30 0.179205
19.31 0.179400
19.32 0.179517
19.33 0.179553
19.34 0.179510
19.35 0.179393
19.36 0.179210
19.37 0.178967
19.38 0.178670
19.39 0.178325
19.40 0.177933
19.41 0.177497
19.42 0.177012
19.43 0.176476
19.44 0.175885
19.45 0.175236
19.46 0.174524
19.47 0.173744
19.48 0.172891
19.49 0.171964
19.50 0.170962
19.51 0.169882
19.52 0.168721
19.53 0.167472
19.54 0.166129
19.55 0.164687
19.56 0.163136
19.57 0.161466
19.58 0.159667
19.59 0.157732
19.60 0.155655
19.61 0.153437
19.62 0.151081
19.63 0.148598
19.64 0.146003
19.65 0.143320
19.66 0.140578
19.67 0.137806
19.68 0.135031
19.69 0.132274
19.70 0.129547
19.71 0.126855
19.72 0.124196
19.73 0.121563
19.74 0.118949
19.75 0.116344
19.76 0.113738
19.77 0.111115
19.78 0.108463
19.79 0.105772
19.80 0.103034
19.81 0.100247
19.82 0.097411
19.83 0.094526
19.84 0.091594
19.85 0.088620
19.86 0.085610
19.87 0.082573
19.88 0.079518
19.89 0.076455
19.90 0.073393
19.91 0.070338
19.92 0.067297
19.93 0.064277
19.94 0.061282
19.95 0.058318
19.96 0.055385
19.97 0.052481
19.98 0.049603
19.99 0.046747
20.00 0.043908
20.01 0.041078
20.02 0.038248
20.03 0.035411
20.04 0.032560
20.05 0.029689
20.06 0.026794
20.07 0.023871
20.08 0.020921
20.09 0.017945
20.10 0.014947
20.11 0.011932
20.12 0.008906
20.13 0.005874
20.14 0.002842
20.15 -0.000183
20.16 -0.003192
20.17 -0.006180
20.18 -0.009144
20.19 -0.012084
20.20 -0.014999
20.21 -0.017891
20.22 -0.020761
20.23 -0.023609
20.24 -0.026438
20.25 -0.029251
20.26 -0.032052
20.27 -0.034845
20.28 -0.037634
20.29 -0.040421
20.30 -0.043207
20.31 -0.045989
20.32 -0.048766
20.33 -0.051537
20.34 -0.054299
20.35 -0.057051
20.36 -0.059793
20.37 -0.062525
20.38 -0.065245
20.39 -0.067950
20.40 -0.070637
20.41 -0.073298
20.42 -0.075925
20.43 -0.078506
20.44 -0.081029
20.45 -0.083487
20.46 -0.085875
20.47 -0.088193
20.48 -0.090448
20.49 -0.092646
20.50 -0.094795
20.51 -0.096903
20.52 -0.098980
20.53 -0.101032
20.54 -0.103065
20.55 -0.105081
20.56 -0.107080
20.57 -0.109060
20.58 -0.111016
20.59 -0.112945
20.60 -0.114843
20.61 -0.116710
20.62 -0.118546
20.63 -0.120352
20.64 -0.122128
20.65 -0.123873
20.66 -0.125587
20.67 -0.127270
20.68 -0.128918
20.69 -0.130528
20.70 -0.132100
20.71 -0.133630
20.72 -0.135117
20.73 -0.136556
20.74 -0.137946
20.75 -0.139286
20.76 -0.140579
20.77 -0.141829
20.78 -0.143043
20.79 -0.144227
20.80 -0.145390
20.81 -0.146536
20.82 -0.147673
20.83 -0.148801
20.84 -0.149922
20.85 -0.151032
20.86 -0.152128
20.87 -0.153205
20.88 -0.154256
20.89 -0.155274
20.90 -0.156250
20.91 -0.157176
20.92 -0.158048
20.93 -0.158862
20.94 -0.159619
20.95 -0.160316
20.96 -0.160954
20.97 -0.161532
20.98 -0.162051
20.99 -0.162512
21.00 -0.162916
21.01 -0.163261
21.02 -0.163548
21.03 -0.163777
21.04 -0.163949
21.05 -0.164067
21.06 -0.164133
21.07 -0.164150
21.08 -0.164120
21.09 -0.164042
21.10 -0.163918
21.11 -0.163750
21.12 -0.163542
21.13 -0.163292
21.14 -0.162999
21.15 -0.162657
21.16 -0.162261
21.17 -0.161808
21.18 -0.161300
21.19 -0.160738
21.20 -0.160126
21.21 -0.159470
21.22 -0.158778
21.23 -0.158059
21.24 -0.157320
21.25 -0.156571
21.26 -0.155817
21.27 -0.155063
21.28 -0.154310
21.29 -0.153559
21.30 -0.152806
21.31 -0.152050
21.32 -0.151285
21.33 -0.150508
21.34 -0.149712
21.35 -0.148889
21.36 -0.148029
21.37 -0.147122
21.38 -0.146161
21.39 -0.145138
21.40 -0.144049
21.41 -0.142891
21.42 -0.141668
21.43 -0.140385
21.44 -0.139049
21.45 -0.137672
21.46 -0.136265
21.47 -0.134840
21.48 -0.133410
21.49 -0.131985
21.50 -0.130574
21.51 -0.129183
21.52 -0.127815
21.53 -0.126472
21.54 -0.125152
21.55 -0.123849
21.56 -0.122562
21.57 -0.121286
21.58 -0.120020
21.59 -0.118760
21.60 -0.117501
21.61 -0.116237
21.62 -0.114964
21.63 -0.113678
21.64 -0.112376
21.65 -0.111058
21.66 -0.109725
21.67 -0.108381
21.68 -0.107027
21.69 -0.105667
21.70 -0.104298
21.71 -0.102919
21.72 -0.101526
21.73 -0.100114
21.74 -0.098679
21.75 -0.097217
21.76 -0.095725
21.77 -0.094201
21.78 -0.092645
21.79 -0.091059
21.80 -0.089444
21.81 -0.087805
21.82 -0.086144
21.83 -0.084462
21.84 -0.082761
21.85 -0.081041
21.86 -0.079304
21.87 -0.077549
21.88 -0.075778
21.89 -0.073990
21.90 -0.072188
21.91 -0.070373
21.92 -0.068546
21.93 -0.066710
21.94 -0.064866
21.95 -0.063013
21.96 -0.061152
21.97 -0.059283
21.98 -0.057409
21.99 -0.055528
22.00 -0.053642
22.01 -0.051751
22.02 -0.049854
22.03 -0.047951
22.04 -0.046038
22.05 -0.044113
22.06 -0.042170
22.07 -0.040204
22.08 -0.038212
22.09 -0.036192
22.10 -0.034142
22.11 -0.032060
22.12 -0.029945
22.13 -0.027796
22.14 -0.025615
22.15 -0.023402
22.16 -0.021160
22.17 -0.018892
22.18 -0.016602
22.19 -0.014294
22.20 -0.011967
22.21 -0.009623
22.22 -0.007257
22.23 -0.004865
22.24 -0.002440
22.25 0.000020
22.26 0.002518
22.27 0.005049
22.28 0.007609
22.29 0.010194
22.30 0.012798
22.31 0.015417
22.32 0.018045
22.33 0.020678
22.34 0.023316
22.35 0.025958
22.36 0.028604
22.37 0.031259
22.38 0.033926
22.39 0.036616
22.40 0.039334
22.41 0.042088
22.42 0.044883
22.43 0.047719
22.44 0.050598
22.45 0.053516
22.46 0.056469
22.47 0.059451
22.48 0.062455
22.49 0.065477
22.50 0.068509
22.51 0.071550
22.52 0.074594
22.53 0.077637
22.54 0.080679
22.55 0.083717
22.56 0.086750
22.57 0.089779
22.58 0.092803
22.59 0.095821
22.60 0.098833
22.61 0.101837
22.62 0.104830
22.63 0.107806
22.64 0.110764
22.65 0.113698
22.66 0.116607
22.67 0.119487
22.68 0.122339
22.69 0.125161
22.70 0.127955
22.71 0.130724
22.72 0.133469
22.73 0.136193
22.74 0.138899
22.75 0.141589
22.76 0.144265
22.77 0.146928
22.78 0.149580
22.79 0.152220
22.80 0.154847
22.81 0.157458
22.82 0.160049
22.83 0.162615
22.84 0.165150
22.85 0.167649
22.86 0.170107
22.87 0.172524
22.88 0.174899
22.89 0.177232
22.90 0.179524
22.91 0.181775
22.92 0.183987
22.93 0.186158
22.94 0.188286
22.95 0.190366
22.96 0.192391
22.97 0.194355
22.98 0.196254
22.99 0.198086
23.00 0.199849
23.01 0.201543
23.02 0.203172
23.03 0.204737
23.04 0.206240
23.05 0.207683
23.06 0.209067
23.07 0.210391
23.08 0.211656
23.09 0.212858
23.10 0.213995
23.11 0.215064
23.12 0.216063
23.13 0.216992
23.14 0.217852
23.15 0.218649
23.16 0.219387
23.17 0.220072
23.18 0.220709
23.19 0.221301
23.20 0.221849
23.21 0.222354
23.22 0.222814
23.23 0.223225
23.24 0.223587
23.25 0.223898
23.26 0.224160
23.27 0.224372
23.28 0.224534
23.29 0.224645
23.30 0.224704
23.31 0.224709
23.32 0.224660
23.33 0.224555
23.34 0.224391
23.35 0.224168
23.36 0.223887
23.37 0.223547
23.38 0.223153
23.39 0.222706
23.40 0.222213
23.41 0.221677
23.42 0.221104
23.43 0.220497
23.44 0.219858
23.45 0.219187
23.46 0.218483
23.47 0.217746
23.48 0.216977
23.49 0.216175
23.50 0.215337
23.51 0.214458
23.52 0.213534
23.53 0.212564
23.54 0.211546
23.55 0.210480
23.56 0.209369
23.57 0.208213
23.58 0.207012
23.59 0.205768
23.60 0.204483
23.61 0.203159
23.62 0.201797
23.63 0.200397
23.64 0.198957
23.65 0.197476
23.66 0.195949
23.67 0.194375
23.68 0.192753
23.69 0.191086
23.70 0.189376
23.71 0.187629
23.72 0.185848
23.73 0.184038
23.74 0.182201
23.75 0.180340
23.76 0.178454
23.77 0.176539
23.78 0.174591
23.79 0.172606
23.80 0.170580
23.81 0.168510
23.82 0.166393
23.83 0.164230
23.84 0.162021
23.85 0.159772
23.86 0.157488
23.87 0.155174
23.88 0.152837
23.89 0.150485
23.90 0.148119
23.91 0.145743
23.92 0.143354
23.93 0.140950
23.94 0.138530
23.95 0.136091
23.96 0.133634
23.97 0.131157
23.98 0.128660
23.99 0.126143
24.00 0.123605
24.01 0.121047
24.02 0.118468
24.03 0.115869
24.04 0.113251
24.05 0.110615
24.06 0.107960
24.07 0.105290
24.08 0.102607
24.09 0.099913
24.10 0.097211
24.11 0.094503
24.12 0.091794
24.13 0.089085
24.14 0.086375
24.15 0.083662
24.16 0.080943
24.17 0.078218
24.18 0.075488
24.19 0.072756
24.20 0.070025
24.21 0.067300
24.22 0.064581
24.23 0.061869
24.24 0.059163
24.25 0.056460
24.26 0.053762
24.27 0.051071
24.28 0.048389
24.29 0.045718
24.30 0.043059
24.31 0.040412
24.32 0.037775
24.33 0.035150
24.34 0.032534
24.35 0.029926
24.36 0.027324
24.37 0.024727
24.38 0.022129
24.39 0.019529
24.40 0.016928
24.41 0.014326
24.42 0.011727
24.43 0.009135
24.44 0.006552
24.45 0.003980
24.46 0.001419
24.47 -0.001131
24.48 -0.003671
24.49 -0.006202
24.50 -0.008723
24.51 -0.011237
24.52 -0.013744
24.53 -0.016245
24.54 -0.018741
24.55 -0.021233
24.56 -0.023725
24.57 -0.026217
24.58 -0.028710
24.59 -0.031205
24.60 -0.033702
24.61 -0.036197
24.62 -0.038687
24.63 -0.041164
24.64 -0.043623
24.65 -0.046054
24.66 -0.048454
24.67 -0.050819
24.68 -0.053144
24.69 -0.055429
24.70 -0.057673
24.71 -0.059879
24.72 -0.062053
24.73 -0.064199
24.74 -0.066322
24.75 -0.068426
24.76 -0.070513
24.77 -0.072586
24.78 -0.074647
24.79 -0.076697
24.80 -0.078733
24.81 -0.080755
24.82 -0.082763
24.83 -0.084757
24.84 -0.086740
24.85 -0.088711
24.86 -0.090673
24.87 -0.092626
24.88 -0.094574
24.89 -0.096518
24.90 -0.098462
24.91 -0.100407
24.92 -0.102352
24.93 -0.104297
24.94 -0.106239
24.95 -0.108177
24.96 -0.110108
24.97 -0.112034
24.98 -0.113954
24.99 -0.115870
25.00 -0.117782
25.01 -0.119690
25.02 -0.121595
25.03 -0.123494
25.04 -0.125382
25.05 -0.127252
25.06 -0.129099
25.07 -0.130918
25.08 -0.132705
25.09 -0.134459
25.10 -0.136178
25.11 -0.137863
25.12 -0.139515
25.13 -0.141134
25.14 -0.142720
25.15 -0.144274
25.16 -0.145797
25.17 -0.147289
25.18 -0.148750
25.19 -0.150177
25.20 -0.151568
25.21 -0.152922
25.22 -0.154238
25.23 -0.155514
25.24 -0.156752
25.25 -0.157948
25.26 -0.159101
25.27 -0.160211
25.28 -0.161278
25.29 -0.162301
25.30 -0.163279
25.31 -0.164210
25.32 -0.165094
25.33 -0.165930
25.34 -0.166719
25.35 -0.167464
25.36 -0.168165
25.37 -0.168826
25.38 -0.169448
25.39 -0.170034
25.40 -0.170584
25.41 -0.171101
25.42 -0.171585
25.43 -0.172035
25.44 -0.172452
25.45 -0.172833
25.46 -0.173177
25.47 -0.173486
25.48 -0.173758
25.49 -0.173991
25.50 -0.174185
25.51 -0.174339
25.52 -0.174453
25.53 -0.174527
25.54 -0.174561
25.55 -0.174557
25.56 -0.174514
25.57 -0.174433
25.58 -0.174317
25.59 -0.174167
25.60 -0.173986
25.61 -0.173775
25.62 -0.173535
25.63 -0.173266
25.64 -0.172968
25.65 -0.172639
25.66 -0.172280
25.67 -0.171889
25.68 -0.171470
25.69 -0.171022
25.70 -0.170546
25.71 -0.170041
25.72 -0.169511
25.73 -0.168956
25.74 -0.168377
25.75 -0.167771
25.76 -0.167138
25.77 -0.166475
25.78 -0.165783
25.79 -0.165057
25.80 -0.164298
25.81 -0.163502
25.82 -0.162669
25.83 -0.161798
25.84 -0.160889
25.85 -0.159940
25.86 -0.158950
25.87 -0.157918
25.88 -0.156842
25.89 -0.155716
25.90 -0.154540
25.91 -0.153310
25.92 -0.152026
25.93 -0.150688
25.94 -0.149296
25.95 -0.147852
25.96 -0.146357
25.97 -0.144812
25.98 -0.143220
25.99 -0.141582
26.00 -0.139900
26.01 -0.138176
26.02 -0.136411
26.03 -0.134604
26.04 -0.132754
26.05 -0.130861
26.06 -0.128923
26.07 -0.126942
26.08 -0.124919
26.09 -0.122855
26.10 -0.120753
26.11 -0.118616
26.12 -0.116448
26.13 -0.114252
26.14 -0.112032
26.15 -0.109792
26.16 -0.107538
26.17 -0.105272
26.18 -0.102996
26.19 -0.100710
26.20 -0.098410
26.21 -0.096091
26.22 -0.093749
26.23 -0.091378
26.24 -0.088974
26.25 -0.086536
26.26 -0.084063
26.27 -0.081557
26.28 -0.079019
26.29 -0.076450
26.30 -0.073854
26.31 -0.071234
26.32 -0.068591
26.33 -0.065927
26.34 -0.063242
26.35 -0.060536
26.36 -0.057809
26.37 -0.055063
26.38 -0.052299
26.39 -0.049516
26.40 -0.046718
26.41 -0.043911
26.42 -0.041098
26.43 -0.038283
26.44 -0.035467
26.45 -0.032651
26.46 -0.029834
26.47 -0.027015
26.48 -0.024197
26.49 -0.021380
26.50 -0.018568
26.51 -0.015763
26.52 -0.012967
26.53 -0.010183
26.54 -0.007413
26.55 -0.004659
26.56 -0.001920
26.57 0.000802
26.58 0.003510
26.59 0.006206
26.60 0.008890
26.61 0.011560
26.62 0.014215
26.63 0.016852
26.64 0.019470
26.65 0.022066
26.66 0.024640
26.67 0.027189
26.68 0.029714
26.69 0.032214
26.70 0.034692
26.71 0.037148
26.72 0.039585
26.73 0.042002
26.74 0.044403
26.75 0.046786
26.76 0.049153
26.77 0.051501
26.78 0.053830
26.79 0.056136
26.80 0.058418
26.81 0.060674
26.82 0.062902
26.83 0.065099
26.84 0.067261
26.85 0.069389
26.86 0.071483
26.87 0.073543
26.88 0.075570
26.89 0.077568
26.90 0.079536
26.91 0.081479
26.92 0.083394
26.93 0.085282
26.94 0.087141
26.95 0.088969
26.96 0.090765
26.97 0.092528
26.98 0.094257
26.99 0.095950
27.00 0.097609
27.01 0.099233
27.02 0.100823
27.03 0.102378
27.04 0.103903
27.05 0.105398
27.06 0.106866
27.07 0.108307
27.08 0.109722
27.09 0.111111
27.10 0.112475
27.11 0.113813
27.12 0.115127
27.13 0.116414
27.14 0.117677
27.15 0.118914
27.16 0.120126
27.17 0.121312
27.18 0.122474
27.19 0.123610
27.20 0.124724
27.21 0.125814
27.22 0.126879
27.23 0.127918
27.24 0.128932
27.25 0.129919
27.26 0.130880
27.27 0.131816
27.28 0.132724
27.29 0.133604
27.30 0.134457
27.31 0.135280
27.32 0.136073
27.33 0.136832
27.34 0.137559
27.35 0.138253
27.36 0.138916
27.37 0.139548
27.38 0.140152
27.39 0.140729
27.40 0.141279
27.41 0.141803
27.42 0.142299
27.43 0.142768
27.44 0.143208
27.45 0.143620
27.46 0.144002
27.47 0.144349
27.48 0.144659
27.49 0.144929
27.50 0.145156
27.51 0.145339
27.52 0.145478
27.53 0.145575
27.54 0.145631
27.55 0.145650
27.56 0.145633
27.57 0.145580
27.58 0.145494
27.59 0.145378
27.60 0.145231
27.61 0.145053
27.62 0.144844
27.63 0.144600
27.64 0.144320
27.65 0.144001
27.66 0.143643
27.67 0.143245
27.68 0.142806
27.69 0.142328
27.70 0.141811
27.71 0.141256
27.72 0.140664
27.73 0.140033
27.74 0.139364
27.75 0.138657
27.76 0.137911
27.77 0.137128
27.78 0.136307
27.79 0.135448
27.80 0.134550
27.81 0.133615
27.82 0.132643
27.83 0.131637
27.84 0.130598
27.85 0.129530
27.86 0.128436
27.87 0.127318
27.88 0.126176
27.89 0.125010
27.90 0.123821
27.91 0.122607
27.92 0.121367
27.93 0.120100
27.94 0.118804
27.95 0.117476
27.96 0.116118
27.97 0.114729
27.98 0.113310
27.99 0.111863
28.00 0.110389
28.01 0.108888
28.02 0.107360
28.03 0.105806
28.04 0.104225
28.05 0.102620
28.06 0.100991
28.07 0.099340
28.08 0.097666
28.09 0.095974
28.10 0.094264
28.11 0.092534
28.12 0.090783
28.13 0.089007
28.14 0.087206
28.15 0.085378
28.16 0.083519
28.17 0.081629
28.18 0.079707
28.19 0.077755
28.20 0.075777
28.21 0.073776
28.22 0.071758
28.23 0.069727
28.24 0.067688
28.25 0.065644
28.26 0.063593
28.27 0.061535
28.28 0.059467
28.29 0.057390
28.30 0.055304
28.31 0.053206
28.32 0.051094
28.33 0.048968
28.34 0.046828
28.35 0.044674
28.36 0.042507
28.37 0.040326
28.38 0.038131
28.39 0.035918
28.40 0.033686
28.41 0.031432
28.42 0.029153
28.43 0.026848
28.44 0.024517
28.45 0.022162
28.46 0.019782
28.47 0.017380
28.48 0.014956
28.49 0.012513
28.50 0.010051
28.51 0.007574
28.52 0.005083
28.53 0.002579
28.54 0.000063
28.55 -0.002462
28.56 -0.004996
28.57 -0.007535
28.58 -0.010079
28.59 -0.012627
28.60 -0.015176
28.61 -0.017728
28.62 -0.020284
28.63 -0.022846
28.64 -0.025415
28.65 -0.027995
28.66 -0.030585
28.67 -0.033186
28.68 -0.035798
28.69 -0.038419
28.70 -0.041047
28.71 -0.043681
28.72 -0.046321
28.73 -0.048966
28.74 -0.051617
28.75 -0.054274
28.76 -0.056935
28.77 -0.059601
28.78 -0.062271
28.79 -0.064943
28.80 -0.067613
28.81 -0.070278
28.82 -0.072934
28.83 -0.075578
28.84 -0.078209
28.85 -0.080824
28.86 -0.083423
28.87 -0.086007
28.88 -0.088576
28.89 -0.091130
28.90 -0.093668
28.91 -0.096190
28.92 -0.098696
28.93 -0.101185
28.94 -0.103656
28.95 -0.106106
28.96 -0.108536
28.97 -0.110943
28.98 -0.113326
28.99 -0.115683
29.00 -0.118011
29.01 -0.120308
29.02 -0.122574
29.03 -0.124807
29.04 -0.127005
29.05 -0.129165
29.06 -0.131285
29.07 -0.133365
29.08 -0.135407
29.09 -0.137413
29.10 -0.139385
29.11 -0.141324
29.12 -0.143235
29.13 -0.145118
29.14 -0.146975
29.15 -0.148807
29.16 -0.150616
29.17 -0.152405
29.18 -0.154175
29.19 -0.155926
29.20 -0.157657
29.21 -0.159366
29.22 -0.161049
29.23 -0.162702
29.24 -0.164320
29.25 -0.165901
29.26 -0.167442
29.27 -0.168944
29.28 -0.170410
29.29 -0.171841
29.30 -0.173240
29.31 -0.174607
29.32 -0.175944
29.33 -0.177250
29.34 -0.178523
29.35 -0.179763
29.36 -0.180967
29.37 -0.182136
29.38 -0.183269
29.39 -0.184365
29.40 -0.185422
29.41 -0.186440
29.42 -0.187419
29.43 -0.188356
29.44 -0.189249
29.45 -0.190096
29.46 -0.190898
29.47 -0.191654
29.48 -0.192367
29.49 -0.193039
29.50 -0.193672
29.51 -0.194266
29.52 -0.194825
29.53 -0.195353
29.54 -0.195851
29.55 -0.196322
29.56 -0.196763
29.57 -0.197173
29.58 -0.197551
29.59 -0.197894
29.60 -0.198201
29.61 -0.198472
29.62 -0.198702
29.63 -0.198893
29.64 -0.199041
29.65 -0.199145
29.66 -0.199204
29.67 -0.199214
29.68 -0.199175
29.69 -0.199087
29.70 -0.198950
29.71 -0.198765
29.72 -0.198535
29.73 -0.198264
29.74 -0.197954
29.75 -0.197607
29.76 -0.197226
29.77 -0.196811
29.78 -0.196364
29.79 -0.195884
29.80 -0.195368
29.81 -0.194812
29.82 -0.194214
29.83 -0.193570
29.84 -0.192882
29.85 -0.192149
29.86 -0.191373
29.87 -0.190552
29.88 -0.189688
29.89 -0.188781
29.90 -0.187833
29.91 -0.186845
29.92 -0.185817
29.93 -0.184751
29.94 -0.183643
29.95 -0.182494
29.96 -0.181304
29.97 -0.180074
29.98 -0.178805
29.99 -0.177498
30.00 -0.176153
30.01 -0.174771
30.02 -0.173353
30.03 -0.171902
30.04 -0.170417
30.05 -0.168899
30.06 -0.167350
30.07 -0.165771
30.08 -0.164164
30.09 -0.162531
30.10 -0.160875
30.11 -0.159196
30.12 -0.157497
30.13 -0.155777
30.14 -0.154036
30.15 -0.152275
30.16 -0.150492
30.17 -0.148689
30.18 -0.146865
30.19 -0.145021
30.20 -0.143158
30.21 -0.141275
30.22 -0.139373
30.23 -0.137451
30.24 -0.135508
30.25 -0.133543
30.26 -0.131554
30.27 -0.129540
30.28 -0.127500
30.29 -0.125432
30.30 -0.123336
30.31 -0.121213
30.32 -0.119065
30.33 -0.116893
30.34 -0.114699
30.35 -0.112484
30.36 -0.110247
30.37 -0.107989
30.38 -0.105710
30.39 -0.103410
30.40 -0.101086
30.41 -0.098741
30.42 -0.096377
30.43 -0.093995
30.44 -0.091599
30.45 -0.089190
30.46 -0.086768
30.47 -0.084335
30.48 -0.081891
30.49 -0.079432
30.50 -0.076957
30.51 -0.074463
30.52 -0.071949
30.53 -0.069413
30.54 -0.066856
30.55 -0.064278
30.56 -0.061678
30.57 -0.059058
30.58 -0.056418
30.59 -0.053760
30.60 -0.051083
30.61 -0.048391
30.62 -0.045685
30.63 -0.042968
30.64 -0.040240
30.65 -0.037502
30.66 -0.034756
30.67 -0.032002
30.68 -0.029241
30.69 -0.026473
30.70 -0.023700
30.71 -0.020921
30.72 -0.018136
30.73 -0.015346
30.74 -0.012550
30.75 -0.009749
30.76 -0.006943
30.77 -0.004133
30.78 -0.001319
30.79 0.001495
30.80 0.004309
30.81 0.007121
30.82 0.009927
30.83 0.012728
30.84 0.015522
30.85 0.018308
30.86 0.021084
30.87 0.023850
30.88 0.026609
30.89 0.029360
30.90 0.032105
30.91 0.034842
30.92 0.037573
30.93 0.040294
30.94 0.043005
30.95 0.045704
30.96 0.048390
30.97 0.051058
30.98 0.053708
30.99 0.056338
31.00 0.058944
31.01 0.061528
31.02 0.064088
31.03 0.066626
31.04 0.069143
31.05 0.071642
31.06 0.074124
31.07 0.076588
31.08 0.079034
31.09 0.081462
31.10 0.083871
31.11 0.086259
31.12 0.088626
31.13 0.090972
31.14 0.093296
31.15 0.095596
31.16 0.097874
31.17 0.100129
31.18 0.102361
31.19 0.104570
31.20 0.106756
31.21 0.108919
31.22 0.111061
31.23 0.113183
31.24 0.115287
31.25 0.117373
31.26 0.119442
31.27 0.121491
31.28 0.123520
31.29 0.125525
31.30 0.127505
31.31 0.129457
31.32 0.131380
31.33 0.133271
31.34 0.135128
31.35 0.136951
31.36 0.138741
31.37 0.140498
31.38 0.142222
31.39 0.143913
31.40 0.145572
31.41 0.147198
31.42 0.148789
31.43 0.150343
31.44 0.151858
31.45 0.153334
31.46 0.154770
31.47 0.156167
31.48 0.157527
31.49 0.158851
31.50 0.160141
31.51 0.161400
31.52 0.162630
31.53 0.163828
31.54 0.164995
31.55 0.166129
31.56 0.167230
31.57 0.168294
31.58 0.169320
31.59 0.170307
31.60 0.171254
31.61 0.172161
31.62 0.173028
31.63 0.173854
31.64 0.174642
31.65 0.175393
31.66 0.176108
31.67 0.176786
31.68 0.177430
31.69 0.178037
31.70 0.178610
31.71 0.179147
31.72 0.179649
31.73 0.180115
31.74 0.180548
31.75 0.180947
31.76 0.181313
31.77 0.181644
31.78 0.181942
31.79 0.182206
31.80 0.182435
31.81 0.182628
31.82 0.182783
31.83 0.182898
31.84 0.182969
31.85 0.182995
31.86 0.182974
31.87 0.182906
31.88 0.182790
31.89 0.182626
31.90 0.182414
31.91 0.182156
31.92 0.181855
31.93 0.181513
31.94 0.181132
31.95 0.180713
31.96 0.180256
31.97 0.179761
31.98 0.179229
31.99 0.178658
32.00 0.178048
32.01 0.177397
32.02 0.176705
32.03 0.175971
32.04 0.175192
32.05 0.174370
32.06 0.173503
32.07 0.172592
32.08 0.171637
32.09 0.170641
32.10 0.169606
32.11 0.168534
32.12 0.167426
32.13 0.166283
32.14 0.165108
32.15 0.163904
32.16 0.162674
32.17 0.161419
32.18 0.160141
32.19 0.158840
32.20 0.157514
32.21 0.156166
32.22 0.154794
32.23 0.153401
32.24 0.151986
32.25 0.150550
32.26 0.149093
32.27 0.147615
32.28 0.146115
32.29 0.144594
32.30 0.143052
32.31 0.141492
32.32 0.139911
32.33 0.138310
32.34 0.136688
32.35 0.135043
32.36 0.133376
32.37 0.131686
32.38 0.129972
32.39 0.128233
32.40 0.126466
32.41 0.124672
32.42 0.122850
32.43 0.121002
32.44 0.119129
32.45 0.117233
32.46 0.115315
32.47 0.113376
32.48 0.111417
32.49 0.109441
32.50 0.107449
32.51 0.105442
32.52 0.103422
32.53 0.101387
32.54 0.099337
32.55 0.097274
32.56 0.095198
32.57 0.093110
32.58 0.091008
32.59 0.088891
32.60 0.086759
32.61 0.084612
32.62 0.082451
32.63 0.080277
32.64 0.078093
32.65 0.075899
32.66 0.073698
32.67 0.071491
32.68 0.069281
32.69 0.067069
32.70 0.064858
32.71 0.062647
32.72 0.060437
32.73 0.058225
32.74 0.056011
32.75 0.053793
32.76 0.051570
32.77 0.049338
32.78 0.047097
32.79 0.044844
32.80 0.042578
32.81 0.040300
32.82 0.038008
32.83 0.035704
32.84 0.033390
32.85 0.031068
32.86 0.028740
32.87 0.026408
32.88 0.024075
32.89 0.021743
32.90 0.019414
32.91 0.017090
32.92 0.014773
32.93 0.012465
32.94 0.010167
32.95 0.007880
32.96 0.005605
32.97 0.003339
32.98 0.001081
32.99 -0.001173
33.00 -0.003426
33.01 -0.005682
33.02 -0.007943
33.03 -0.010212
33.04 -0.012490
33.05 -0.014775
33.06 -0.017066
33.07 -0.019359
33.08 -0.021653
33.09 -0.023944
33.10 -0.026229
33.11 -0.028506
33.12 -0.030773
33.13 -0.033031
33.14 -0.035280
33.15 -0.037523
33.16 -0.039759
33.17 -0.041991
33.18 -0.044221
33.19 -0.046450
33.20 -0.048680
33.21 -0.050912
33.22 -0.053146
33.23 -0.055380
33.24 -0.057611
33.25 -0.059834
33.26 -0.062043
33.27 -0.064232
33.28 -0.066400
33.29 -0.068543
33.30 -0.070657
33.31 -0.072743
33.32 -0.074798
33.33 -0.076822
33.34 -0.078817
33.35 -0.080783
33.36 -0.082720
33.37 -0.084629
33.38 -0.086508
33.39 -0.088357
33.40 -0.090175
33.41 -0.091961
33.42 -0.093714
33.43 -0.095435
33.44 -0.097124
33.45 -0.098781
33.46 -0.100406
33.47 -0.102000
33.48 -0.103566
33.49 -0.105103
33.50 -0.106613
33.51 -0.108096
33.52 -0.109551
33.53 -0.110978
33.54 -0.112375
33.55 -0.113742
33.56 -0.115075
33.57 -0.116373
33.58 -0.117637
33.59 -0.118866
33.60 -0.120059
33.61 -0.121218
33.62 -0.122343
33.63 -0.123436
33.64 -0.124498
33.65 -0.125528
33.66 -0.126526
33.67 -0.127492
33.68 -0.128423
33.69 -0.129319
33.70 -0.130176
33.71 -0.130992
33.72 -0.131765
33.73 -0.132497
33.74 -0.133185
33.75 -0.133831
33.76 -0.134434
33.77 -0.134995
33.78 -0.135516
33.79 -0.135998
33.80 -0.136443
33.81 -0.136852
33.82 -0.137223
33.83 -0.137559
33.84 -0.137859
33.85 -0.138123
33.86 -0.138351
33.87 -0.138543
33.88 -0.138698
33.89 -0.138819
33.90 -0.138903
33.91 -0.138953
33.92 -0.138967
33.93 -0.138946
33.94 -0.138890
33.95 -0.138797
33.96 -0.138668
33.97 -0.138503
33.98 -0.138301
33.99 -0.138063
34.00 -0.137787
34.01 -0.137472
34.02 -0.137120
34.03 -0.136729
34.04 -0.136303
34.05 -0.135843
34.06 -0.135351
34.07 -0.134831
34.08 -0.134283
34.09 -0.133709
34.10 -0.133108
34.11 -0.132477
34.12 -0.131816
34.13 -0.131121
34.14 -0.130393
34.15 -0.129629
34.16 -0.128831
34.17 -0.128000
34.18 -0.127137
34.19 -0.126244
34.20 -0.125321
34.21 -0.124369
34.22 -0.123388
34.23 -0.122378
34.24 -0.121338
34.25 -0.120269
34.26 -0.119170
34.27 -0.118042
34.28 -0.116886
34.29 -0.115704
34.30 -0.114500
34.31 -0.113276
34.32 -0.112035
34.33 -0.110777
34.34 -0.109501
34.35 -0.108207
34.36 -0.106890
34.37 -0.105551
34.38 -0.104187
34.39 -0.102797
34.40 -0.101379
34.41 -0.099931
34.42 -0.098453
34.43 -0.096945
34.44 -0.095410
34.45 -0.093846
34.46 -0.092255
34.47 -0.090636
34.48 -0.088988
34.49 -0.087311
34.50 -0.085605
34.51 -0.083868
34.52 -0.082101
34.53 -0.080306
34.54 -0.078481
34.55 -0.076628
34.56 -0.074744
34.57 -0.072830
34.58 -0.070887
34.59 -0.068912
34.60 -0.066907
34.61 -0.064870
34.62 -0.062798
34.63 -0.060694
34.64 -0.058556
34.65 -0.056388
34.66 -0.054192
34.67 -0.051970
34.68 -0.049724
34.69 -0.047458
34.70 -0.045172
34.71 -0.042868
34.72 -0.040550
34.73 -0.038217
34.74 -0.035871
34.75 -0.033512
34.76 -0.031143
34.77 -0.028766
34.78 -0.026382
34.79 -0.023991
34.80 -0.021592
34.81 -0.019187
34.82 -0.016776
34.83 -0.014360
34.84 -0.011939
34.85 -0.009513
34.86 -0.007082
34.87 -0.004646
34.88 -0.002207
34.89 0.000236
34.90 0.002681
34.91 0.005130
34.92 0.007579
34.93 0.010029
34.94 0.012475
34.95 0.014916
34.96 0.017352
34.97 0.019779
34.98 0.022197
34.99 0.024606
35.00 0.027008
35.01 0.029402
35.02 0.031788
35.03 0.034165
35.04 0.036531
35.05 0.038885
35.06 0.041228
35.07 0.043557
35.08 0.045874
35.09 0.048178
35.10 0.050469
35.11 0.052749
35.12 0.055018
35.13 0.057278
35.14 0.059529
35.15 0.061771
35.16 0.064003
35.17 0.066224
35.18 0.068432
35.19 0.070627
35.20 0.072806
35.21 0.074969
35.22 0.077114
35.23 0.079240
35.24 0.081344
35.25 0.083428
35.26 0.085490
35.27 0.087533
35.28 0.089557
35.29 0.091562
35.30 0.093550
35.31 0.095520
35.32 0.097471
35.33 0.099403
35.34 0.101314
35.35 0.103203
35.36 0.105069
35.37 0.106911
35.38 0.108728
35.39 0.110523
35.40 0.112295
35.41 0.114047
35.42 0.115778
35.43 0.117487
35.44 0.119175
35.45 0.120844
35.46 0.122492
35.47 0.124120
35.48 0.125728
35.49 0.127314
35.50 0.128878
35.51 0.130420
35.52 0.131939
35.53 0.133434
35.54 0.134904
35.55 0.136347
35.56 0.137764
35.57 0.139155
35.58 0.140521
35.59 0.141864
35.60 0.143187
35.61 0.144491
35.62 0.145776
35.63 0.147041
35.64 0.148286
35.65 0.149511
35.66 0.150716
35.67 0.151902
35.68 0.153067
35.69 0.154211
35.70 0.155334
35.71 0.156434
35.72 0.157511
35.73 0.158565
35.74 0.159597
35.75 0.160605
35.76 0.161590
35.77 0.162552
35.78 0.163490
35.79 0.164404
35.80 0.165292
35.81 0.166154
35.82 0.166987
35.83 0.167791
35.84 0.168565
35.85 0.169311
35.86 0.170026
35.87 0.170710
35.88 0.171362
35.89 0.171981
35.90 0.172566
35.91 0.173116
35.92 0.173632
35.93 0.174114
35.94 0.174562
35.95 0.174976
35.96 0.175355
35.97 0.175698
35.98 0.176004
35.99 0.176272
36.00 0.176501
36.01 0.176691
36.02 0.176840
36.03 0.176946
36.04 0.177010
36.05 0.177030
36.06 0.177007
36.07 0.176938
36.08 0.176823
36.09 0.176662
36.10 0.176456
36.11 0.176207
36.12 0.175915
36.13 0.175583
36.14 0.175210
36.15 0.174799
36.16 0.174349
36.17 0.173862
36.18 0.173338
36.19 0.172780
36.20 0.172188
36.21 0.171561
36.22 0.170899
36.23 0.170200
36.24 0.169464
36.25 0.168689
36.26 0.167875
36.27 0.167021
36.28 0.166126
36.29 0.165189
36.30 0.164211
36.31 0.163191
36.32 0.162129
36.33 0.161028
36.34 0.159887
36.35 0.158710
36.36 0.157496
36.37 0.156247
36.38 0.154961
36.39 0.153643
36.40 0.152293
36.41 0.150915
36.42 0.149510
36.43 0.148078
36.44 0.146622
36.45 0.145143
36.46 0.143638
36.47 0.142108
36.48 0.140553
36.49 0.138972
36.50 0.137366
36.51 0.135734
36.52 0.134075
36.53 0.132387
36.54 0.130670
36.55 0.128926
36.56 0.127155
36.57 0.125358
36.58 0.123535
36.59 0.121684
36.60 0.119807
36.61 0.117903
36.62 0.115973
36.63 0.114019
36.64 0.112043
36.65 0.110044
36.66 0.108025
36.67 0.105984
36.68 0.103921
36.69 0.101835
36.70 0.099724
36.71 0.097589
36.72 0.095429
36.73 0.093244
36.74 0.091034
36.75 0.088800
36.76 0.086540
36.77 0.084255
36.78 0.081946
36.79 0.079613
36.80 0.077258
36.81 0.074881
36.82 0.072481
36.83 0.070060
36.84 0.067619
36.85 0.065160
36.86 0.062683
36.87 0.060189
36.88 0.057678
36.89 0.055150
36.90 0.052606
36.91 0.050045
36.92 0.047467
36.93 0.044872
36.94 0.042260
36.95 0.039631
36.96 0.036983
36.97 0.034317
36.98 0.031633
36.99 0.028933
37.00 0.026219
37.01 0.023495
37.02 0.020762
37.03 0.018022
37.04 0.015275
37.05 0.012523
37.06 0.009767
37.07 0.007008
37.08 0.004247
37.09 0.001485
37.10 -0.001278
37.11 -0.004044
37.12 -0.006811
37.13 -0.009579
37.14 -0.012346
37.15 -0.015111
37.16 -0.017871
37.17 -0.020627
37.18 -0.023378
37.19 -0.026122
37.20 -0.028856
37.21 -0.031580
37.22 -0.034291
37.23 -0.036987
37.24 -0.039667
37.25 -0.042328
37.26 -0.044970
37.27 -0.047591
37.28 -0.050190
37.29 -0.052767
37.30 -0.055323
37.31 -0.057858
37.32 -0.060372
37.33 -0.062864
37.34 -0.065335
37.35 -0.067783
37.36 -0.070209
37.37 -0.072613
37.38 -0.074998
37.39 -0.077362
37.40 -0.079705
37.41 -0.082025
37.42 -0.084321
37.43 -0.086593
37.44 -0.088839
37.45 -0.091059
37.46 -0.093253
37.47 -0.095421
37.48 -0.097563
37.49 -0.099679
37.50 -0.101772
37.51 -0.103841
37.52 -0.105887
37.53 -0.107907
37.54 -0.109903
37.55 -0.111873
37.56 -0.113819
37.57 -0.115741
37.58 -0.117638
37.59 -0.119510
37.60 -0.121359
37.61 -0.123184
37.62 -0.124987
37.63 -0.126768
37.64 -0.128529
37.65 -0.130268
37.66 -0.131988
37.67 -0.133686
37.68 -0.135362
37.69 -0.137012
37.70 -0.138636
37.71 -0.140231
37.72 -0.141796
37.73 -0.143332
37.74 -0.144837
37.75 -0.146312
37.76 -0.147757
37.77 -0.149172
37.78 -0.150558
37.79 -0.151914
37.80 -0.153240
37.81 -0.154537
37.82 -0.155803
37.83 -0.157037
37.84 -0.158237
37.85 -0.159404
37.86 -0.160539
37.87 -0.161640
37.88 -0.162710
37.89 -0.163748
37.90 -0.164754
37.91 -0.165730
37.92 -0.166675
37.93 -0.167590
37.94 -0.168476
37.95 -0.169331
37.96 -0.170155
37.97 -0.170948
37.98 -0.171711
37.99 -0.172444
38.00 -0.173145
38.01 -0.173814
38.02 -0.174450
38.03 -0.175054
38.04 -0.175625
38.05 -0.176164
38.06 -0.176670
38.07 -0.177144
38.08 -0.177587
38.09 -0.178000
38.10 -0.178384
38.11 -0.178739
38.12 -0.179066
38.13 -0.179365
38.14 -0.179633
38.15 -0.179870
38.16 -0.180073
38.17 -0.180242
38.18 -0.180378
38.19 -0.180478
38.20 -0.180542
38.21 -0.180570
38.22 -0.180562
38.23 -0.180520
38.24 -0.180443
38.25 -0.180333
38.26 -0.180189
38.27 -0.180012
38.28 -0.179802
38.29 -0.179559
38.30 -0.179283
38.31 -0.178972
38.32 -0.178627
38.33 -0.178248
38.34 -0.177835
38.35 -0.177388
38.36 -0.176908
38.37 -0.176396
38.38 -0.175854
38.39 -0.175280
38.40 -0.174677
38.41 -0.174043
38.42 -0.173377
38.43 -0.172679
38.44 -0.171949
38.45 -0.171186
38.46 -0.170390
38.47 -0.169560
38.48 -0.168697
38.49 -0.167800
38.50 -0.166868
38.51 -0.165901
38.52 -0.164901
38.53 -0.163868
38.54 -0.162803
38.55 -0.161705
38.56 -0.160575
38.57 -0.159412
38.58 -0.158218
38.59 -0.156990
38.60 -0.155729
38.61 -0.154433
38.62 -0.153103
38.63 -0.151740
38.64 -0.150344
38.65 -0.148915
38.66 -0.147455
38.67 -0.145964
38.68 -0.144443
38.69 -0.142893
38.70 -0.141314
38.71 -0.139708
38.72 -0.138075
38.73 -0.136416
38.74 -0.134731
38.75 -0.133018
38.76 -0.131278
38.77 -0.129513
38.78 -0.127722
38.79 -0.125907
38.80 -0.124067
38.81 -0.122203
38.82 -0.120315
38.83 -0.118404
38.84 -0.116469
38.85 -0.114511
38.86 -0.112530
38.87 -0.110524
38.88 -0.108496
38.89 -0.106445
38.90 -0.104372
38.91 -0.102278
38.92 -0.100163
38.93 -0.098030
38.94 -0.095879
38.95 -0.093712
38.96 -0.091530
38.97 -0.089334
38.98 -0.087124
38.99 -0.084900
39.00 -0.082664
39.01 -0.080415
39.02 -0.078155
39.03 -0.075885
39.04 -0.073604
39.05 -0.071313
39.06 -0.069012
39.07 -0.066701
39.08 -0.064381
39.09 -0.062052
39.10 -0.059713
39.11 -0.057367
39.12 -0.055011
39.13 -0.052648
39.14 -0.050276
39.15 -0.047897
39.16 -0.045510
39.17 -0.043116
39.18 -0.040716
39.19 -0.038311
39.20 -0.035903
39.21 -0.033491
39.22 -0.031078
39.23 -0.028664
39.24 -0.026251
39.25 -0.023839
39.26 -0.021427
39.27 -0.019017
39.28 -0.016608
39.29 -0.014203
39.30 -0.011800
39.31 -0.009402
39.32 -0.007008
39.33 -0.004620
39.34 -0.002238
39.35 0.000137
39.36 0.002505
39.37 0.004866
39.38 0.007219
39.39 0.009563
39.40 0.011898
39.41 0.014224
39.42 0.016539
39.43 0.018844
39.44 0.021136
39.45 0.023416
39.46 0.025682
39.47 0.027934
39.48 0.030172
39.49 0.032396
39.50 0.034604
39.51 0.036798
39.52 0.038977
39.53 0.041139
39.54 0.043286
39.55 0.045417
39.56 0.047531
39.57 0.049628
39.58 0.051709
39.59 0.053772
39.60 0.055817
39.61 0.057843
39.62 0.059851
39.63 0.061840
39.64 0.063810
39.65 0.065760
39.66 0.067689
39.67 0.069597
39.68 0.071484
39.69 0.073349
39.70 0.075191
39.71 0.077010
39.72 0.078806
39.73 0.080577
39.74 0.082325
39.75 0.084048
39.76 0.085747
39.77 0.087420
39.78 0.089069
39.79 0.090692
39.80 0.092290
39.81 0.093863
39.82 0.095409
39.83 0.096928
39.84 0.098422
39.85 0.099888
39.86 0.101326
39.87 0.102737
39.88 0.104119
39.89 0.105472
39.90 0.106797
39.91 0.108092
39.92 0.109358
39.93 0.110594
39.94 0.111800
39.95 0.112975
39.96 0.114121
39.97 0.115235
39.98 0.116319
39.99 0.117372
40.00 0.118394
