# ®É¶¡ (s)    ¦ì²¾ (m)
0.00 0.000000
0.01 0.000000
0.02 -0.000000
0.03 -0.000000
0.04 -0.000000
0.05 -0.000000
0.06 -0.000000
0.07 -0.000000
0.08 -0.000000
0.09 -0.000000
0.10 -0.000000
0.11 -0.000000
0.12 -0.000000
0.13 -0.000000
0.14 -0.000000
0.15 -0.000000
0.16 -0.000000
0.17 -0.000000
0.18 -0.000000
0.19 -0.000000
0.20 -0.000000
0.21 -0.000000
0.22 -0.000000
0.23 -0.000000
0.24 -0.000001
0.25 -0.000001
0.26 -0.000001
0.27 -0.000001
0.28 -0.000001
0.29 -0.000001
0.30 -0.000001
0.31 -0.000001
0.32 -0.000002
0.33 -0.000002
0.34 -0.000002
0.35 -0.000002
0.36 -0.000003
0.37 -0.000003
0.38 -0.000003
0.39 -0.000004
0.40 -0.000004
0.41 -0.000004
0.42 -0.000005
0.43 -0.000005
0.44 -0.000006
0.45 -0.000006
0.46 -0.000007
0.47 -0.000008
0.48 -0.000008
0.49 -0.000009
0.50 -0.000010
0.51 -0.000011
0.52 -0.000012
0.53 -0.000012
0.54 -0.000013
0.55 -0.000014
0.56 -0.000015
0.57 -0.000017
0.58 -0.000018
0.59 -0.000019
0.60 -0.000020
0.61 -0.000022
0.62 -0.000023
0.63 -0.000025
0.64 -0.000026
0.65 -0.000028
0.66 -0.000029
0.67 -0.000031
0.68 -0.000033
0.69 -0.000035
0.70 -0.000037
0.71 -0.000039
0.72 -0.000041
0.73 -0.000043
0.74 -0.000046
0.75 -0.000048
0.76 -0.000051
0.77 -0.000053
0.78 -0.000056
0.79 -0.000059
0.80 -0.000062
0.81 -0.000065
0.82 -0.000068
0.83 -0.000071
0.84 -0.000074
0.85 -0.000078
0.86 -0.000081
0.87 -0.000085
0.88 -0.000088
0.89 -0.000092
0.90 -0.000096
0.91 -0.000100
0.92 -0.000104
0.93 -0.000109
0.94 -0.000113
0.95 -0.000118
0.96 -0.000122
0.97 -0.000127
0.98 -0.000132
0.99 -0.000137
1.00 -0.000142
1.01 -0.000148
1.02 -0.000153
1.03 -0.000158
1.04 -0.000164
1.05 -0.000170
1.06 -0.000176
1.07 -0.000182
1.08 -0.000188
1.09 -0.000195
1.10 -0.000201
1.11 -0.000208
1.12 -0.000215
1.13 -0.000221
1.14 -0.000229
1.15 -0.000236
1.16 -0.000243
1.17 -0.000251
1.18 -0.000258
1.19 -0.000266
1.20 -0.000274
1.21 -0.000282
1.22 -0.000290
1.23 -0.000299
1.24 -0.000307
1.25 -0.000316
1.26 -0.000325
1.27 -0.000334
1.28 -0.000343
1.29 -0.000352
1.30 -0.000362
1.31 -0.000372
1.32 -0.000381
1.33 -0.000391
1.34 -0.000401
1.35 -0.000412
1.36 -0.000422
1.37 -0.000433
1.38 -0.000443
1.39 -0.000454
1.40 -0.000465
1.41 -0.000476
1.42 -0.000488
1.43 -0.000499
1.44 -0.000511
1.45 -0.000523
1.46 -0.000535
1.47 -0.000547
1.48 -0.000559
1.49 -0.000571
1.50 -0.000584
1.51 -0.000596
1.52 -0.000609
1.53 -0.000622
1.54 -0.000635
1.55 -0.000648
1.56 -0.000662
1.57 -0.000675
1.58 -0.000689
1.59 -0.000703
1.60 -0.000717
1.61 -0.000731
1.62 -0.000745
1.63 -0.000759
1.64 -0.000774
1.65 -0.000788
1.66 -0.000803
1.67 -0.000818
1.68 -0.000832
1.69 -0.000847
1.70 -0.000863
1.71 -0.000878
1.72 -0.000893
1.73 -0.000909
1.74 -0.000924
1.75 -0.000940
1.76 -0.000956
1.77 -0.000972
1.78 -0.000988
1.79 -0.001004
1.80 -0.001020
1.81 -0.001036
1.82 -0.001052
1.83 -0.001069
1.84 -0.001085
1.85 -0.001102
1.86 -0.001118
1.87 -0.001135
1.88 -0.001152
1.89 -0.001168
1.90 -0.001185
1.91 -0.001202
1.92 -0.001219
1.93 -0.001236
1.94 -0.001253
1.95 -0.001270
1.96 -0.001287
1.97 -0.001304
1.98 -0.001322
1.99 -0.001339
2.00 -0.001356
2.01 -0.001373
2.02 -0.001390
2.03 -0.001408
2.04 -0.001425
2.05 -0.001442
2.06 -0.001459
2.07 -0.001476
2.08 -0.001494
2.09 -0.001511
2.10 -0.001528
2.11 -0.001545
2.12 -0.001562
2.13 -0.001579
2.14 -0.001596
2.15 -0.001613
2.16 -0.001630
2.17 -0.001646
2.18 -0.001663
2.19 -0.001680
2.20 -0.001696
2.21 -0.001713
2.22 -0.001729
2.23 -0.001746
2.24 -0.001762
2.25 -0.001778
2.26 -0.001794
2.27 -0.001810
2.28 -0.001825
2.29 -0.001841
2.30 -0.001857
2.31 -0.001872
2.32 -0.001887
2.33 -0.001902
2.34 -0.001917
2.35 -0.001932
2.36 -0.001946
2.37 -0.001961
2.38 -0.001975
2.39 -0.001989
2.40 -0.002003
2.41 -0.002016
2.42 -0.002030
2.43 -0.002043
2.44 -0.002056
2.45 -0.002069
2.46 -0.002081
2.47 -0.002094
2.48 -0.002106
2.49 -0.002118
2.50 -0.002129
2.51 -0.002140
2.52 -0.002151
2.53 -0.002162
2.54 -0.002173
2.55 -0.002183
2.56 -0.002193
2.57 -0.002202
2.58 -0.002212
2.59 -0.002220
2.60 -0.002229
2.61 -0.002237
2.62 -0.002245
2.63 -0.002253
2.64 -0.002260
2.65 -0.002267
2.66 -0.002274
2.67 -0.002280
2.68 -0.002286
2.69 -0.002291
2.70 -0.002296
2.71 -0.002301
2.72 -0.002305
2.73 -0.002309
2.74 -0.002313
2.75 -0.002316
2.76 -0.002318
2.77 -0.002320
2.78 -0.002322
2.79 -0.002323
2.80 -0.002324
2.81 -0.002324
2.82 -0.002324
2.83 -0.002324
2.84 -0.002322
2.85 -0.002321
2.86 -0.002319
2.87 -0.002316
2.88 -0.002313
2.89 -0.002309
2.90 -0.002305
2.91 -0.002300
2.92 -0.002295
2.93 -0.002289
2.94 -0.002282
2.95 -0.002275
2.96 -0.002268
2.97 -0.002260
2.98 -0.002251
2.99 -0.002241
3.00 -0.002231
3.01 -0.002220
3.02 -0.002209
3.03 -0.002197
3.04 -0.002184
3.05 -0.002171
3.06 -0.002156
3.07 -0.002141
3.08 -0.002126
3.09 -0.002110
3.10 -0.002093
3.11 -0.002075
3.12 -0.002056
3.13 -0.002037
3.14 -0.002017
3.15 -0.001996
3.16 -0.001974
3.17 -0.001951
3.18 -0.001928
3.19 -0.001904
3.20 -0.001879
3.21 -0.001853
3.22 -0.001826
3.23 -0.001798
3.24 -0.001769
3.25 -0.001740
3.26 -0.001709
3.27 -0.001678
3.28 -0.001645
3.29 -0.001612
3.30 -0.001577
3.31 -0.001542
3.32 -0.001505
3.33 -0.001468
3.34 -0.001429
3.35 -0.001389
3.36 -0.001349
3.37 -0.001307
3.38 -0.001264
3.39 -0.001220
3.40 -0.001174
3.41 -0.001128
3.42 -0.001080
3.43 -0.001032
3.44 -0.000982
3.45 -0.000931
3.46 -0.000878
3.47 -0.000825
3.48 -0.000770
3.49 -0.000714
3.50 -0.000657
3.51 -0.000598
3.52 -0.000538
3.53 -0.000477
3.54 -0.000414
3.55 -0.000350
3.56 -0.000284
3.57 -0.000218
3.58 -0.000149
3.59 -0.000080
3.60 -0.000009
3.61 0.000064
3.62 0.000138
3.63 0.000213
3.64 0.000290
3.65 0.000368
3.66 0.000448
3.67 0.000529
3.68 0.000612
3.69 0.000696
3.70 0.000782
3.71 0.000870
3.72 0.000959
3.73 0.001049
3.74 0.001142
3.75 0.001235
3.76 0.001331
3.77 0.001428
3.78 0.001526
3.79 0.001627
3.80 0.001728
3.81 0.001832
3.82 0.001937
3.83 0.002044
3.84 0.002152
3.85 0.002263
3.86 0.002375
3.87 0.002488
3.88 0.002603
3.89 0.002720
3.90 0.002839
3.91 0.002959
3.92 0.003081
3.93 0.003205
3.94 0.003331
3.95 0.003458
3.96 0.003587
3.97 0.003717
3.98 0.003849
3.99 0.003983
4.00 0.004119
4.01 0.004256
4.02 0.004396
4.03 0.004536
4.04 0.004679
4.05 0.004823
4.06 0.004969
4.07 0.005117
4.08 0.005266
4.09 0.005418
4.10 0.005571
4.11 0.005725
4.12 0.005881
4.13 0.006040
4.14 0.006199
4.15 0.006361
4.16 0.006524
4.17 0.006689
4.18 0.006855
4.19 0.007023
4.20 0.007193
4.21 0.007364
4.22 0.007538
4.23 0.007712
4.24 0.007889
4.25 0.008066
4.26 0.008246
4.27 0.008427
4.28 0.008610
4.29 0.008794
4.30 0.008980
4.31 0.009168
4.32 0.009357
4.33 0.009548
4.34 0.009740
4.35 0.009933
4.36 0.010129
4.37 0.010325
4.38 0.010524
4.39 0.010723
4.40 0.010924
4.41 0.011127
4.42 0.011330
4.43 0.011535
4.44 0.011742
4.45 0.011950
4.46 0.012159
4.47 0.012369
4.48 0.012581
4.49 0.012794
4.50 0.013008
4.51 0.013224
4.52 0.013440
4.53 0.013658
4.54 0.013877
4.55 0.014097
4.56 0.014317
4.57 0.014539
4.58 0.014762
4.59 0.014985
4.60 0.015210
4.61 0.015435
4.62 0.015661
4.63 0.015887
4.64 0.016115
4.65 0.016343
4.66 0.016572
4.67 0.016801
4.68 0.017031
4.69 0.017262
4.70 0.017494
4.71 0.017726
4.72 0.017959
4.73 0.018192
4.74 0.018426
4.75 0.018660
4.76 0.018895
4.77 0.019130
4.78 0.019365
4.79 0.019600
4.80 0.019835
4.81 0.020070
4.82 0.020304
4.83 0.020539
4.84 0.020773
4.85 0.021006
4.86 0.021239
4.87 0.021471
4.88 0.021702
4.89 0.021932
4.90 0.022161
4.91 0.022389
4.92 0.022615
4.93 0.022839
4.94 0.023062
4.95 0.023283
4.96 0.023501
4.97 0.023718
4.98 0.023933
4.99 0.024145
5.00 0.024355
5.01 0.024562
5.02 0.024766
5.03 0.024967
5.04 0.025166
5.05 0.025360
5.06 0.025552
5.07 0.025740
5.08 0.025924
5.09 0.026105
5.10 0.026281
5.11 0.026453
5.12 0.026622
5.13 0.026785
5.14 0.026945
5.15 0.027099
5.16 0.027249
5.17 0.027395
5.18 0.027535
5.19 0.027671
5.20 0.027801
5.21 0.027927
5.22 0.028047
5.23 0.028162
5.24 0.028272
5.25 0.028377
5.26 0.028476
5.27 0.028569
5.28 0.028657
5.29 0.028740
5.30 0.028816
5.31 0.028887
5.32 0.028952
5.33 0.029010
5.34 0.029063
5.35 0.029109
5.36 0.029149
5.37 0.029183
5.38 0.029210
5.39 0.029231
5.40 0.029244
5.41 0.029251
5.42 0.029252
5.43 0.029245
5.44 0.029232
5.45 0.029212
5.46 0.029184
5.47 0.029150
5.48 0.029108
5.49 0.029060
5.50 0.029004
5.51 0.028940
5.52 0.028870
5.53 0.028792
5.54 0.028707
5.55 0.028614
5.56 0.028514
5.57 0.028407
5.58 0.028292
5.59 0.028170
5.60 0.028040
5.61 0.027903
5.62 0.027759
5.63 0.027607
5.64 0.027448
5.65 0.027282
5.66 0.027108
5.67 0.026927
5.68 0.026739
5.69 0.026544
5.70 0.026341
5.71 0.026132
5.72 0.025916
5.73 0.025693
5.74 0.025464
5.75 0.025227
5.76 0.024985
5.77 0.024736
5.78 0.024481
5.79 0.024220
5.80 0.023953
5.81 0.023680
5.82 0.023402
5.83 0.023118
5.84 0.022829
5.85 0.022535
5.86 0.022236
5.87 0.021932
5.88 0.021623
5.89 0.021311
5.90 0.020994
5.91 0.020673
5.92 0.020349
5.93 0.020022
5.94 0.019691
5.95 0.019358
5.96 0.019023
5.97 0.018685
5.98 0.018345
5.99 0.018004
6.00 0.017662
6.01 0.017318
6.02 0.016974
6.03 0.016628
6.04 0.016283
6.05 0.015937
6.06 0.015591
6.07 0.015245
6.08 0.014900
6.09 0.014555
6.10 0.014210
6.11 0.013866
6.12 0.013523
6.13 0.013181
6.14 0.012840
6.15 0.012500
6.16 0.012161
6.17 0.011824
6.18 0.011489
6.19 0.011155
6.20 0.010823
6.21 0.010494
6.22 0.010166
6.23 0.009841
6.24 0.009519
6.25 0.009199
6.26 0.008883
6.27 0.008570
6.28 0.008260
6.29 0.007953
6.30 0.007650
6.31 0.007351
6.32 0.007057
6.33 0.006766
6.34 0.006479
6.35 0.006197
6.36 0.005919
6.37 0.005646
6.38 0.005377
6.39 0.005113
6.40 0.004853
6.41 0.004599
6.42 0.004349
6.43 0.004105
6.44 0.003865
6.45 0.003630
6.46 0.003401
6.47 0.003176
6.48 0.002957
6.49 0.002743
6.50 0.002534
6.51 0.002331
6.52 0.002134
6.53 0.001942
6.54 0.001755
6.55 0.001575
6.56 0.001400
6.57 0.001231
6.58 0.001068
6.59 0.000910
6.60 0.000759
6.61 0.000614
6.62 0.000474
6.63 0.000341
6.64 0.000213
6.65 0.000092
6.66 -0.000024
6.67 -0.000133
6.68 -0.000236
6.69 -0.000333
6.70 -0.000424
6.71 -0.000509
6.72 -0.000587
6.73 -0.000660
6.74 -0.000726
6.75 -0.000786
6.76 -0.000840
6.77 -0.000888
6.78 -0.000930
6.79 -0.000966
6.80 -0.000997
6.81 -0.001022
6.82 -0.001041
6.83 -0.001055
6.84 -0.001063
6.85 -0.001066
6.86 -0.001065
6.87 -0.001058
6.88 -0.001047
6.89 -0.001032
6.90 -0.001012
6.91 -0.000988
6.92 -0.000961
6.93 -0.000929
6.94 -0.000895
6.95 -0.000857
6.96 -0.000817
6.97 -0.000774
6.98 -0.000729
6.99 -0.000682
7.00 -0.000633
7.01 -0.000583
7.02 -0.000533
7.03 -0.000481
7.04 -0.000430
7.05 -0.000379
7.06 -0.000328
7.07 -0.000278
7.08 -0.000230
7.09 -0.000182
7.10 -0.000136
7.11 -0.000092
7.12 -0.000049
7.13 -0.000009
7.14 0.000030
7.15 0.000067
7.16 0.000101
7.17 0.000134
7.18 0.000165
7.19 0.000194
7.20 0.000220
7.21 0.000245
7.22 0.000268
7.23 0.000289
7.24 0.000308
7.25 0.000324
7.26 0.000339
7.27 0.000351
7.28 0.000361
7.29 0.000369
7.30 0.000375
7.31 0.000378
7.32 0.000379
7.33 0.000378
7.34 0.000373
7.35 0.000366
7.36 0.000357
7.37 0.000344
7.38 0.000328
7.39 0.000308
7.40 0.000285
7.41 0.000259
7.42 0.000228
7.43 0.000193
7.44 0.000154
7.45 0.000111
7.46 0.000063
7.47 0.000009
7.48 -0.000050
7.49 -0.000114
7.50 -0.000184
7.51 -0.000260
7.52 -0.000343
7.53 -0.000432
7.54 -0.000529
7.55 -0.000632
7.56 -0.000743
7.57 -0.000862
7.58 -0.000988
7.59 -0.001122
7.60 -0.001265
7.61 -0.001416
7.62 -0.001575
7.63 -0.001743
7.64 -0.001920
7.65 -0.002105
7.66 -0.002299
7.67 -0.002502
7.68 -0.002714
7.69 -0.002935
7.70 -0.003165
7.71 -0.003403
7.72 -0.003651
7.73 -0.003908
7.74 -0.004174
7.75 -0.004449
7.76 -0.004733
7.77 -0.005026
7.78 -0.005328
7.79 -0.005640
7.80 -0.005960
7.81 -0.006290
7.82 -0.006630
7.83 -0.006978
7.84 -0.007336
7.85 -0.007703
7.86 -0.008080
7.87 -0.008466
7.88 -0.008862
7.89 -0.009267
7.90 -0.009682
7.91 -0.010106
7.92 -0.010539
7.93 -0.010982
7.94 -0.011434
7.95 -0.011895
7.96 -0.012365
7.97 -0.012844
7.98 -0.013331
7.99 -0.013827
8.00 -0.014331
8.01 -0.014843
8.02 -0.015363
8.03 -0.015890
8.04 -0.016424
8.05 -0.016965
8.06 -0.017512
8.07 -0.018065
8.08 -0.018625
8.09 -0.019189
8.10 -0.019759
8.11 -0.020334
8.12 -0.020914
8.13 -0.021498
8.14 -0.022086
8.15 -0.022678
8.16 -0.023274
8.17 -0.023874
8.18 -0.024477
8.19 -0.025084
8.20 -0.025694
8.21 -0.026307
8.22 -0.026923
8.23 -0.027543
8.24 -0.028165
8.25 -0.028790
8.26 -0.029419
8.27 -0.030050
8.28 -0.030685
8.29 -0.031322
8.30 -0.031963
8.31 -0.032607
8.32 -0.033255
8.33 -0.033906
8.34 -0.034562
8.35 -0.035220
8.36 -0.035883
8.37 -0.036550
8.38 -0.037222
8.39 -0.037897
8.40 -0.038577
8.41 -0.039261
8.42 -0.039949
8.43 -0.040642
8.44 -0.041340
8.45 -0.042041
8.46 -0.042747
8.47 -0.043457
8.48 -0.044172
8.49 -0.044890
8.50 -0.045612
8.51 -0.046338
8.52 -0.047068
8.53 -0.047801
8.54 -0.048537
8.55 -0.049277
8.56 -0.050019
8.57 -0.050763
8.58 -0.051510
8.59 -0.052259
8.60 -0.053010
8.61 -0.053762
8.62 -0.054515
8.63 -0.055269
8.64 -0.056023
8.65 -0.056778
8.66 -0.057532
8.67 -0.058286
8.68 -0.059040
8.69 -0.059793
8.70 -0.060544
8.71 -0.061294
8.72 -0.062043
8.73 -0.062789
8.74 -0.063534
8.75 -0.064277
8.76 -0.065017
8.77 -0.065755
8.78 -0.066491
8.79 -0.067223
8.80 -0.067954
8.81 -0.068681
8.82 -0.069405
8.83 -0.070127
8.84 -0.070845
8.85 -0.071561
8.86 -0.072272
8.87 -0.072981
8.88 -0.073686
8.89 -0.074387
8.90 -0.075085
8.91 -0.075779
8.92 -0.076469
8.93 -0.077156
8.94 -0.077838
8.95 -0.078516
8.96 -0.079191
8.97 -0.079861
8.98 -0.080527
8.99 -0.081189
9.00 -0.081846
9.01 -0.082499
9.02 -0.083148
9.03 -0.083792
9.04 -0.084431
9.05 -0.085066
9.06 -0.085697
9.07 -0.086323
9.08 -0.086944
9.09 -0.087561
9.10 -0.088174
9.11 -0.088781
9.12 -0.089384
9.13 -0.089983
9.14 -0.090576
9.15 -0.091165
9.16 -0.091749
9.17 -0.092328
9.18 -0.092902
9.19 -0.093471
9.20 -0.094034
9.21 -0.094592
9.22 -0.095144
9.23 -0.095690
9.24 -0.096231
9.25 -0.096765
9.26 -0.097293
9.27 -0.097815
9.28 -0.098330
9.29 -0.098839
9.30 -0.099341
9.31 -0.099836
9.32 -0.100324
9.33 -0.100804
9.34 -0.101278
9.35 -0.101743
9.36 -0.102201
9.37 -0.102650
9.38 -0.103091
9.39 -0.103524
9.40 -0.103947
9.41 -0.104361
9.42 -0.104764
9.43 -0.105158
9.44 -0.105542
9.45 -0.105914
9.46 -0.106275
9.47 -0.106625
9.48 -0.106963
9.49 -0.107289
9.50 -0.107603
9.51 -0.107903
9.52 -0.108191
9.53 -0.108466
9.54 -0.108727
9.55 -0.108974
9.56 -0.109208
9.57 -0.109428
9.58 -0.109634
9.59 -0.109826
9.60 -0.110004
9.61 -0.110168
9.62 -0.110317
9.63 -0.110453
9.64 -0.110574
9.65 -0.110680
9.66 -0.110773
9.67 -0.110851
9.68 -0.110915
9.69 -0.110965
9.70 -0.111000
9.71 -0.111021
9.72 -0.111027
9.73 -0.111020
9.74 -0.110997
9.75 -0.110961
9.76 -0.110910
9.77 -0.110844
9.78 -0.110763
9.79 -0.110668
9.80 -0.110558
9.81 -0.110434
9.82 -0.110294
9.83 -0.110139
9.84 -0.109970
9.85 -0.109785
9.86 -0.109585
9.87 -0.109370
9.88 -0.109139
9.89 -0.108893
9.90 -0.108632
9.91 -0.108354
9.92 -0.108061
9.93 -0.107753
9.94 -0.107428
9.95 -0.107087
9.96 -0.106730
9.97 -0.106356
9.98 -0.105966
9.99 -0.105560
10.00 -0.105138
10.01 -0.104698
10.02 -0.104243
10.03 -0.103770
10.04 -0.103281
10.05 -0.102776
10.06 -0.102254
10.07 -0.101715
10.08 -0.101160
10.09 -0.100588
10.10 -0.100000
10.11 -0.099395
10.12 -0.098773
10.13 -0.098135
10.14 -0.097480
10.15 -0.096810
10.16 -0.096123
10.17 -0.095420
10.18 -0.094701
10.19 -0.093966
10.20 -0.093216
10.21 -0.092450
10.22 -0.091670
10.23 -0.090875
10.24 -0.090065
10.25 -0.089242
10.26 -0.088404
10.27 -0.087552
10.28 -0.086686
10.29 -0.085807
10.30 -0.084915
10.31 -0.084009
10.32 -0.083090
10.33 -0.082158
10.34 -0.081213
10.35 -0.080255
10.36 -0.079285
10.37 -0.078302
10.38 -0.077306
10.39 -0.076299
10.40 -0.075278
10.41 -0.074246
10.42 -0.073202
10.43 -0.072146
10.44 -0.071078
10.45 -0.070000
10.46 -0.068909
10.47 -0.067808
10.48 -0.066696
10.49 -0.065574
10.50 -0.064441
10.51 -0.063298
10.52 -0.062145
10.53 -0.060982
10.54 -0.059810
10.55 -0.058628
10.56 -0.057438
10.57 -0.056238
10.58 -0.055030
10.59 -0.053813
10.60 -0.052588
10.61 -0.051354
10.62 -0.050112
10.63 -0.048863
10.64 -0.047605
10.65 -0.046340
10.66 -0.045067
10.67 -0.043787
10.68 -0.042500
10.69 -0.041205
10.70 -0.039904
10.71 -0.038595
10.72 -0.037280
10.73 -0.035959
10.74 -0.034631
10.75 -0.033297
10.76 -0.031957
10.77 -0.030611
10.78 -0.029258
10.79 -0.027900
10.80 -0.026536
10.81 -0.025166
10.82 -0.023790
10.83 -0.022408
10.84 -0.021021
10.85 -0.019627
10.86 -0.018228
10.87 -0.016822
10.88 -0.015411
10.89 -0.013993
10.90 -0.012570
10.91 -0.011140
10.92 -0.009704
10.93 -0.008262
10.94 -0.006814
10.95 -0.005359
10.96 -0.003899
10.97 -0.002432
10.98 -0.000959
10.99 0.000520
11.00 0.002005
11.01 0.003497
11.02 0.004994
11.03 0.006498
11.04 0.008007
11.05 0.009523
11.06 0.011044
11.07 0.012571
11.08 0.014104
11.09 0.015642
11.10 0.017186
11.11 0.018735
11.12 0.020288
11.13 0.021847
11.14 0.023410
11.15 0.024977
11.16 0.026549
11.17 0.028124
11.18 0.029703
11.19 0.031286
11.20 0.032871
11.21 0.034460
11.22 0.036051
11.23 0.037644
11.24 0.039239
11.25 0.040836
11.26 0.042434
11.27 0.044034
11.28 0.045634
11.29 0.047235
11.30 0.048837
11.31 0.050438
11.32 0.052040
11.33 0.053641
11.34 0.055242
11.35 0.056842
11.36 0.058441
11.37 0.060039
11.38 0.061637
11.39 0.063233
11.40 0.064828
11.41 0.066421
11.42 0.068013
11.43 0.069604
11.44 0.071192
11.45 0.072779
11.46 0.074363
11.47 0.075946
11.48 0.077526
11.49 0.079104
11.50 0.080680
11.51 0.082253
11.52 0.083823
11.53 0.085390
11.54 0.086955
11.55 0.088516
11.56 0.090074
11.57 0.091629
11.58 0.093180
11.59 0.094728
11.60 0.096271
11.61 0.097811
11.62 0.099346
11.63 0.100877
11.64 0.102404
11.65 0.103926
11.66 0.105443
11.67 0.106956
11.68 0.108463
11.69 0.109965
11.70 0.111462
11.71 0.112953
11.72 0.114438
11.73 0.115917
11.74 0.117390
11.75 0.118857
11.76 0.120317
11.77 0.121770
11.78 0.123216
11.79 0.124655
11.80 0.126086
11.81 0.127509
11.82 0.128923
11.83 0.130329
11.84 0.131726
11.85 0.133114
11.86 0.134493
11.87 0.135861
11.88 0.137219
11.89 0.138566
11.90 0.139903
11.91 0.141228
11.92 0.142541
11.93 0.143842
11.94 0.145130
11.95 0.146406
11.96 0.147668
11.97 0.148916
11.98 0.150151
11.99 0.151370
12.00 0.152575
12.01 0.153765
12.02 0.154939
12.03 0.156097
12.04 0.157239
12.05 0.158364
12.06 0.159472
12.07 0.160563
12.08 0.161636
12.09 0.162692
12.10 0.163729
12.11 0.164748
12.12 0.165749
12.13 0.166730
12.14 0.167692
12.15 0.168635
12.16 0.169558
12.17 0.170462
12.18 0.171345
12.19 0.172208
12.20 0.173050
12.21 0.173872
12.22 0.174672
12.23 0.175451
12.24 0.176209
12.25 0.176945
12.26 0.177660
12.27 0.178352
12.28 0.179022
12.29 0.179670
12.30 0.180296
12.31 0.180899
12.32 0.181479
12.33 0.182036
12.34 0.182570
12.35 0.183081
12.36 0.183569
12.37 0.184034
12.38 0.184475
12.39 0.184892
12.40 0.185286
12.41 0.185657
12.42 0.186003
12.43 0.186326
12.44 0.186626
12.45 0.186901
12.46 0.187153
12.47 0.187380
12.48 0.187584
12.49 0.187765
12.50 0.187921
12.51 0.188053
12.52 0.188162
12.53 0.188246
12.54 0.188307
12.55 0.188344
12.56 0.188357
12.57 0.188346
12.58 0.188311
12.59 0.188253
12.60 0.188170
12.61 0.188063
12.62 0.187932
12.63 0.187776
12.64 0.187597
12.65 0.187393
12.66 0.187165
12.67 0.186913
12.68 0.186637
12.69 0.186336
12.70 0.186010
12.71 0.185661
12.72 0.185287
12.73 0.184888
12.74 0.184466
12.75 0.184019
12.76 0.183547
12.77 0.183052
12.78 0.182532
12.79 0.181989
12.80 0.181421
12.81 0.180830
12.82 0.180214
12.83 0.179576
12.84 0.178913
12.85 0.178227
12.86 0.177517
12.87 0.176784
12.88 0.176028
12.89 0.175249
12.90 0.174446
12.91 0.173621
12.92 0.172773
12.93 0.171902
12.94 0.171009
12.95 0.170093
12.96 0.169154
12.97 0.168194
12.98 0.167211
12.99 0.166207
13.00 0.165180
13.01 0.164132
13.02 0.163062
13.03 0.161971
13.04 0.160859
13.05 0.159725
13.06 0.158571
13.07 0.157396
13.08 0.156200
13.09 0.154984
13.10 0.153747
13.11 0.152491
13.12 0.151214
13.13 0.149918
13.14 0.148602
13.15 0.147267
13.16 0.145912
13.17 0.144539
13.18 0.143147
13.19 0.141736
13.20 0.140308
13.21 0.138861
13.22 0.137396
13.23 0.135913
13.24 0.134414
13.25 0.132897
13.26 0.131363
13.27 0.129813
13.28 0.128246
13.29 0.126664
13.30 0.125066
13.31 0.123452
13.32 0.121823
13.33 0.120179
13.34 0.118520
13.35 0.116848
13.36 0.115161
13.37 0.113460
13.38 0.111746
13.39 0.110019
13.40 0.108279
13.41 0.106526
13.42 0.104761
13.43 0.102983
13.44 0.101194
13.45 0.099394
13.46 0.097582
13.47 0.095759
13.48 0.093926
13.49 0.092082
13.50 0.090229
13.51 0.088365
13.52 0.086492
13.53 0.084610
13.54 0.082719
13.55 0.080820
13.56 0.078913
13.57 0.076998
13.58 0.075075
13.59 0.073146
13.60 0.071209
13.61 0.069267
13.62 0.067318
13.63 0.065364
13.64 0.063405
13.65 0.061441
13.66 0.059472
13.67 0.057500
13.68 0.055523
13.69 0.053544
13.70 0.051562
13.71 0.049577
13.72 0.047591
13.73 0.045602
13.74 0.043613
13.75 0.041622
13.76 0.039631
13.77 0.037640
13.78 0.035649
13.79 0.033659
13.80 0.031670
13.81 0.029682
13.82 0.027696
13.83 0.025712
13.84 0.023731
13.85 0.021753
13.86 0.019777
13.87 0.017806
13.88 0.015838
13.89 0.013874
13.90 0.011916
13.91 0.009962
13.92 0.008013
13.93 0.006070
13.94 0.004133
13.95 0.002202
13.96 0.000278
13.97 -0.001639
13.98 -0.003549
13.99 -0.005451
14.00 -0.007345
14.01 -0.009231
14.02 -0.011109
14.03 -0.012978
14.04 -0.014838
14.05 -0.016688
14.06 -0.018529
14.07 -0.020359
14.08 -0.022179
14.09 -0.023989
14.10 -0.025788
14.11 -0.027576
14.12 -0.029353
14.13 -0.031118
14.14 -0.032871
14.15 -0.034613
14.16 -0.036342
14.17 -0.038058
14.18 -0.039762
14.19 -0.041454
14.20 -0.043132
14.21 -0.044797
14.22 -0.046448
14.23 -0.048086
14.24 -0.049711
14.25 -0.051322
14.26 -0.052918
14.27 -0.054501
14.28 -0.056069
14.29 -0.057623
14.30 -0.059162
14.31 -0.060687
14.32 -0.062196
14.33 -0.063691
14.34 -0.065171
14.35 -0.066635
14.36 -0.068084
14.37 -0.069517
14.38 -0.070934
14.39 -0.072336
14.40 -0.073722
14.41 -0.075092
14.42 -0.076446
14.43 -0.077783
14.44 -0.079104
14.45 -0.080408
14.46 -0.081695
14.47 -0.082966
14.48 -0.084219
14.49 -0.085455
14.50 -0.086674
14.51 -0.087876
14.52 -0.089059
14.53 -0.090225
14.54 -0.091373
14.55 -0.092503
14.56 -0.093614
14.57 -0.094707
14.58 -0.095782
14.59 -0.096837
14.60 -0.097874
14.61 -0.098891
14.62 -0.099889
14.63 -0.100867
14.64 -0.101825
14.65 -0.102764
14.66 -0.103682
14.67 -0.104580
14.68 -0.105457
14.69 -0.106314
14.70 -0.107149
14.71 -0.107964
14.72 -0.108757
14.73 -0.109529
14.74 -0.110279
14.75 -0.111007
14.76 -0.111714
14.77 -0.112398
14.78 -0.113060
14.79 -0.113700
14.80 -0.114317
14.81 -0.114911
14.82 -0.115483
14.83 -0.116032
14.84 -0.116558
14.85 -0.117061
14.86 -0.117540
14.87 -0.117997
14.88 -0.118430
14.89 -0.118839
14.90 -0.119225
14.91 -0.119588
14.92 -0.119926
14.93 -0.120241
14.94 -0.120532
14.95 -0.120800
14.96 -0.121043
14.97 -0.121263
14.98 -0.121458
14.99 -0.121630
15.00 -0.121777
15.01 -0.121901
15.02 -0.122000
15.03 -0.122076
15.04 -0.122127
15.05 -0.122155
15.06 -0.122159
15.07 -0.122139
15.08 -0.122095
15.09 -0.122027
15.10 -0.121935
15.11 -0.121820
15.12 -0.121681
15.13 -0.121519
15.14 -0.121333
15.15 -0.121123
15.16 -0.120890
15.17 -0.120634
15.18 -0.120354
15.19 -0.120051
15.20 -0.119726
15.21 -0.119377
15.22 -0.119005
15.23 -0.118610
15.24 -0.118193
15.25 -0.117753
15.26 -0.117290
15.27 -0.116805
15.28 -0.116298
15.29 -0.115769
15.30 -0.115217
15.31 -0.114644
15.32 -0.114049
15.33 -0.113433
15.34 -0.112794
15.35 -0.112135
15.36 -0.111454
15.37 -0.110753
15.38 -0.110030
15.39 -0.109287
15.40 -0.108523
15.41 -0.107739
15.42 -0.106935
15.43 -0.106110
15.44 -0.105266
15.45 -0.104401
15.46 -0.103517
15.47 -0.102614
15.48 -0.101692
15.49 -0.100750
15.50 -0.099790
15.51 -0.098811
15.52 -0.097814
15.53 -0.096799
15.54 -0.095766
15.55 -0.094715
15.56 -0.093647
15.57 -0.092562
15.58 -0.091461
15.59 -0.090343
15.60 -0.089209
15.61 -0.088060
15.62 -0.086895
15.63 -0.085715
15.64 -0.084521
15.65 -0.083313
15.66 -0.082091
15.67 -0.080856
15.68 -0.079607
15.69 -0.078346
15.70 -0.077072
15.71 -0.075787
15.72 -0.074490
15.73 -0.073181
15.74 -0.071862
15.75 -0.070532
15.76 -0.069192
15.77 -0.067842
15.78 -0.066483
15.79 -0.065115
15.80 -0.063737
15.81 -0.062352
15.82 -0.060958
15.83 -0.059557
15.84 -0.058149
15.85 -0.056734
15.86 -0.055312
15.87 -0.053884
15.88 -0.052450
15.89 -0.051011
15.90 -0.049567
15.91 -0.048117
15.92 -0.046664
15.93 -0.045206
15.94 -0.043745
15.95 -0.042280
15.96 -0.040812
15.97 -0.039342
15.98 -0.037870
15.99 -0.036395
16.00 -0.034919
16.01 -0.033442
16.02 -0.031964
16.03 -0.030486
16.04 -0.029007
16.05 -0.027529
16.06 -0.026052
16.07 -0.024575
16.08 -0.023100
16.09 -0.021626
16.10 -0.020154
16.11 -0.018685
16.12 -0.017218
16.13 -0.015754
16.14 -0.014293
16.15 -0.012836
16.16 -0.011383
16.17 -0.009934
16.18 -0.008489
16.19 -0.007049
16.20 -0.005614
16.21 -0.004185
16.22 -0.002762
16.23 -0.001344
16.24 0.000067
16.25 0.001471
16.26 0.002868
16.27 0.004258
16.28 0.005640
16.29 0.007014
16.30 0.008379
16.31 0.009735
16.32 0.011082
16.33 0.012420
16.34 0.013747
16.35 0.015064
16.36 0.016371
16.37 0.017666
16.38 0.018949
16.39 0.020221
16.40 0.021481
16.41 0.022728
16.42 0.023962
16.43 0.025182
16.44 0.026389
16.45 0.027582
16.46 0.028760
16.47 0.029923
16.48 0.031071
16.49 0.032204
16.50 0.033321
16.51 0.034422
16.52 0.035506
16.53 0.036573
16.54 0.037624
16.55 0.038656
16.56 0.039671
16.57 0.040667
16.58 0.041646
16.59 0.042605
16.60 0.043545
16.61 0.044466
16.62 0.045367
16.63 0.046248
16.64 0.047109
16.65 0.047949
16.66 0.048769
16.67 0.049568
16.68 0.050346
16.69 0.051102
16.70 0.051837
16.71 0.052550
16.72 0.053240
16.73 0.053909
16.74 0.054555
16.75 0.055178
16.76 0.055779
16.77 0.056357
16.78 0.056911
16.79 0.057442
16.80 0.057950
16.81 0.058434
16.82 0.058894
16.83 0.059330
16.84 0.059742
16.85 0.060129
16.86 0.060492
16.87 0.060831
16.88 0.061145
16.89 0.061435
16.90 0.061700
16.91 0.061940
16.92 0.062155
16.93 0.062345
16.94 0.062510
16.95 0.062650
16.96 0.062765
16.97 0.062855
16.98 0.062919
16.99 0.062959
17.00 0.062973
17.01 0.062962
17.02 0.062925
17.03 0.062863
17.04 0.062776
17.05 0.062663
17.06 0.062526
17.07 0.062362
17.08 0.062173
17.09 0.061959
17.10 0.061720
17.11 0.061455
17.12 0.061164
17.13 0.060849
17.14 0.060507
17.15 0.060141
17.16 0.059749
17.17 0.059332
17.18 0.058889
17.19 0.058422
17.20 0.057929
17.21 0.057411
17.22 0.056869
17.23 0.056301
17.24 0.055709
17.25 0.055092
17.26 0.054450
17.27 0.053784
17.28 0.053094
17.29 0.052380
17.30 0.051642
17.31 0.050880
17.32 0.050094
17.33 0.049286
17.34 0.048454
17.35 0.047599
17.36 0.046722
17.37 0.045823
17.38 0.044901
17.39 0.043958
17.40 0.042993
17.41 0.042007
17.42 0.041000
17.43 0.039973
17.44 0.038925
17.45 0.037857
17.46 0.036769
17.47 0.035662
17.48 0.034535
17.49 0.033390
17.50 0.032226
17.51 0.031044
17.52 0.029844
17.53 0.028626
17.54 0.027391
17.55 0.026139
17.56 0.024870
17.57 0.023584
17.58 0.022283
17.59 0.020965
17.60 0.019632
17.61 0.018284
17.62 0.016921
17.63 0.015543
17.64 0.014152
17.65 0.012746
17.66 0.011328
17.67 0.009896
17.68 0.008452
17.69 0.006995
17.70 0.005527
17.71 0.004047
17.72 0.002556
17.73 0.001055
17.74 -0.000457
17.75 -0.001979
17.76 -0.003511
17.77 -0.005051
17.78 -0.006600
17.79 -0.008158
17.80 -0.009723
17.81 -0.011296
17.82 -0.012877
17.83 -0.014463
17.84 -0.016056
17.85 -0.017655
17.86 -0.019259
17.87 -0.020868
17.88 -0.022482
17.89 -0.024099
17.90 -0.025721
17.91 -0.027346
17.92 -0.028974
17.93 -0.030605
17.94 -0.032238
17.95 -0.033873
17.96 -0.035510
17.97 -0.037147
17.98 -0.038786
17.99 -0.040425
18.00 -0.042064
18.01 -0.043703
18.02 -0.045340
18.03 -0.046977
18.04 -0.048613
18.05 -0.050246
18.06 -0.051877
18.07 -0.053506
18.08 -0.055131
18.09 -0.056754
18.10 -0.058372
18.11 -0.059986
18.12 -0.061596
18.13 -0.063201
18.14 -0.064800
18.15 -0.066394
18.16 -0.067983
18.17 -0.069565
18.18 -0.071140
18.19 -0.072709
18.20 -0.074270
18.21 -0.075824
18.22 -0.077371
18.23 -0.078909
18.24 -0.080439
18.25 -0.081960
18.26 -0.083472
18.27 -0.084975
18.28 -0.086468
18.29 -0.087952
18.30 -0.089425
18.31 -0.090887
18.32 -0.092339
18.33 -0.093779
18.34 -0.095208
18.35 -0.096625
18.36 -0.098029
18.37 -0.099421
18.38 -0.100801
18.39 -0.102167
18.40 -0.103520
18.41 -0.104860
18.42 -0.106185
18.43 -0.107497
18.44 -0.108794
18.45 -0.110076
18.46 -0.111343
18.47 -0.112595
18.48 -0.113832
18.49 -0.115053
18.50 -0.116257
18.51 -0.117446
18.52 -0.118618
18.53 -0.119773
18.54 -0.120911
18.55 -0.122031
18.56 -0.123134
18.57 -0.124219
18.58 -0.125286
18.59 -0.126335
18.60 -0.127365
18.61 -0.128376
18.62 -0.129368
18.63 -0.130341
18.64 -0.131294
18.65 -0.132227
18.66 -0.133140
18.67 -0.134033
18.68 -0.134906
18.69 -0.135757
18.70 -0.136588
18.71 -0.137398
18.72 -0.138186
18.73 -0.138952
18.74 -0.139697
18.75 -0.140420
18.76 -0.141120
18.77 -0.141798
18.78 -0.142454
18.79 -0.143086
18.80 -0.143696
18.81 -0.144282
18.82 -0.144845
18.83 -0.145384
18.84 -0.145900
18.85 -0.146392
18.86 -0.146859
18.87 -0.147302
18.88 -0.147721
18.89 -0.148116
18.90 -0.148486
18.91 -0.148831
18.92 -0.149151
18.93 -0.149446
18.94 -0.149716
18.95 -0.149961
18.96 -0.150181
18.97 -0.150376
18.98 -0.150545
18.99 -0.150688
19.00 -0.150806
19.01 -0.150898
19.02 -0.150965
19.03 -0.151006
19.04 -0.151020
19.05 -0.151009
19.06 -0.150972
19.07 -0.150908
19.08 -0.150818
19.09 -0.150702
19.10 -0.150560
19.11 -0.150390
19.12 -0.150195
19.13 -0.149972
19.14 -0.149723
19.15 -0.149447
19.16 -0.149144
19.17 -0.148814
19.18 -0.148457
19.19 -0.148073
19.20 -0.147662
19.21 -0.147224
19.22 -0.146759
19.23 -0.146267
19.24 -0.145748
19.25 -0.145202
19.26 -0.144629
19.27 -0.144029
19.28 -0.143401
19.29 -0.142747
19.30 -0.142066
19.31 -0.141358
19.32 -0.140623
19.33 -0.139861
19.34 -0.139073
19.35 -0.138258
19.36 -0.137416
19.37 -0.136548
19.38 -0.135653
19.39 -0.134733
19.40 -0.133786
19.41 -0.132812
19.42 -0.131813
19.43 -0.130789
19.44 -0.129738
19.45 -0.128662
19.46 -0.127561
19.47 -0.126434
19.48 -0.125282
19.49 -0.124106
19.50 -0.122905
19.51 -0.121679
19.52 -0.120429
19.53 -0.119155
19.54 -0.117857
19.55 -0.116535
19.56 -0.115190
19.57 -0.113822
19.58 -0.112430
19.59 -0.111016
19.60 -0.109580
19.61 -0.108122
19.62 -0.106642
19.63 -0.105141
19.64 -0.103618
19.65 -0.102075
19.66 -0.100511
19.67 -0.098928
19.68 -0.097325
19.69 -0.095702
19.70 -0.094061
19.71 -0.092401
19.72 -0.090723
19.73 -0.089027
19.74 -0.087314
19.75 -0.085584
19.76 -0.083837
19.77 -0.082074
19.78 -0.080294
19.79 -0.078500
19.80 -0.076690
19.81 -0.074865
19.82 -0.073026
19.83 -0.071173
19.84 -0.069306
19.85 -0.067426
19.86 -0.065534
19.87 -0.063629
19.88 -0.061712
19.89 -0.059783
19.90 -0.057844
19.91 -0.055893
19.92 -0.053933
19.93 -0.051962
19.94 -0.049982
19.95 -0.047994
19.96 -0.045996
19.97 -0.043990
19.98 -0.041977
19.99 -0.039956
20.00 -0.037929
20.01 -0.035895
20.02 -0.033854
20.03 -0.031809
20.04 -0.029757
20.05 -0.027701
20.06 -0.025641
20.07 -0.023576
20.08 -0.021508
20.09 -0.019437
20.10 -0.017362
20.11 -0.015286
20.12 -0.013208
20.13 -0.011128
20.14 -0.009047
20.15 -0.006965
20.16 -0.004884
20.17 -0.002802
20.18 -0.000721
20.19 0.001358
20.20 0.003437
20.21 0.005513
20.22 0.007587
20.23 0.009658
20.24 0.011726
20.25 0.013790
20.26 0.015851
20.27 0.017907
20.28 0.019958
20.29 0.022004
20.30 0.024044
20.31 0.026078
20.32 0.028106
20.33 0.030127
20.34 0.032141
20.35 0.034147
20.36 0.036145
20.37 0.038135
20.38 0.040116
20.39 0.042087
20.40 0.044049
20.41 0.046001
20.42 0.047943
20.43 0.049873
20.44 0.051793
20.45 0.053701
20.46 0.055597
20.47 0.057481
20.48 0.059352
20.49 0.061211
20.50 0.063056
20.51 0.064887
20.52 0.066705
20.53 0.068508
20.54 0.070297
20.55 0.072071
20.56 0.073829
20.57 0.075572
20.58 0.077299
20.59 0.079010
20.60 0.080705
20.61 0.082382
20.62 0.084043
20.63 0.085686
20.64 0.087312
20.65 0.088920
20.66 0.090509
20.67 0.092080
20.68 0.093632
20.69 0.095166
20.70 0.096680
20.71 0.098174
20.72 0.099649
20.73 0.101104
20.74 0.102538
20.75 0.103952
20.76 0.105345
20.77 0.106717
20.78 0.108069
20.79 0.109398
20.80 0.110706
20.81 0.111993
20.82 0.113257
20.83 0.114499
20.84 0.115719
20.85 0.116916
20.86 0.118091
20.87 0.119242
20.88 0.120370
20.89 0.121475
20.90 0.122557
20.91 0.123615
20.92 0.124649
20.93 0.125659
20.94 0.126645
20.95 0.127606
20.96 0.128544
20.97 0.129456
20.98 0.130344
20.99 0.131208
21.00 0.132046
21.01 0.132860
21.02 0.133648
21.03 0.134411
21.04 0.135149
21.05 0.135862
21.06 0.136549
21.07 0.137211
21.08 0.137848
21.09 0.138458
21.10 0.139044
21.11 0.139604
21.12 0.140138
21.13 0.140646
21.14 0.141129
21.15 0.141586
21.16 0.142017
21.17 0.142423
21.18 0.142803
21.19 0.143158
21.20 0.143486
21.21 0.143789
21.22 0.144067
21.23 0.144319
21.24 0.144546
21.25 0.144747
21.26 0.144922
21.27 0.145073
21.28 0.145198
21.29 0.145298
21.30 0.145372
21.31 0.145422
21.32 0.145447
21.33 0.145446
21.34 0.145421
21.35 0.145371
21.36 0.145296
21.37 0.145196
21.38 0.145072
21.39 0.144923
21.40 0.144750
21.41 0.144553
21.42 0.144332
21.43 0.144086
21.44 0.143817
21.45 0.143524
21.46 0.143207
21.47 0.142867
21.48 0.142503
21.49 0.142117
21.50 0.141707
21.51 0.141274
21.52 0.140819
21.53 0.140342
21.54 0.139841
21.55 0.139319
21.56 0.138775
21.57 0.138209
21.58 0.137621
21.59 0.137011
21.60 0.136380
21.61 0.135728
21.62 0.135055
21.63 0.134361
21.64 0.133646
21.65 0.132910
21.66 0.132155
21.67 0.131378
21.68 0.130582
21.69 0.129766
21.70 0.128931
21.71 0.128076
21.72 0.127201
21.73 0.126308
21.74 0.125395
21.75 0.124464
21.76 0.123515
21.77 0.122547
21.78 0.121561
21.79 0.120557
21.80 0.119536
21.81 0.118497
21.82 0.117441
21.83 0.116368
21.84 0.115279
21.85 0.114173
21.86 0.113051
21.87 0.111912
21.88 0.110758
21.89 0.109589
21.90 0.108404
21.91 0.107205
21.92 0.105990
21.93 0.104762
21.94 0.103518
21.95 0.102261
21.96 0.100991
21.97 0.099707
21.98 0.098410
21.99 0.097099
22.00 0.095777
22.01 0.094442
22.02 0.093095
22.03 0.091736
22.04 0.090365
22.05 0.088984
22.06 0.087591
22.07 0.086188
22.08 0.084774
22.09 0.083351
22.10 0.081917
22.11 0.080474
22.12 0.079022
22.13 0.077561
22.14 0.076091
22.15 0.074613
22.16 0.073127
22.17 0.071634
22.18 0.070133
22.19 0.068625
22.20 0.067110
22.21 0.065589
22.22 0.064062
22.23 0.062529
22.24 0.060991
22.25 0.059448
22.26 0.057900
22.27 0.056347
22.28 0.054791
22.29 0.053231
22.30 0.051668
22.31 0.050101
22.32 0.048532
22.33 0.046961
22.34 0.045388
22.35 0.043813
22.36 0.042237
22.37 0.040660
22.38 0.039083
22.39 0.037505
22.40 0.035928
22.41 0.034351
22.42 0.032775
22.43 0.031201
22.44 0.029628
22.45 0.028057
22.46 0.026489
22.47 0.024923
22.48 0.023361
22.49 0.021802
22.50 0.020248
22.51 0.018697
22.52 0.017152
22.53 0.015611
22.54 0.014076
22.55 0.012547
22.56 0.011024
22.57 0.009508
22.58 0.007998
22.59 0.006497
22.60 0.005003
22.61 0.003517
22.62 0.002039
22.63 0.000571
22.64 -0.000888
22.65 -0.002337
22.66 -0.003777
22.67 -0.005206
22.68 -0.006624
22.69 -0.008031
22.70 -0.009427
22.71 -0.010811
22.72 -0.012182
22.73 -0.013542
22.74 -0.014888
22.75 -0.016221
22.76 -0.017541
22.77 -0.018846
22.78 -0.020138
22.79 -0.021415
22.80 -0.022677
22.81 -0.023924
22.82 -0.025156
22.83 -0.026372
22.84 -0.027571
22.85 -0.028754
22.86 -0.029921
22.87 -0.031070
22.88 -0.032202
22.89 -0.033317
22.90 -0.034413
22.91 -0.035491
22.92 -0.036551
22.93 -0.037592
22.94 -0.038614
22.95 -0.039617
22.96 -0.040600
22.97 -0.041564
22.98 -0.042507
22.99 -0.043430
23.00 -0.044333
23.01 -0.045215
23.02 -0.046076
23.03 -0.046916
23.04 -0.047734
23.05 -0.048531
23.06 -0.049307
23.07 -0.050060
23.08 -0.050791
23.09 -0.051501
23.10 -0.052187
23.11 -0.052852
23.12 -0.053493
23.13 -0.054112
23.14 -0.054708
23.15 -0.055281
23.16 -0.055830
23.17 -0.056357
23.18 -0.056860
23.19 -0.057339
23.20 -0.057795
23.21 -0.058228
23.22 -0.058637
23.23 -0.059022
23.24 -0.059383
23.25 -0.059720
23.26 -0.060034
23.27 -0.060323
23.28 -0.060588
23.29 -0.060830
23.30 -0.061047
23.31 -0.061240
23.32 -0.061409
23.33 -0.061554
23.34 -0.061675
23.35 -0.061772
23.36 -0.061845
23.37 -0.061893
23.38 -0.061918
23.39 -0.061919
23.40 -0.061895
23.41 -0.061848
23.42 -0.061777
23.43 -0.061682
23.44 -0.061564
23.45 -0.061422
23.46 -0.061256
23.47 -0.061066
23.48 -0.060854
23.49 -0.060618
23.50 -0.060358
23.51 -0.060076
23.52 -0.059770
23.53 -0.059442
23.54 -0.059090
23.55 -0.058716
23.56 -0.058320
23.57 -0.057901
23.58 -0.057459
23.59 -0.056996
23.60 -0.056510
23.61 -0.056003
23.62 -0.055474
23.63 -0.054923
23.64 -0.054351
23.65 -0.053758
23.66 -0.053143
23.67 -0.052508
23.68 -0.051852
23.69 -0.051176
23.70 -0.050479
23.71 -0.049763
23.72 -0.049026
23.73 -0.048270
23.74 -0.047495
23.75 -0.046700
23.76 -0.045886
23.77 -0.045054
23.78 -0.044203
23.79 -0.043334
23.80 -0.042447
23.81 -0.041542
23.82 -0.040620
23.83 -0.039680
23.84 -0.038723
23.85 -0.037750
23.86 -0.036760
23.87 -0.035754
23.88 -0.034732
23.89 -0.033695
23.90 -0.032642
23.91 -0.031574
23.92 -0.030492
23.93 -0.029395
23.94 -0.028284
23.95 -0.027159
23.96 -0.026020
23.97 -0.024869
23.98 -0.023704
23.99 -0.022527
24.00 -0.021338
24.01 -0.020136
24.02 -0.018923
24.03 -0.017699
24.04 -0.016463
24.05 -0.015217
24.06 -0.013960
24.07 -0.012694
24.08 -0.011418
24.09 -0.010132
24.10 -0.008837
24.11 -0.007534
24.12 -0.006222
24.13 -0.004903
24.14 -0.003575
24.15 -0.002241
24.16 -0.000899
24.17 0.000449
24.18 0.001804
24.19 0.003164
24.20 0.004530
24.21 0.005902
24.22 0.007278
24.23 0.008659
24.24 0.010044
24.25 0.011433
24.26 0.012826
24.27 0.014221
24.28 0.015620
24.29 0.017021
24.30 0.018424
24.31 0.019829
24.32 0.021236
24.33 0.022643
24.34 0.024052
24.35 0.025461
24.36 0.026870
24.37 0.028278
24.38 0.029687
24.39 0.031094
24.40 0.032500
24.41 0.033905
24.42 0.035307
24.43 0.036708
24.44 0.038106
24.45 0.039500
24.46 0.040892
24.47 0.042280
24.48 0.043664
24.49 0.045044
24.50 0.046420
24.51 0.047790
24.52 0.049155
24.53 0.050515
24.54 0.051869
24.55 0.053217
24.56 0.054558
24.57 0.055892
24.58 0.057219
24.59 0.058539
24.60 0.059851
24.61 0.061155
24.62 0.062450
24.63 0.063737
24.64 0.065014
24.65 0.066282
24.66 0.067541
24.67 0.068789
24.68 0.070027
24.69 0.071255
24.70 0.072472
24.71 0.073677
24.72 0.074871
24.73 0.076054
24.74 0.077224
24.75 0.078382
24.76 0.079527
24.77 0.080660
24.78 0.081780
24.79 0.082886
24.80 0.083978
24.81 0.085057
24.82 0.086121
24.83 0.087171
24.84 0.088207
24.85 0.089227
24.86 0.090233
24.87 0.091223
24.88 0.092197
24.89 0.093155
24.90 0.094097
24.91 0.095023
24.92 0.095933
24.93 0.096825
24.94 0.097700
24.95 0.098558
24.96 0.099399
24.97 0.100221
24.98 0.101026
24.99 0.101812
25.00 0.102580
25.01 0.103330
25.02 0.104060
25.03 0.104771
25.04 0.105463
25.05 0.106135
25.06 0.106788
25.07 0.107420
25.08 0.108033
25.09 0.108625
25.10 0.109196
25.11 0.109747
25.12 0.110277
25.13 0.110786
25.14 0.111273
25.15 0.111739
25.16 0.112183
25.17 0.112606
25.18 0.113006
25.19 0.113385
25.20 0.113741
25.21 0.114075
25.22 0.114386
25.23 0.114675
25.24 0.114941
25.25 0.115184
25.26 0.115404
25.27 0.115600
25.28 0.115774
25.29 0.115924
25.30 0.116051
25.31 0.116154
25.32 0.116234
25.33 0.116289
25.34 0.116322
25.35 0.116330
25.36 0.116314
25.37 0.116275
25.38 0.116211
25.39 0.116124
25.40 0.116012
25.41 0.115877
25.42 0.115717
25.43 0.115533
25.44 0.115325
25.45 0.115093
25.46 0.114836
25.47 0.114556
25.48 0.114251
25.49 0.113922
25.50 0.113569
25.51 0.113191
25.52 0.112790
25.53 0.112364
25.54 0.111915
25.55 0.111441
25.56 0.110943
25.57 0.110422
25.58 0.109876
25.59 0.109307
25.60 0.108714
25.61 0.108098
25.62 0.107457
25.63 0.106793
25.64 0.106106
25.65 0.105396
25.66 0.104662
25.67 0.103905
25.68 0.103125
25.69 0.102322
25.70 0.101496
25.71 0.100647
25.72 0.099776
25.73 0.098882
25.74 0.097966
25.75 0.097027
25.76 0.096067
25.77 0.095084
25.78 0.094080
25.79 0.093054
25.80 0.092006
25.81 0.090938
25.82 0.089847
25.83 0.088736
25.84 0.087604
25.85 0.086451
25.86 0.085278
25.87 0.084085
25.88 0.082871
25.89 0.081637
25.90 0.080384
25.91 0.079111
25.92 0.077818
25.93 0.076507
25.94 0.075177
25.95 0.073828
25.96 0.072460
25.97 0.071075
25.98 0.069671
25.99 0.068250
26.00 0.066812
26.01 0.065356
26.02 0.063884
26.03 0.062395
26.04 0.060889
26.05 0.059368
26.06 0.057831
26.07 0.056278
26.08 0.054711
26.09 0.053128
26.10 0.051531
26.11 0.049920
26.12 0.048295
26.13 0.046656
26.14 0.045004
26.15 0.043340
26.16 0.041662
26.17 0.039973
26.18 0.038271
26.19 0.036558
26.20 0.034834
26.21 0.033098
26.22 0.031353
26.23 0.029596
26.24 0.027831
26.25 0.026055
26.26 0.024271
26.27 0.022477
26.28 0.020676
26.29 0.018866
26.30 0.017048
26.31 0.015224
26.32 0.013392
26.33 0.011554
26.34 0.009709
26.35 0.007859
26.36 0.006003
26.37 0.004142
26.38 0.002277
26.39 0.000407
26.40 -0.001466
26.41 -0.003343
26.42 -0.005223
26.43 -0.007106
26.44 -0.008991
26.45 -0.010878
26.46 -0.012766
26.47 -0.014655
26.48 -0.016546
26.49 -0.018436
26.50 -0.020326
26.51 -0.022216
26.52 -0.024105
26.53 -0.025993
26.54 -0.027879
26.55 -0.029763
26.56 -0.031644
26.57 -0.033523
26.58 -0.035398
26.59 -0.037270
26.60 -0.039137
26.61 -0.041001
26.62 -0.042859
26.63 -0.044713
26.64 -0.046561
26.65 -0.048403
26.66 -0.050239
26.67 -0.052068
26.68 -0.053890
26.69 -0.055705
26.70 -0.057512
26.71 -0.059311
26.72 -0.061101
26.73 -0.062883
26.74 -0.064655
26.75 -0.066418
26.76 -0.068172
26.77 -0.069915
26.78 -0.071647
26.79 -0.073369
26.80 -0.075079
26.81 -0.076778
26.82 -0.078465
26.83 -0.080139
26.84 -0.081802
26.85 -0.083451
26.86 -0.085087
26.87 -0.086710
26.88 -0.088319
26.89 -0.089914
26.90 -0.091494
26.91 -0.093060
26.92 -0.094611
26.93 -0.096146
26.94 -0.097666
26.95 -0.099171
26.96 -0.100659
26.97 -0.102130
26.98 -0.103585
26.99 -0.105023
27.00 -0.106444
27.01 -0.107848
27.02 -0.109234
27.03 -0.110602
27.04 -0.111951
27.05 -0.113283
27.06 -0.114595
27.07 -0.115889
27.08 -0.117164
27.09 -0.118419
27.10 -0.119655
27.11 -0.120871
27.12 -0.122067
27.13 -0.123243
27.14 -0.124399
27.15 -0.125533
27.16 -0.126648
27.17 -0.127741
27.18 -0.128813
27.19 -0.129864
27.20 -0.130893
27.21 -0.131900
27.22 -0.132886
27.23 -0.133849
27.24 -0.134791
27.25 -0.135710
27.26 -0.136606
27.27 -0.137480
27.28 -0.138331
27.29 -0.139159
27.30 -0.139964
27.31 -0.140746
27.32 -0.141504
27.33 -0.142239
27.34 -0.142950
27.35 -0.143637
27.36 -0.144301
27.37 -0.144941
27.38 -0.145556
27.39 -0.146148
27.40 -0.146715
27.41 -0.147258
27.42 -0.147776
27.43 -0.148270
27.44 -0.148739
27.45 -0.149184
27.46 -0.149604
27.47 -0.149999
27.48 -0.150369
27.49 -0.150715
27.50 -0.151035
27.51 -0.151331
27.52 -0.151601
27.53 -0.151847
27.54 -0.152067
27.55 -0.152262
27.56 -0.152433
27.57 -0.152578
27.58 -0.152698
27.59 -0.152792
27.60 -0.152862
27.61 -0.152907
27.62 -0.152926
27.63 -0.152921
27.64 -0.152890
27.65 -0.152835
27.66 -0.152754
27.67 -0.152649
27.68 -0.152519
27.69 -0.152363
27.70 -0.152183
27.71 -0.151979
27.72 -0.151750
27.73 -0.151496
27.74 -0.151217
27.75 -0.150915
27.76 -0.150588
27.77 -0.150236
27.78 -0.149861
27.79 -0.149462
27.80 -0.149038
27.81 -0.148591
27.82 -0.148121
27.83 -0.147626
27.84 -0.147109
27.85 -0.146568
27.86 -0.146004
27.87 -0.145417
27.88 -0.144807
27.89 -0.144174
27.90 -0.143519
27.91 -0.142841
27.92 -0.142142
27.93 -0.141420
27.94 -0.140676
27.95 -0.139911
27.96 -0.139124
27.97 -0.138316
27.98 -0.137487
27.99 -0.136636
28.00 -0.135765
28.01 -0.134874
28.02 -0.133962
28.03 -0.133030
28.04 -0.132078
28.05 -0.131106
28.06 -0.130115
28.07 -0.129104
28.08 -0.128075
28.09 -0.127026
28.10 -0.125959
28.11 -0.124874
28.12 -0.123771
28.13 -0.122650
28.14 -0.121511
28.15 -0.120355
28.16 -0.119181
28.17 -0.117991
28.18 -0.116785
28.19 -0.115562
28.20 -0.114323
28.21 -0.113068
28.22 -0.111798
28.23 -0.110512
28.24 -0.109212
28.25 -0.107897
28.26 -0.106567
28.27 -0.105224
28.28 -0.103866
28.29 -0.102496
28.30 -0.101112
28.31 -0.099715
28.32 -0.098305
28.33 -0.096883
28.34 -0.095449
28.35 -0.094004
28.36 -0.092547
28.37 -0.091079
28.38 -0.089600
28.39 -0.088111
28.40 -0.086611
28.41 -0.085102
28.42 -0.083583
28.43 -0.082055
28.44 -0.080518
28.45 -0.078972
28.46 -0.077419
28.47 -0.075857
28.48 -0.074288
28.49 -0.072712
28.50 -0.071128
28.51 -0.069538
28.52 -0.067942
28.53 -0.066340
28.54 -0.064733
28.55 -0.063121
28.56 -0.061503
28.57 -0.059881
28.58 -0.058255
28.59 -0.056626
28.60 -0.054993
28.61 -0.053357
28.62 -0.051718
28.63 -0.050077
28.64 -0.048433
28.65 -0.046789
28.66 -0.045143
28.67 -0.043496
28.68 -0.041848
28.69 -0.040200
28.70 -0.038553
28.71 -0.036905
28.72 -0.035259
28.73 -0.033614
28.74 -0.031971
28.75 -0.030329
28.76 -0.028690
28.77 -0.027054
28.78 -0.025420
28.79 -0.023790
28.80 -0.022164
28.81 -0.020542
28.82 -0.018924
28.83 -0.017311
28.84 -0.015704
28.85 -0.014102
28.86 -0.012506
28.87 -0.010916
28.88 -0.009332
28.89 -0.007756
28.90 -0.006187
28.91 -0.004626
28.92 -0.003072
28.93 -0.001527
28.94 0.000009
28.95 0.001536
28.96 0.003054
28.97 0.004563
28.98 0.006061
28.99 0.007549
29.00 0.009027
29.01 0.010493
29.02 0.011948
29.03 0.013392
29.04 0.014823
29.05 0.016243
29.06 0.017650
29.07 0.019044
29.08 0.020425
29.09 0.021793
29.10 0.023147
29.11 0.024487
29.12 0.025813
29.13 0.027125
29.14 0.028422
29.15 0.029703
29.16 0.030970
29.17 0.032221
29.18 0.033456
29.19 0.034675
29.20 0.035878
29.21 0.037065
29.22 0.038235
29.23 0.039387
29.24 0.040523
29.25 0.041641
29.26 0.042741
29.27 0.043824
29.28 0.044888
29.29 0.045934
29.30 0.046962
29.31 0.047971
29.32 0.048961
29.33 0.049932
29.34 0.050883
29.35 0.051815
29.36 0.052728
29.37 0.053620
29.38 0.054493
29.39 0.055345
29.40 0.056177
29.41 0.056989
29.42 0.057780
29.43 0.058550
29.44 0.059299
29.45 0.060027
29.46 0.060735
29.47 0.061420
29.48 0.062085
29.49 0.062727
29.50 0.063349
29.51 0.063948
29.52 0.064525
29.53 0.065081
29.54 0.065615
29.55 0.066126
29.56 0.066616
29.57 0.067083
29.58 0.067527
29.59 0.067950
29.60 0.068350
29.61 0.068727
29.62 0.069082
29.63 0.069414
29.64 0.069724
29.65 0.070011
29.66 0.070275
29.67 0.070517
29.68 0.070735
29.69 0.070931
29.70 0.071105
29.71 0.071255
29.72 0.071383
29.73 0.071488
29.74 0.071570
29.75 0.071630
29.76 0.071667
29.77 0.071681
29.78 0.071673
29.79 0.071642
29.80 0.071589
29.81 0.071513
29.82 0.071415
29.83 0.071294
29.84 0.071152
29.85 0.070987
29.86 0.070800
29.87 0.070590
29.88 0.070359
29.89 0.070106
29.90 0.069832
29.91 0.069536
29.92 0.069218
29.93 0.068879
29.94 0.068518
29.95 0.068137
29.96 0.067734
29.97 0.067310
29.98 0.066866
29.99 0.066401
30.00 0.065916
30.01 0.065410
30.02 0.064885
30.03 0.064339
30.04 0.063774
30.05 0.063189
30.06 0.062584
30.07 0.061961
30.08 0.061318
30.09 0.060656
30.10 0.059976
30.11 0.059277
30.12 0.058560
30.13 0.057825
30.14 0.057072
30.15 0.056302
30.16 0.055514
30.17 0.054709
30.18 0.053887
30.19 0.053048
30.20 0.052193
30.21 0.051321
30.22 0.050434
30.23 0.049530
30.24 0.048611
30.25 0.047677
30.26 0.046728
30.27 0.045763
30.28 0.044785
30.29 0.043791
30.30 0.042784
30.31 0.041763
30.32 0.040729
30.33 0.039681
30.34 0.038620
30.35 0.037547
30.36 0.036461
30.37 0.035363
30.38 0.034253
30.39 0.033131
30.40 0.031999
30.41 0.030855
30.42 0.029701
30.43 0.028536
30.44 0.027361
30.45 0.026176
30.46 0.024982
30.47 0.023778
30.48 0.022566
30.49 0.021345
30.50 0.020116
30.51 0.018879
30.52 0.017635
30.53 0.016383
30.54 0.015124
30.55 0.013858
30.56 0.012586
30.57 0.011308
30.58 0.010024
30.59 0.008735
30.60 0.007441
30.61 0.006143
30.62 0.004839
30.63 0.003532
30.64 0.002222
30.65 0.000907
30.66 -0.000410
30.67 -0.001729
30.68 -0.003052
30.69 -0.004376
30.70 -0.005701
30.71 -0.007028
30.72 -0.008356
30.73 -0.009684
30.74 -0.011013
30.75 -0.012341
30.76 -0.013670
30.77 -0.014997
30.78 -0.016323
30.79 -0.017647
30.80 -0.018970
30.81 -0.020291
30.82 -0.021609
30.83 -0.022924
30.84 -0.024236
30.85 -0.025544
30.86 -0.026848
30.87 -0.028148
30.88 -0.029444
30.89 -0.030734
30.90 -0.032020
30.91 -0.033299
30.92 -0.034573
30.93 -0.035840
30.94 -0.037101
30.95 -0.038354
30.96 -0.039601
30.97 -0.040839
30.98 -0.042070
30.99 -0.043293
31.00 -0.044507
31.01 -0.045712
31.02 -0.046907
31.03 -0.048094
31.04 -0.049270
31.05 -0.050436
31.06 -0.051592
31.07 -0.052736
31.08 -0.053870
31.09 -0.054992
31.10 -0.056103
31.11 -0.057202
31.12 -0.058288
31.13 -0.059362
31.14 -0.060423
31.15 -0.061471
31.16 -0.062505
31.17 -0.063526
31.18 -0.064533
31.19 -0.065526
31.20 -0.066504
31.21 -0.067467
31.22 -0.068415
31.23 -0.069348
31.24 -0.070266
31.25 -0.071168
31.26 -0.072053
31.27 -0.072923
31.28 -0.073776
31.29 -0.074612
31.30 -0.075431
31.31 -0.076233
31.32 -0.077017
31.33 -0.077784
31.34 -0.078533
31.35 -0.079264
31.36 -0.079976
31.37 -0.080670
31.38 -0.081345
31.39 -0.082001
31.40 -0.082638
31.41 -0.083256
31.42 -0.083855
31.43 -0.084433
31.44 -0.084992
31.45 -0.085531
31.46 -0.086049
31.47 -0.086547
31.48 -0.087025
31.49 -0.087482
31.50 -0.087918
31.51 -0.088333
31.52 -0.088727
31.53 -0.089100
31.54 -0.089451
31.55 -0.089782
31.56 -0.090090
31.57 -0.090377
31.58 -0.090642
31.59 -0.090885
31.60 -0.091106
31.61 -0.091304
31.62 -0.091481
31.63 -0.091635
31.64 -0.091767
31.65 -0.091877
31.66 -0.091964
31.67 -0.092028
31.68 -0.092070
31.69 -0.092089
31.70 -0.092086
31.71 -0.092059
31.72 -0.092010
31.73 -0.091938
31.74 -0.091843
31.75 -0.091725
31.76 -0.091585
31.77 -0.091421
31.78 -0.091234
31.79 -0.091025
31.80 -0.090792
31.81 -0.090537
31.82 -0.090258
31.83 -0.089957
31.84 -0.089633
31.85 -0.089286
31.86 -0.088916
31.87 -0.088523
31.88 -0.088107
31.89 -0.087669
31.90 -0.087208
31.91 -0.086724
31.92 -0.086218
31.93 -0.085690
31.94 -0.085139
31.95 -0.084566
31.96 -0.083970
31.97 -0.083353
31.98 -0.082713
31.99 -0.082051
32.00 -0.081368
32.01 -0.080663
32.02 -0.079936
32.03 -0.079188
32.04 -0.078419
32.05 -0.077628
32.06 -0.076816
32.07 -0.075984
32.08 -0.075130
32.09 -0.074256
32.10 -0.073362
32.11 -0.072447
32.12 -0.071512
32.13 -0.070558
32.14 -0.069583
32.15 -0.068589
32.16 -0.067576
32.17 -0.066543
32.18 -0.065491
32.19 -0.064421
32.20 -0.063332
32.21 -0.062224
32.22 -0.061099
32.23 -0.059955
32.24 -0.058794
32.25 -0.057615
32.26 -0.056419
32.27 -0.055206
32.28 -0.053976
32.29 -0.052729
32.30 -0.051466
32.31 -0.050187
32.32 -0.048892
32.33 -0.047581
32.34 -0.046255
32.35 -0.044914
32.36 -0.043558
32.37 -0.042187
32.38 -0.040802
32.39 -0.039402
32.40 -0.037989
32.41 -0.036562
32.42 -0.035122
32.43 -0.033669
32.44 -0.032204
32.45 -0.030725
32.46 -0.029235
32.47 -0.027732
32.48 -0.026219
32.49 -0.024693
32.50 -0.023157
32.51 -0.021610
32.52 -0.020053
32.53 -0.018485
32.54 -0.016908
32.55 -0.015321
32.56 -0.013725
32.57 -0.012120
32.58 -0.010507
32.59 -0.008885
32.60 -0.007256
32.61 -0.005619
32.62 -0.003974
32.63 -0.002323
32.64 -0.000665
32.65 0.001000
32.66 0.002670
32.67 0.004346
32.68 0.006028
32.69 0.007714
32.70 0.009405
32.71 0.011101
32.72 0.012800
32.73 0.014503
32.74 0.016210
32.75 0.017920
32.76 0.019632
32.77 0.021347
32.78 0.023063
32.79 0.024782
32.80 0.026502
32.81 0.028222
32.82 0.029944
32.83 0.031666
32.84 0.033388
32.85 0.035109
32.86 0.036830
32.87 0.038550
32.88 0.040269
32.89 0.041986
32.90 0.043701
32.91 0.045413
32.92 0.047123
32.93 0.048830
32.94 0.050533
32.95 0.052233
32.96 0.053929
32.97 0.055620
32.98 0.057307
32.99 0.058988
33.00 0.060665
33.01 0.062335
33.02 0.064000
33.03 0.065658
33.04 0.067309
33.05 0.068954
33.06 0.070591
33.07 0.072220
33.08 0.073841
33.09 0.075454
33.10 0.077059
33.11 0.078654
33.12 0.080240
33.13 0.081817
33.14 0.083383
33.15 0.084939
33.16 0.086485
33.17 0.088020
33.18 0.089543
33.19 0.091055
33.20 0.092555
33.21 0.094043
33.22 0.095519
33.23 0.096982
33.24 0.098431
33.25 0.099867
33.26 0.101290
33.27 0.102699
33.28 0.104093
33.29 0.105472
33.30 0.106837
33.31 0.108187
33.32 0.109521
33.33 0.110839
33.34 0.112141
33.35 0.113427
33.36 0.114697
33.37 0.115949
33.38 0.117185
33.39 0.118403
33.40 0.119603
33.41 0.120786
33.42 0.121950
33.43 0.123096
33.44 0.124224
33.45 0.125332
33.46 0.126422
33.47 0.127492
33.48 0.128543
33.49 0.129574
33.50 0.130585
33.51 0.131576
33.52 0.132547
33.53 0.133497
33.54 0.134426
33.55 0.135335
33.56 0.136222
33.57 0.137088
33.58 0.137932
33.59 0.138755
33.60 0.139556
33.61 0.140335
33.62 0.141092
33.63 0.141827
33.64 0.142539
33.65 0.143228
33.66 0.143895
33.67 0.144539
33.68 0.145160
33.69 0.145757
33.70 0.146332
33.71 0.146883
33.72 0.147410
33.73 0.147914
33.74 0.148395
33.75 0.148851
33.76 0.149284
33.77 0.149693
33.78 0.150077
33.79 0.150438
33.80 0.150774
33.81 0.151087
33.82 0.151374
33.83 0.151638
33.84 0.151877
33.85 0.152092
33.86 0.152282
33.87 0.152448
33.88 0.152589
33.89 0.152706
33.90 0.152798
33.91 0.152866
33.92 0.152909
33.93 0.152927
33.94 0.152921
33.95 0.152891
33.96 0.152836
33.97 0.152756
33.98 0.152652
33.99 0.152523
34.00 0.152370
34.01 0.152193
34.02 0.151991
34.03 0.151765
34.04 0.151514
34.05 0.151240
34.06 0.150941
34.07 0.150619
34.08 0.150272
34.09 0.149901
34.10 0.149507
34.11 0.149089
34.12 0.148648
34.13 0.148182
34.14 0.147694
34.15 0.147182
34.16 0.146647
34.17 0.146089
34.18 0.145508
34.19 0.144904
34.20 0.144277
34.21 0.143628
34.22 0.142956
34.23 0.142262
34.24 0.141546
34.25 0.140808
34.26 0.140048
34.27 0.139267
34.28 0.138464
34.29 0.137639
34.30 0.136794
34.31 0.135927
34.32 0.135040
34.33 0.134132
34.34 0.133203
34.35 0.132254
34.36 0.131286
34.37 0.130297
34.38 0.129289
34.39 0.128261
34.40 0.127214
34.41 0.126148
34.42 0.125063
34.43 0.123959
34.44 0.122837
34.45 0.121697
34.46 0.120539
34.47 0.119364
34.48 0.118171
34.49 0.116960
34.50 0.115733
34.51 0.114489
34.52 0.113228
34.53 0.111952
34.54 0.110659
34.55 0.109351
34.56 0.108027
34.57 0.106688
34.58 0.105334
34.59 0.103966
34.60 0.102583
34.61 0.101187
34.62 0.099777
34.63 0.098353
34.64 0.096916
34.65 0.095466
34.66 0.094004
34.67 0.092530
34.68 0.091043
34.69 0.089545
34.70 0.088036
34.71 0.086516
34.72 0.084986
34.73 0.083445
34.74 0.081894
34.75 0.080333
34.76 0.078763
34.77 0.077185
34.78 0.075597
34.79 0.074001
34.80 0.072398
34.81 0.070787
34.82 0.069168
34.83 0.067543
34.84 0.065910
34.85 0.064272
34.86 0.062628
34.87 0.060978
34.88 0.059323
34.89 0.057663
34.90 0.055999
34.91 0.054330
34.92 0.052658
34.93 0.050982
34.94 0.049303
34.95 0.047621
34.96 0.045937
34.97 0.044250
34.98 0.042562
34.99 0.040873
35.00 0.039182
35.01 0.037491
35.02 0.035799
35.03 0.034107
35.04 0.032416
35.05 0.030725
35.06 0.029035
35.07 0.027347
35.08 0.025660
35.09 0.023975
35.10 0.022293
35.11 0.020613
35.12 0.018937
35.13 0.017263
35.14 0.015594
35.15 0.013928
35.16 0.012267
35.17 0.010610
35.18 0.008958
35.19 0.007312
35.20 0.005671
35.21 0.004036
35.22 0.002408
35.23 0.000786
35.24 -0.000829
35.25 -0.002437
35.26 -0.004037
35.27 -0.005630
35.28 -0.007214
35.29 -0.008790
35.30 -0.010357
35.31 -0.011916
35.32 -0.013464
35.33 -0.015004
35.34 -0.016533
35.35 -0.018052
35.36 -0.019561
35.37 -0.021059
35.38 -0.022545
35.39 -0.024021
35.40 -0.025485
35.41 -0.026937
35.42 -0.028377
35.43 -0.029804
35.44 -0.031219
35.45 -0.032621
35.46 -0.034010
35.47 -0.035385
35.48 -0.036747
35.49 -0.038095
35.50 -0.039428
35.51 -0.040748
35.52 -0.042052
35.53 -0.043342
35.54 -0.044616
35.55 -0.045876
35.56 -0.047119
35.57 -0.048347
35.58 -0.049559
35.59 -0.050755
35.60 -0.051934
35.61 -0.053096
35.62 -0.054242
35.63 -0.055371
35.64 -0.056482
35.65 -0.057576
35.66 -0.058653
35.67 -0.059711
35.68 -0.060752
35.69 -0.061774
35.70 -0.062778
35.71 -0.063764
35.72 -0.064731
35.73 -0.065679
35.74 -0.066607
35.75 -0.067517
35.76 -0.068407
35.77 -0.069278
35.78 -0.070129
35.79 -0.070961
35.80 -0.071772
35.81 -0.072563
35.82 -0.073334
35.83 -0.074085
35.84 -0.074815
35.85 -0.075524
35.86 -0.076213
35.87 -0.076881
35.88 -0.077528
35.89 -0.078154
35.90 -0.078759
35.91 -0.079342
35.92 -0.079905
35.93 -0.080445
35.94 -0.080965
35.95 -0.081462
35.96 -0.081938
35.97 -0.082392
35.98 -0.082825
35.99 -0.083235
36.00 -0.083624
36.01 -0.083991
36.02 -0.084335
36.03 -0.084658
36.04 -0.084958
36.05 -0.085237
36.06 -0.085493
36.07 -0.085727
36.08 -0.085939
36.09 -0.086129
36.10 -0.086297
36.11 -0.086443
36.12 -0.086566
36.13 -0.086668
36.14 -0.086747
36.15 -0.086804
36.16 -0.086839
36.17 -0.086852
36.18 -0.086844
36.19 -0.086813
36.20 -0.086761
36.21 -0.086686
36.22 -0.086591
36.23 -0.086473
36.24 -0.086334
36.25 -0.086173
36.26 -0.085991
36.27 -0.085788
36.28 -0.085563
36.29 -0.085317
36.30 -0.085050
36.31 -0.084763
36.32 -0.084454
36.33 -0.084125
36.34 -0.083775
36.35 -0.083405
36.36 -0.083014
36.37 -0.082603
36.38 -0.082172
36.39 -0.081722
36.40 -0.081251
36.41 -0.080762
36.42 -0.080252
36.43 -0.079724
36.44 -0.079176
36.45 -0.078609
36.46 -0.078024
36.47 -0.077420
36.48 -0.076798
36.49 -0.076158
36.50 -0.075499
36.51 -0.074823
36.52 -0.074130
36.53 -0.073419
36.54 -0.072690
36.55 -0.071945
36.56 -0.071183
36.57 -0.070404
36.58 -0.069609
36.59 -0.068798
36.60 -0.067971
36.61 -0.067129
36.62 -0.066271
36.63 -0.065398
36.64 -0.064510
36.65 -0.063607
36.66 -0.062690
36.67 -0.061758
36.68 -0.060813
36.69 -0.059854
36.70 -0.058881
36.71 -0.057895
36.72 -0.056897
36.73 -0.055886
36.74 -0.054862
36.75 -0.053826
36.76 -0.052779
36.77 -0.051720
36.78 -0.050650
36.79 -0.049569
36.80 -0.048477
36.81 -0.047374
36.82 -0.046262
36.83 -0.045140
36.84 -0.044008
36.85 -0.042867
36.86 -0.041718
36.87 -0.040560
36.88 -0.039393
36.89 -0.038218
36.90 -0.037036
36.91 -0.035847
36.92 -0.034650
36.93 -0.033447
36.94 -0.032238
36.95 -0.031022
36.96 -0.029801
36.97 -0.028574
36.98 -0.027342
36.99 -0.026106
37.00 -0.024865
37.01 -0.023620
37.02 -0.022371
37.03 -0.021119
37.04 -0.019864
37.05 -0.018606
37.06 -0.017346
37.07 -0.016084
37.08 -0.014820
37.09 -0.013554
37.10 -0.012288
37.11 -0.011021
37.12 -0.009753
37.13 -0.008486
37.14 -0.007218
37.15 -0.005952
37.16 -0.004686
37.17 -0.003422
37.18 -0.002160
37.19 -0.000899
37.20 0.000359
37.21 0.001614
37.22 0.002867
37.23 0.004116
37.24 0.005361
37.25 0.006603
37.26 0.007840
37.27 0.009072
37.28 0.010299
37.29 0.011521
37.30 0.012738
37.31 0.013948
37.32 0.015152
37.33 0.016350
37.34 0.017541
37.35 0.018724
37.36 0.019900
37.37 0.021068
37.38 0.022229
37.39 0.023380
37.40 0.024523
37.41 0.025657
37.42 0.026782
37.43 0.027897
37.44 0.029003
37.45 0.030098
37.46 0.031183
37.47 0.032257
37.48 0.033321
37.49 0.034373
37.50 0.035413
37.51 0.036442
37.52 0.037459
37.53 0.038464
37.54 0.039456
37.55 0.040435
37.56 0.041402
37.57 0.042355
37.58 0.043294
37.59 0.044220
37.60 0.045132
37.61 0.046030
37.62 0.046914
37.63 0.047782
37.64 0.048636
37.65 0.049475
37.66 0.050299
37.67 0.051107
37.68 0.051899
37.69 0.052676
37.70 0.053436
37.71 0.054180
37.72 0.054908
37.73 0.055619
37.74 0.056313
37.75 0.056990
37.76 0.057650
37.77 0.058292
37.78 0.058917
37.79 0.059524
37.80 0.060113
37.81 0.060684
37.82 0.061237
37.83 0.061771
37.84 0.062287
37.85 0.062785
37.86 0.063263
37.87 0.063723
37.88 0.064163
37.89 0.064585
37.90 0.064987
37.91 0.065370
37.92 0.065733
37.93 0.066076
37.94 0.066400
37.95 0.066704
37.96 0.066988
37.97 0.067253
37.98 0.067497
37.99 0.067720
38.00 0.067924
38.01 0.068107
38.02 0.068270
38.03 0.068412
38.04 0.068534
38.05 0.068636
38.06 0.068716
38.07 0.068776
38.08 0.068816
38.09 0.068834
38.10 0.068832
38.11 0.068809
38.12 0.068765
38.13 0.068701
38.14 0.068615
38.15 0.068509
38.16 0.068382
38.17 0.068233
38.18 0.068064
38.19 0.067874
38.20 0.067664
38.21 0.067432
38.22 0.067180
38.23 0.066906
38.24 0.066612
38.25 0.066298
38.26 0.065962
38.27 0.065606
38.28 0.065229
38.29 0.064832
38.30 0.064414
38.31 0.063976
38.32 0.063518
38.33 0.063039
38.34 0.062540
38.35 0.062021
38.36 0.061481
38.37 0.060922
38.38 0.060343
38.39 0.059744
38.40 0.059126
38.41 0.058488
38.42 0.057830
38.43 0.057153
38.44 0.056457
38.45 0.055742
38.46 0.055008
38.47 0.054255
38.48 0.053483
38.49 0.052693
38.50 0.051885
38.51 0.051058
38.52 0.050213
38.53 0.049350
38.54 0.048469
38.55 0.047571
38.56 0.046655
38.57 0.045722
38.58 0.044772
38.59 0.043805
38.60 0.042821
38.61 0.041821
38.62 0.040804
38.63 0.039772
38.64 0.038723
38.65 0.037658
38.66 0.036579
38.67 0.035483
38.68 0.034373
38.69 0.033248
38.70 0.032108
38.71 0.030954
38.72 0.029786
38.73 0.028604
38.74 0.027408
38.75 0.026199
38.76 0.024976
38.77 0.023741
38.78 0.022493
38.79 0.021233
38.80 0.019960
38.81 0.018676
38.82 0.017380
38.83 0.016072
38.84 0.014754
38.85 0.013424
38.86 0.012085
38.87 0.010735
38.88 0.009375
38.89 0.008005
38.90 0.006626
38.91 0.005238
38.92 0.003841
38.93 0.002435
38.94 0.001022
38.95 -0.000400
38.96 -0.001829
38.97 -0.003265
38.98 -0.004709
38.99 -0.006159
39.00 -0.007615
39.01 -0.009078
39.02 -0.010546
39.03 -0.012020
39.04 -0.013498
39.05 -0.014982
39.06 -0.016470
39.07 -0.017962
39.08 -0.019458
39.09 -0.020957
39.10 -0.022460
39.11 -0.023965
39.12 -0.025474
39.13 -0.026984
39.14 -0.028496
39.15 -0.030010
39.16 -0.031524
39.17 -0.033040
39.18 -0.034557
39.19 -0.036073
39.20 -0.037590
39.21 -0.039106
39.22 -0.040621
39.23 -0.042136
39.24 -0.043648
39.25 -0.045160
39.26 -0.046669
39.27 -0.048175
39.28 -0.049679
39.29 -0.051180
39.30 -0.052677
39.31 -0.054171
39.32 -0.055661
39.33 -0.057146
39.34 -0.058627
39.35 -0.060103
39.36 -0.061573
39.37 -0.063038
39.38 -0.064496
39.39 -0.065949
39.40 -0.067394
39.41 -0.068833
39.42 -0.070265
39.43 -0.071689
39.44 -0.073105
39.45 -0.074513
39.46 -0.075912
39.47 -0.077303
39.48 -0.078684
39.49 -0.080056
39.50 -0.081419
39.51 -0.082771
39.52 -0.084113
39.53 -0.085444
39.54 -0.086765
39.55 -0.088074
39.56 -0.089372
39.57 -0.090658
39.58 -0.091932
39.59 -0.093194
39.60 -0.094443
39.61 -0.095680
39.62 -0.096903
39.63 -0.098112
39.64 -0.099309
39.65 -0.100491
39.66 -0.101659
39.67 -0.102812
39.68 -0.103951
39.69 -0.105074
39.70 -0.106183
39.71 -0.107276
39.72 -0.108353
39.73 -0.109415
39.74 -0.110460
39.75 -0.111489
39.76 -0.112501
39.77 -0.113496
39.78 -0.114474
39.79 -0.115435
39.80 -0.116379
39.81 -0.117304
39.82 -0.118212
39.83 -0.119102
39.84 -0.119973
39.85 -0.120825
39.86 -0.121659
39.87 -0.122474
39.88 -0.123270
39.89 -0.124047
39.90 -0.124804
39.91 -0.125542
39.92 -0.126260
39.93 -0.126957
39.94 -0.127635
39.95 -0.128292
39.96 -0.128929
39.97 -0.129546
39.98 -0.130142
39.99 -0.130717
40.00 -0.131270
