# Time (s)   Displacement (m)
0.00 0.000000
0.01 0.000000
0.02 0.000000
0.03 0.000000
0.04 0.000000
0.05 0.000000
0.06 0.000000
0.07 0.000000
0.08 0.000000
0.09 0.000000
0.10 0.000000
0.11 0.000000
0.12 0.000000
0.13 0.000000
0.14 0.000000
0.15 0.000000
0.16 0.000000
0.17 0.000000
0.18 0.000000
0.19 0.000000
0.20 0.000000
0.21 0.000000
0.22 0.000000
0.23 0.000000
0.24 0.000000
0.25 0.000000
0.26 0.000000
0.27 0.000000
0.28 0.000000
0.29 0.000001
0.30 0.000001
0.31 0.000001
0.32 0.000001
0.33 0.000001
0.34 0.000001
0.35 0.000001
0.36 0.000001
0.37 0.000001
0.38 0.000001
0.39 0.000001
0.40 0.000001
0.41 0.000001
0.42 0.000001
0.43 0.000001
0.44 0.000001
0.45 0.000001
0.46 0.000002
0.47 0.000002
0.48 0.000002
0.49 0.000002
0.50 0.000002
0.51 0.000002
0.52 0.000002
0.53 0.000002
0.54 0.000002
0.55 0.000002
0.56 0.000002
0.57 0.000002
0.58 0.000003
0.59 0.000003
0.60 0.000003
0.61 0.000003
0.62 0.000003
0.63 0.000003
0.64 0.000003
0.65 0.000003
0.66 0.000003
0.67 0.000003
0.68 0.000004
0.69 0.000004
0.70 0.000004
0.71 0.000004
0.72 0.000004
0.73 0.000004
0.74 0.000005
0.75 0.000005
0.76 0.000005
0.77 0.000005
0.78 0.000006
0.79 0.000006
0.80 0.000006
0.81 0.000006
0.82 0.000006
0.83 0.000006
0.84 0.000006
0.85 0.000006
0.86 0.000006
0.87 0.000006
0.88 0.000007
0.89 0.000007
0.90 0.000007
0.91 0.000007
0.92 0.000008
0.93 0.000008
0.94 0.000008
0.95 0.000008
0.96 0.000009
0.97 0.000009
0.98 0.000009
0.99 0.000009
1.00 0.000009
1.01 0.000009
1.02 0.000009
1.03 0.000009
1.04 0.000009
1.05 0.000010
1.06 0.000010
1.07 0.000010
1.08 0.000010
1.09 0.000010
1.10 0.000010
1.11 0.000010
1.12 0.000010
1.13 0.000010
1.14 0.000011
1.15 0.000011
1.16 0.000011
1.17 0.000011
1.18 0.000011
1.19 0.000011
1.20 0.000012
1.21 0.000012
1.22 0.000012
1.23 0.000013
1.24 0.000014
1.25 0.000014
1.26 0.000015
1.27 0.000015
1.28 0.000015
1.29 0.000015
1.30 0.000015
1.31 0.000015
1.32 0.000016
1.33 0.000016
1.34 0.000016
1.35 0.000016
1.36 0.000017
1.37 0.000017
1.38 0.000018
1.39 0.000018
1.40 0.000019
1.41 0.000019
1.42 0.000019
1.43 0.000019
1.44 0.000020
1.45 0.000020
1.46 0.000020
1.47 0.000020
1.48 0.000019
1.49 0.000019
1.50 0.000019
1.51 0.000020
1.52 0.000020
1.53 0.000020
1.54 0.000020
1.55 0.000021
1.56 0.000022
1.57 0.000022
1.58 0.000022
1.59 0.000022
1.60 0.000022
1.61 0.000022
1.62 0.000022
1.63 0.000022
1.64 0.000023
1.65 0.000024
1.66 0.000024
1.67 0.000025
1.68 0.000025
1.69 0.000026
1.70 0.000026
1.71 0.000026
1.72 0.000026
1.73 0.000026
1.74 0.000027
1.75 0.000027
1.76 0.000028
1.77 0.000028
1.78 0.000028
1.79 0.000028
1.80 0.000028
1.81 0.000028
1.82 0.000028
1.83 0.000028
1.84 0.000028
1.85 0.000029
1.86 0.000029
1.87 0.000029
1.88 0.000030
1.89 0.000030
1.90 0.000031
1.91 0.000031
1.92 0.000030
1.93 0.000030
1.94 0.000030
1.95 0.000031
1.96 0.000031
1.97 0.000031
1.98 0.000032
1.99 0.000033
2.00 0.000034
2.01 0.000034
2.02 0.000034
2.03 0.000034
2.04 0.000033
2.05 0.000034
2.06 0.000034
2.07 0.000034
2.08 0.000035
2.09 0.000035
2.10 0.000036
2.11 0.000036
2.12 0.000036
2.13 0.000036
2.14 0.000036
2.15 0.000036
2.16 0.000036
2.17 0.000037
2.18 0.000037
2.19 0.000038
2.20 0.000038
2.21 0.000039
2.22 0.000039
2.23 0.000038
2.24 0.000038
2.25 0.000038
2.26 0.000038
2.27 0.000038
2.28 0.000038
2.29 0.000038
2.30 0.000039
2.31 0.000040
2.32 0.000041
2.33 0.000042
2.34 0.000043
2.35 0.000043
2.36 0.000043
2.37 0.000043
2.38 0.000043
2.39 0.000043
2.40 0.000043
2.41 0.000042
2.42 0.000042
2.43 0.000042
2.44 0.000042
2.45 0.000042
2.46 0.000043
2.47 0.000043
2.48 0.000043
2.49 0.000043
2.50 0.000043
2.51 0.000042
2.52 0.000041
2.53 0.000041
2.54 0.000041
2.55 0.000042
2.56 0.000042
2.57 0.000044
2.58 0.000046
2.59 0.000047
2.60 0.000049
2.61 0.000050
2.62 0.000051
2.63 0.000052
2.64 0.000053
2.65 0.000053
2.66 0.000052
2.67 0.000051
2.68 0.000050
2.69 0.000049
2.70 0.000048
2.71 0.000047
2.72 0.000045
2.73 0.000044
2.74 0.000044
2.75 0.000045
2.76 0.000047
2.77 0.000049
2.78 0.000052
2.79 0.000054
2.80 0.000055
2.81 0.000055
2.82 0.000054
2.83 0.000054
2.84 0.000054
2.85 0.000055
2.86 0.000056
2.87 0.000058
2.88 0.000060
2.89 0.000062
2.90 0.000065
2.91 0.000067
2.92 0.000070
2.93 0.000072
2.94 0.000073
2.95 0.000075
2.96 0.000076
2.97 0.000078
2.98 0.000079
2.99 0.000079
3.00 0.000078
3.01 0.000076
3.02 0.000073
3.03 0.000071
3.04 0.000071
3.05 0.000074
3.06 0.000077
3.07 0.000080
3.08 0.000081
3.09 0.000081
3.10 0.000082
3.11 0.000083
3.12 0.000085
3.13 0.000088
3.14 0.000091
3.15 0.000094
3.16 0.000097
3.17 0.000100
3.18 0.000102
3.19 0.000104
3.20 0.000105
3.21 0.000107
3.22 0.000108
3.23 0.000108
3.24 0.000106
3.25 0.000104
3.26 0.000104
3.27 0.000105
3.28 0.000105
3.29 0.000105
3.30 0.000103
3.31 0.000103
3.32 0.000103
3.33 0.000104
3.34 0.000106
3.35 0.000108
3.36 0.000110
3.37 0.000111
3.38 0.000111
3.39 0.000110
3.40 0.000110
3.41 0.000112
3.42 0.000117
3.43 0.000121
3.44 0.000125
3.45 0.000129
3.46 0.000133
3.47 0.000136
3.48 0.000138
3.49 0.000138
3.50 0.000135
3.51 0.000131
3.52 0.000127
3.53 0.000124
3.54 0.000121
3.55 0.000119
3.56 0.000118
3.57 0.000117
3.58 0.000115
3.59 0.000114
3.60 0.000113
3.61 0.000114
3.62 0.000116
3.63 0.000119
3.64 0.000122
3.65 0.000126
3.66 0.000128
3.67 0.000128
3.68 0.000125
3.69 0.000120
3.70 0.000115
3.71 0.000110
3.72 0.000108
3.73 0.000109
3.74 0.000112
3.75 0.000116
3.76 0.000119
3.77 0.000122
3.78 0.000124
3.79 0.000126
3.80 0.000127
3.81 0.000125
3.82 0.000118
3.83 0.000107
3.84 0.000092
3.85 0.000080
3.86 0.000073
3.87 0.000072
3.88 0.000076
3.89 0.000083
3.90 0.000090
3.91 0.000095
3.92 0.000099
3.93 0.000101
3.94 0.000101
3.95 0.000100
3.96 0.000098
3.97 0.000094
3.98 0.000090
3.99 0.000086
4.00 0.000085
4.01 0.000086
4.02 0.000088
4.03 0.000091
4.04 0.000094
4.05 0.000096
4.06 0.000096
4.07 0.000096
4.08 0.000094
4.09 0.000090
4.10 0.000082
4.11 0.000070
4.12 0.000057
4.13 0.000044
4.14 0.000037
4.15 0.000035
4.16 0.000038
4.17 0.000044
4.18 0.000054
4.19 0.000065
4.20 0.000073
4.21 0.000078
4.22 0.000079
4.23 0.000079
4.24 0.000077
4.25 0.000076
4.26 0.000073
4.27 0.000068
4.28 0.000060
4.29 0.000051
4.30 0.000042
4.31 0.000034
4.32 0.000026
4.33 0.000017
4.34 0.000006
4.35 -0.000004
4.36 -0.000012
4.37 -0.000014
4.38 -0.000010
4.39 0.000001
4.40 0.000016
4.41 0.000030
4.42 0.000041
4.43 0.000047
4.44 0.000044
4.45 0.000031
4.46 0.000011
4.47 -0.000014
4.48 -0.000042
4.49 -0.000070
4.50 -0.000097
4.51 -0.000119
4.52 -0.000135
4.53 -0.000143
4.54 -0.000143
4.55 -0.000134
4.56 -0.000118
4.57 -0.000095
4.58 -0.000067
4.59 -0.000039
4.60 -0.000013
4.61 0.000008
4.62 0.000022
4.63 0.000032
4.64 0.000039
4.65 0.000044
4.66 0.000043
4.67 0.000033
4.68 0.000013
4.69 -0.000019
4.70 -0.000061
4.71 -0.000111
4.72 -0.000167
4.73 -0.000224
4.74 -0.000276
4.75 -0.000322
4.76 -0.000361
4.77 -0.000394
4.78 -0.000423
4.79 -0.000449
4.80 -0.000474
4.81 -0.000504
4.82 -0.000539
4.83 -0.000578
4.84 -0.000612
4.85 -0.000636
4.86 -0.000649
4.87 -0.000653
4.88 -0.000653
4.89 -0.000652
4.90 -0.000654
4.91 -0.000655
4.92 -0.000655
4.93 -0.000651
4.94 -0.000645
4.95 -0.000642
4.96 -0.000648
4.97 -0.000666
4.98 -0.000693
4.99 -0.000725
5.00 -0.000757
5.01 -0.000787
5.02 -0.000814
5.03 -0.000835
5.04 -0.000845
5.05 -0.000839
5.06 -0.000813
5.07 -0.000772
5.08 -0.000723
5.09 -0.000676
5.10 -0.000640
5.11 -0.000614
5.12 -0.000594
5.13 -0.000573
5.14 -0.000548
5.15 -0.000520
5.16 -0.000493
5.17 -0.000467
5.18 -0.000442
5.19 -0.000417
5.20 -0.000397
5.21 -0.000385
5.22 -0.000385
5.23 -0.000397
5.24 -0.000417
5.25 -0.000439
5.26 -0.000463
5.27 -0.000486
5.28 -0.000510
5.29 -0.000535
5.30 -0.000562
5.31 -0.000586
5.32 -0.000604
5.33 -0.000609
5.34 -0.000603
5.35 -0.000589
5.36 -0.000570
5.37 -0.000547
5.38 -0.000519
5.39 -0.000485
5.40 -0.000451
5.41 -0.000424
5.42 -0.000408
5.43 -0.000406
5.44 -0.000415
5.45 -0.000430
5.46 -0.000445
5.47 -0.000452
5.48 -0.000447
5.49 -0.000426
5.50 -0.000391
5.51 -0.000348
5.52 -0.000304
5.53 -0.000266
5.54 -0.000236
5.55 -0.000212
5.56 -0.000191
5.57 -0.000173
5.58 -0.000158
5.59 -0.000147
5.60 -0.000136
5.61 -0.000122
5.62 -0.000103
5.63 -0.000077
5.64 -0.000045
5.65 -0.000006
5.66 0.000041
5.67 0.000094
5.68 0.000151
5.69 0.000203
5.70 0.000249
5.71 0.000289
5.72 0.000325
5.73 0.000360
5.74 0.000397
5.75 0.000437
5.76 0.000478
5.77 0.000517
5.78 0.000551
5.79 0.000576
5.80 0.000593
5.81 0.000605
5.82 0.000619
5.83 0.000640
5.84 0.000676
5.85 0.000729
5.86 0.000799
5.87 0.000884
5.88 0.000979
5.89 0.001075
5.90 0.001165
5.91 0.001240
5.92 0.001295
5.93 0.001328
5.94 0.001336
5.95 0.001322
5.96 0.001287
5.97 0.001234
5.98 0.001169
5.99 0.001094
6.00 0.001016
6.01 0.000936
6.02 0.000860
6.03 0.000788
6.04 0.000719
6.05 0.000651
6.06 0.000579
6.07 0.000501
6.08 0.000425
6.09 0.000361
6.10 0.000321
6.11 0.000309
6.12 0.000323
6.13 0.000357
6.14 0.000404
6.15 0.000454
6.16 0.000501
6.17 0.000541
6.18 0.000577
6.19 0.000609
6.20 0.000640
6.21 0.000668
6.22 0.000691
6.23 0.000705
6.24 0.000708
6.25 0.000698
6.26 0.000677
6.27 0.000647
6.28 0.000610
6.29 0.000565
6.30 0.000513
6.31 0.000453
6.32 0.000389
6.33 0.000325
6.34 0.000269
6.35 0.000222
6.36 0.000183
6.37 0.000150
6.38 0.000120
6.39 0.000091
6.40 0.000064
6.41 0.000043
6.42 0.000033
6.43 0.000036
6.44 0.000053
6.45 0.000081
6.46 0.000114
6.47 0.000145
6.48 0.000171
6.49 0.000190
6.50 0.000201
6.51 0.000203
6.52 0.000196
6.53 0.000176
6.54 0.000142
6.55 0.000098
6.56 0.000047
6.57 -0.000003
6.58 -0.000042
6.59 -0.000063
6.60 -0.000065
6.61 -0.000052
6.62 -0.000031
6.63 -0.000008
6.64 0.000011
6.65 0.000024
6.66 0.000029
6.67 0.000023
6.68 0.000007
6.69 -0.000017
6.70 -0.000048
6.71 -0.000088
6.72 -0.000138
6.73 -0.000201
6.74 -0.000274
6.75 -0.000355
6.76 -0.000439
6.77 -0.000521
6.78 -0.000595
6.79 -0.000658
6.80 -0.000712
6.81 -0.000759
6.82 -0.000804
6.83 -0.000850
6.84 -0.000899
6.85 -0.000949
6.86 -0.001001
6.87 -0.001057
6.88 -0.001117
6.89 -0.001180
6.90 -0.001242
6.91 -0.001303
6.92 -0.001365
6.93 -0.001431
6.94 -0.001503
6.95 -0.001581
6.96 -0.001662
6.97 -0.001746
6.98 -0.001833
6.99 -0.001918
7.00 -0.001994
7.01 -0.002043
7.02 -0.002051
7.03 -0.002004
7.04 -0.001901
7.05 -0.001745
7.06 -0.001550
7.07 -0.001331
7.08 -0.001101
7.09 -0.000873
7.10 -0.000658
7.11 -0.000467
7.12 -0.000302
7.13 -0.000163
7.14 -0.000045
7.15 0.000052
7.16 0.000124
7.17 0.000163
7.18 0.000170
7.19 0.000152
7.20 0.000119
7.21 0.000077
7.22 0.000032
7.23 -0.000014
7.24 -0.000056
7.25 -0.000091
7.26 -0.000119
7.27 -0.000144
7.28 -0.000171
7.29 -0.000207
7.30 -0.000260
7.31 -0.000335
7.32 -0.000427
7.33 -0.000526
7.34 -0.000620
7.35 -0.000702
7.36 -0.000770
7.37 -0.000827
7.38 -0.000881
7.39 -0.000938
7.40 -0.001002
7.41 -0.001072
7.42 -0.001144
7.43 -0.001216
7.44 -0.001279
7.45 -0.001333
7.46 -0.001378
7.47 -0.001417
7.48 -0.001451
7.49 -0.001478
7.50 -0.001494
7.51 -0.001493
7.52 -0.001472
7.53 -0.001428
7.54 -0.001363
7.55 -0.001278
7.56 -0.001180
7.57 -0.001073
7.58 -0.000964
7.59 -0.000852
7.60 -0.000737
7.61 -0.000619
7.62 -0.000502
7.63 -0.000391
7.64 -0.000296
7.65 -0.000224
7.66 -0.000177
7.67 -0.000153
7.68 -0.000146
7.69 -0.000151
7.70 -0.000162
7.71 -0.000173
7.72 -0.000181
7.73 -0.000182
7.74 -0.000178
7.75 -0.000172
7.76 -0.000166
7.77 -0.000161
7.78 -0.000162
7.79 -0.000170
7.80 -0.000190
7.81 -0.000221
7.82 -0.000259
7.83 -0.000293
7.84 -0.000309
7.85 -0.000297
7.86 -0.000256
7.87 -0.000192
7.88 -0.000112
7.89 -0.000016
7.90 0.000095
7.91 0.000219
7.92 0.000352
7.93 0.000487
7.94 0.000621
7.95 0.000754
7.96 0.000888
7.97 0.001024
7.98 0.001161
7.99 0.001296
8.00 0.001416
8.01 0.001511
8.02 0.001575
8.03 0.001612
8.04 0.001628
8.05 0.001627
8.06 0.001610
8.07 0.001574
8.08 0.001517
8.09 0.001437
8.10 0.001337
8.11 0.001222
8.12 0.001101
8.13 0.000983
8.14 0.000873
8.15 0.000771
8.16 0.000672
8.17 0.000571
8.18 0.000464
8.19 0.000352
8.20 0.000234
8.21 0.000112
8.22 -0.000013
8.23 -0.000142
8.24 -0.000273
8.25 -0.000407
8.26 -0.000541
8.27 -0.000672
8.28 -0.000796
8.29 -0.000902
8.30 -0.000985
8.31 -0.001041
8.32 -0.001068
8.33 -0.001067
8.34 -0.001038
8.35 -0.000986
8.36 -0.000917
8.37 -0.000831
8.38 -0.000730
8.39 -0.000618
8.40 -0.000500
8.41 -0.000384
8.42 -0.000275
8.43 -0.000175
8.44 -0.000082
8.45 0.000007
8.46 0.000099
8.47 0.000199
8.48 0.000313
8.49 0.000439
8.50 0.000572
8.51 0.000702
8.52 0.000821
8.53 0.000927
8.54 0.001021
8.55 0.001105
8.56 0.001180
8.57 0.001245
8.58 0.001299
8.59 0.001342
8.60 0.001374
8.61 0.001396
8.62 0.001410
8.63 0.001412
8.64 0.001402
8.65 0.001374
8.66 0.001322
8.67 0.001248
8.68 0.001157
8.69 0.001054
8.70 0.000947
8.71 0.000835
8.72 0.000723
8.73 0.000614
8.74 0.000513
8.75 0.000424
8.76 0.000350
8.77 0.000294
8.78 0.000256
8.79 0.000236
8.80 0.000230
8.81 0.000236
8.82 0.000250
8.83 0.000267
8.84 0.000279
8.85 0.000279
8.86 0.000265
8.87 0.000239
8.88 0.000207
8.89 0.000173
8.90 0.000140
8.91 0.000113
8.92 0.000093
8.93 0.000084
8.94 0.000083
8.95 0.000088
8.96 0.000094
8.97 0.000098
8.98 0.000095
8.99 0.000082
9.00 0.000056
9.01 0.000019
9.02 -0.000026
9.03 -0.000071
9.04 -0.000113
9.05 -0.000147
9.06 -0.000169
9.07 -0.000172
9.08 -0.000155
9.09 -0.000118
9.10 -0.000064
9.11 0.000004
9.12 0.000085
9.13 0.000179
9.14 0.000281
9.15 0.000384
9.16 0.000480
9.17 0.000565
9.18 0.000635
9.19 0.000687
9.20 0.000715
9.21 0.000721
9.22 0.000710
9.23 0.000689
9.24 0.000664
9.25 0.000644
9.26 0.000634
9.27 0.000641
9.28 0.000673
9.29 0.000734
9.30 0.000824
9.31 0.000937
9.32 0.001066
9.33 0.001204
9.34 0.001343
9.35 0.001476
9.36 0.001600
9.37 0.001715
9.38 0.001820
9.39 0.001910
9.40 0.001979
9.41 0.002024
9.42 0.002047
9.43 0.002054
9.44 0.002050
9.45 0.002030
9.46 0.001991
9.47 0.001930
9.48 0.001849
9.49 0.001751
9.50 0.001638
9.51 0.001510
9.52 0.001368
9.53 0.001219
9.54 0.001072
9.55 0.000932
9.56 0.000803
9.57 0.000686
9.58 0.000580
9.59 0.000488
9.60 0.000409
9.61 0.000345
9.62 0.000295
9.63 0.000263
9.64 0.000248
9.65 0.000252
9.66 0.000273
9.67 0.000308
9.68 0.000351
9.69 0.000393
9.70 0.000433
9.71 0.000470
9.72 0.000510
9.73 0.000555
9.74 0.000606
9.75 0.000661
9.76 0.000714
9.77 0.000759
9.78 0.000789
9.79 0.000804
9.80 0.000807
9.81 0.000807
9.82 0.000813
9.83 0.000826
9.84 0.000850
9.85 0.000886
9.86 0.000938
9.87 0.001003
9.88 0.001077
9.89 0.001147
9.90 0.001201
9.91 0.001230
9.92 0.001234
9.93 0.001214
9.94 0.001175
9.95 0.001123
9.96 0.001063
9.97 0.001000
9.98 0.000937
9.99 0.000879
10.00 0.000830
10.01 0.000793
10.02 0.000770
10.03 0.000760
10.04 0.000756
10.05 0.000754
10.06 0.000746
10.07 0.000730
10.08 0.000699
10.09 0.000653
10.10 0.000589
10.11 0.000507
10.12 0.000410
10.13 0.000297
10.14 0.000173
10.15 0.000037
10.16 -0.000106
10.17 -0.000250
10.18 -0.000386
10.19 -0.000497
10.20 -0.000568
10.21 -0.000587
10.22 -0.000556
10.23 -0.000485
10.24 -0.000389
10.25 -0.000280
10.26 -0.000165
10.27 -0.000048
10.28 0.000065
10.29 0.000168
10.30 0.000251
10.31 0.000311
10.32 0.000348
10.33 0.000369
10.34 0.000376
10.35 0.000371
10.36 0.000351
10.37 0.000313
10.38 0.000261
10.39 0.000203
10.40 0.000145
10.41 0.000089
10.42 0.000037
10.43 -0.000013
10.44 -0.000061
10.45 -0.000106
10.46 -0.000146
10.47 -0.000176
10.48 -0.000192
10.49 -0.000193
10.50 -0.000182
10.51 -0.000165
10.52 -0.000140
10.53 -0.000108
10.54 -0.000067
10.55 -0.000018
10.56 0.000037
10.57 0.000095
10.58 0.000153
10.59 0.000205
10.60 0.000249
10.61 0.000280
10.62 0.000298
10.63 0.000304
10.64 0.000299
10.65 0.000283
10.66 0.000260
10.67 0.000239
10.68 0.000228
10.69 0.000232
10.70 0.000252
10.71 0.000287
10.72 0.000335
10.73 0.000394
10.74 0.000464
10.75 0.000545
10.76 0.000637
10.77 0.000738
10.78 0.000846
10.79 0.000955
10.80 0.001059
10.81 0.001149
10.82 0.001220
10.83 0.001270
10.84 0.001301
10.85 0.001315
10.86 0.001315
10.87 0.001304
10.88 0.001284
10.89 0.001259
10.90 0.001234
10.91 0.001213
10.92 0.001198
10.93 0.001187
10.94 0.001173
10.95 0.001150
10.96 0.001114
10.97 0.001067
10.98 0.001015
10.99 0.000958
11.00 0.000897
11.01 0.000827
11.02 0.000748
11.03 0.000659
11.04 0.000565
11.05 0.000468
11.06 0.000370
11.07 0.000273
11.08 0.000177
11.09 0.000084
11.10 -0.000004
11.11 -0.000085
11.12 -0.000160
11.13 -0.000229
11.14 -0.000294
11.15 -0.000359
11.16 -0.000424
11.17 -0.000488
11.18 -0.000551
11.19 -0.000611
11.20 -0.000665
11.21 -0.000707
11.22 -0.000732
11.23 -0.000739
11.24 -0.000729
11.25 -0.000706
11.26 -0.000671
11.27 -0.000624
11.28 -0.000564
11.29 -0.000490
11.30 -0.000405
11.31 -0.000307
11.32 -0.000203
11.33 -0.000106
11.34 -0.000032
11.35 0.000014
11.36 0.000040
11.37 0.000059
11.38 0.000082
11.39 0.000110
11.40 0.000136
11.41 0.000154
11.42 0.000160
11.43 0.000155
11.44 0.000141
11.45 0.000121
11.46 0.000098
11.47 0.000075
11.48 0.000051
11.49 0.000021
11.50 -0.000016
11.51 -0.000060
11.52 -0.000105
11.53 -0.000147
11.54 -0.000185
11.55 -0.000217
11.56 -0.000243
11.57 -0.000261
11.58 -0.000273
11.59 -0.000281
11.60 -0.000288
11.61 -0.000297
11.62 -0.000307
11.63 -0.000317
11.64 -0.000328
11.65 -0.000344
11.66 -0.000370
11.67 -0.000412
11.68 -0.000470
11.69 -0.000542
11.70 -0.000624
11.71 -0.000710
11.72 -0.000793
11.73 -0.000871
11.74 -0.000947
11.75 -0.001024
11.76 -0.001102
11.77 -0.001180
11.78 -0.001255
11.79 -0.001324
11.80 -0.001391
11.81 -0.001460
11.82 -0.001535
11.83 -0.001614
11.84 -0.001694
11.85 -0.001772
11.86 -0.001846
11.87 -0.001918
11.88 -0.001985
11.89 -0.002044
11.90 -0.002091
11.91 -0.002127
11.92 -0.002153
11.93 -0.002174
11.94 -0.002191
11.95 -0.002204
11.96 -0.002211
11.97 -0.002208
11.98 -0.002194
11.99 -0.002170
12.00 -0.002139
12.01 -0.002104
12.02 -0.002064
12.03 -0.002021
12.04 -0.001977
12.05 -0.001934
12.06 -0.001896
12.07 -0.001862
12.08 -0.001833
12.09 -0.001805
12.10 -0.001778
12.11 -0.001752
12.12 -0.001730
12.13 -0.001717
12.14 -0.001712
12.15 -0.001714
12.16 -0.001718
12.17 -0.001719
12.18 -0.001715
12.19 -0.001706
12.20 -0.001694
12.21 -0.001680
12.22 -0.001665
12.23 -0.001649
12.24 -0.001629
12.25 -0.001605
12.26 -0.001578
12.27 -0.001549
12.28 -0.001520
12.29 -0.001494
12.30 -0.001471
12.31 -0.001450
12.32 -0.001430
12.33 -0.001409
12.34 -0.001387
12.35 -0.001362
12.36 -0.001335
12.37 -0.001306
12.38 -0.001275
12.39 -0.001243
12.40 -0.001213
12.41 -0.001185
12.42 -0.001160
12.43 -0.001135
12.44 -0.001111
12.45 -0.001089
12.46 -0.001074
12.47 -0.001068
12.48 -0.001073
12.49 -0.001091
12.50 -0.001120
12.51 -0.001157
12.52 -0.001198
12.53 -0.001243
12.54 -0.001291
12.55 -0.001344
12.56 -0.001400
12.57 -0.001455
12.58 -0.001502
12.59 -0.001538
12.60 -0.001562
12.61 -0.001579
12.62 -0.001594
12.63 -0.001609
12.64 -0.001622
12.65 -0.001631
12.66 -0.001631
12.67 -0.001624
12.68 -0.001608
12.69 -0.001581
12.70 -0.001541
12.71 -0.001491
12.72 -0.001436
12.73 -0.001382
12.74 -0.001336
12.75 -0.001298
12.76 -0.001267
12.77 -0.001244
12.78 -0.001228
12.79 -0.001220
12.80 -0.001221
12.81 -0.001227
12.82 -0.001238
12.83 -0.001248
12.84 -0.001256
12.85 -0.001257
12.86 -0.001251
12.87 -0.001238
12.88 -0.001224
12.89 -0.001215
12.90 -0.001214
12.91 -0.001218
12.92 -0.001223
12.93 -0.001229
12.94 -0.001236
12.95 -0.001245
12.96 -0.001251
12.97 -0.001251
12.98 -0.001237
12.99 -0.001214
13.00 -0.001187
13.01 -0.001165
13.02 -0.001150
13.03 -0.001139
13.04 -0.001129
13.05 -0.001119
13.06 -0.001108
13.07 -0.001100
13.08 -0.001096
13.09 -0.001095
13.10 -0.001092
13.11 -0.001086
13.12 -0.001074
13.13 -0.001057
13.14 -0.001035
13.15 -0.001010
13.16 -0.000980
13.17 -0.000945
13.18 -0.000906
13.19 -0.000865
13.20 -0.000825
13.21 -0.000787
13.22 -0.000753
13.23 -0.000726
13.24 -0.000704
13.25 -0.000686
13.26 -0.000670
13.27 -0.000656
13.28 -0.000643
13.29 -0.000629
13.30 -0.000613
13.31 -0.000597
13.32 -0.000584
13.33 -0.000575
13.34 -0.000572
13.35 -0.000575
13.36 -0.000583
13.37 -0.000593
13.38 -0.000602
13.39 -0.000609
13.40 -0.000614
13.41 -0.000616
13.42 -0.000612
13.43 -0.000603
13.44 -0.000587
13.45 -0.000564
13.46 -0.000538
13.47 -0.000510
13.48 -0.000480
13.49 -0.000446
13.50 -0.000408
13.51 -0.000367
13.52 -0.000324
13.53 -0.000279
13.54 -0.000233
13.55 -0.000187
13.56 -0.000140
13.57 -0.000095
13.58 -0.000051
13.59 -0.000006
13.60 0.000040
13.61 0.000086
13.62 0.000128
13.63 0.000165
13.64 0.000194
13.65 0.000217
13.66 0.000235
13.67 0.000249
13.68 0.000260
13.69 0.000268
13.70 0.000273
13.71 0.000275
13.72 0.000274
13.73 0.000274
13.74 0.000279
13.75 0.000288
13.76 0.000299
13.77 0.000309
13.78 0.000318
13.79 0.000325
13.80 0.000330
13.81 0.000333
13.82 0.000334
13.83 0.000331
13.84 0.000325
13.85 0.000317
13.86 0.000310
13.87 0.000305
13.88 0.000305
13.89 0.000309
13.90 0.000316
13.91 0.000326
13.92 0.000335
13.93 0.000344
13.94 0.000352
13.95 0.000360
13.96 0.000368
13.97 0.000375
13.98 0.000382
13.99 0.000385
14.00 0.000386
14.01 0.000385
14.02 0.000382
14.03 0.000379
14.04 0.000377
14.05 0.000376
14.06 0.000374
14.07 0.000370
14.08 0.000362
14.09 0.000351
14.10 0.000337
14.11 0.000321
14.12 0.000304
14.13 0.000284
14.14 0.000262
14.15 0.000238
14.16 0.000211
14.17 0.000185
14.18 0.000161
14.19 0.000143
14.20 0.000133
14.21 0.000131
14.22 0.000137
14.23 0.000149
14.24 0.000168
14.25 0.000190
14.26 0.000215
14.27 0.000240
14.28 0.000265
14.29 0.000289
14.30 0.000309
14.31 0.000325
14.32 0.000338
14.33 0.000350
14.34 0.000363
14.35 0.000382
14.36 0.000407
14.37 0.000439
14.38 0.000479
14.39 0.000524
14.40 0.000573
14.41 0.000621
14.42 0.000666
14.43 0.000709
14.44 0.000750
14.45 0.000790
14.46 0.000830
14.47 0.000869
14.48 0.000911
14.49 0.000957
14.50 0.001009
14.51 0.001065
14.52 0.001124
14.53 0.001185
14.54 0.001244
14.55 0.001302
14.56 0.001358
14.57 0.001410
14.58 0.001461
14.59 0.001509
14.60 0.001555
14.61 0.001597
14.62 0.001636
14.63 0.001671
14.64 0.001704
14.65 0.001735
14.66 0.001764
14.67 0.001791
14.68 0.001815
14.69 0.001834
14.70 0.001849
14.71 0.001858
14.72 0.001863
14.73 0.001862
14.74 0.001856
14.75 0.001848
14.76 0.001838
14.77 0.001830
14.78 0.001823
14.79 0.001818
14.80 0.001815
14.81 0.001817
14.82 0.001824
14.83 0.001834
14.84 0.001847
14.85 0.001859
14.86 0.001869
14.87 0.001875
14.88 0.001876
14.89 0.001873
14.90 0.001866
14.91 0.001857
14.92 0.001846
14.93 0.001835
14.94 0.001825
14.95 0.001816
14.96 0.001809
14.97 0.001802
14.98 0.001793
14.99 0.001783
15.00 0.001771
15.01 0.001756
15.02 0.001741
15.03 0.001726
15.04 0.001716
15.05 0.001712
15.06 0.001714
15.07 0.001721
15.08 0.001731
15.09 0.001745
15.10 0.001760
15.11 0.001774
15.12 0.001787
15.13 0.001795
15.14 0.001798
15.15 0.001795
15.16 0.001788
15.17 0.001778
15.18 0.001769
15.19 0.001762
15.20 0.001758
15.21 0.001757
15.22 0.001757
15.23 0.001760
15.24 0.001765
15.25 0.001770
15.26 0.001774
15.27 0.001778
15.28 0.001782
15.29 0.001786
15.30 0.001788
15.31 0.001789
15.32 0.001787
15.33 0.001785
15.34 0.001783
15.35 0.001784
15.36 0.001787
15.37 0.001793
15.38 0.001801
15.39 0.001810
15.40 0.001818
15.41 0.001823
15.42 0.001824
15.43 0.001819
15.44 0.001809
15.45 0.001791
15.46 0.001765
15.47 0.001729
15.48 0.001685
15.49 0.001634
15.50 0.001577
15.51 0.001514
15.52 0.001447
15.53 0.001375
15.54 0.001300
15.55 0.001222
15.56 0.001145
15.57 0.001073
15.58 0.001010
15.59 0.000960
15.60 0.000923
15.61 0.000898
15.62 0.000885
15.63 0.000880
15.64 0.000884
15.65 0.000894
15.66 0.000910
15.67 0.000931
15.68 0.000955
15.69 0.000978
15.70 0.000995
15.71 0.001004
15.72 0.001006
15.73 0.001001
15.74 0.000993
15.75 0.000983
15.76 0.000969
15.77 0.000953
15.78 0.000937
15.79 0.000925
15.80 0.000920
15.81 0.000921
15.82 0.000928
15.83 0.000939
15.84 0.000952
15.85 0.000966
15.86 0.000978
15.87 0.000987
15.88 0.000991
15.89 0.000988
15.90 0.000978
15.91 0.000962
15.92 0.000942
15.93 0.000916
15.94 0.000887
15.95 0.000857
15.96 0.000830
15.97 0.000809
15.98 0.000796
15.99 0.000790
16.00 0.000789
16.01 0.000792
16.02 0.000801
16.03 0.000815
16.04 0.000832
16.05 0.000849
16.06 0.000862
16.07 0.000867
16.08 0.000866
16.09 0.000862
16.10 0.000858
16.11 0.000855
16.12 0.000853
16.13 0.000849
16.14 0.000842
16.15 0.000828
16.16 0.000808
16.17 0.000781
16.18 0.000748
16.19 0.000711
16.20 0.000667
16.21 0.000617
16.22 0.000562
16.23 0.000503
16.24 0.000442
16.25 0.000384
16.26 0.000329
16.27 0.000279
16.28 0.000233
16.29 0.000188
16.30 0.000143
16.31 0.000095
16.32 0.000045
16.33 -0.000006
16.34 -0.000053
16.35 -0.000093
16.36 -0.000126
16.37 -0.000152
16.38 -0.000173
16.39 -0.000191
16.40 -0.000205
16.41 -0.000217
16.42 -0.000227
16.43 -0.000237
16.44 -0.000249
16.45 -0.000264
16.46 -0.000282
16.47 -0.000304
16.48 -0.000328
16.49 -0.000353
16.50 -0.000378
16.51 -0.000401
16.52 -0.000421
16.53 -0.000437
16.54 -0.000451
16.55 -0.000460
16.56 -0.000465
16.57 -0.000466
16.58 -0.000462
16.59 -0.000454
16.60 -0.000442
16.61 -0.000428
16.62 -0.000412
16.63 -0.000396
16.64 -0.000383
16.65 -0.000375
16.66 -0.000371
16.67 -0.000372
16.68 -0.000378
16.69 -0.000388
16.70 -0.000402
16.71 -0.000421
16.72 -0.000443
16.73 -0.000466
16.74 -0.000489
16.75 -0.000509
16.76 -0.000527
16.77 -0.000541
16.78 -0.000551
16.79 -0.000555
16.80 -0.000553
16.81 -0.000546
16.82 -0.000533
16.83 -0.000515
16.84 -0.000495
16.85 -0.000477
16.86 -0.000464
16.87 -0.000460
16.88 -0.000463
16.89 -0.000472
16.90 -0.000487
16.91 -0.000506
16.92 -0.000528
16.93 -0.000551
16.94 -0.000571
16.95 -0.000587
16.96 -0.000599
16.97 -0.000611
16.98 -0.000625
16.99 -0.000645
17.00 -0.000672
17.01 -0.000705
17.02 -0.000743
17.03 -0.000781
17.04 -0.000817
17.05 -0.000849
17.06 -0.000877
17.07 -0.000903
17.08 -0.000927
17.09 -0.000947
17.10 -0.000965
17.11 -0.000980
17.12 -0.000990
17.13 -0.000995
17.14 -0.000998
17.15 -0.000999
17.16 -0.000999
17.17 -0.001000
17.18 -0.000999
17.19 -0.000995
17.20 -0.000985
17.21 -0.000967
17.22 -0.000940
17.23 -0.000908
17.24 -0.000872
17.25 -0.000837
17.26 -0.000803
17.27 -0.000771
17.28 -0.000739
17.29 -0.000709
17.30 -0.000681
17.31 -0.000654
17.32 -0.000630
17.33 -0.000607
17.34 -0.000584
17.35 -0.000563
17.36 -0.000546
17.37 -0.000534
17.38 -0.000528
17.39 -0.000529
17.40 -0.000536
17.41 -0.000548
17.42 -0.000566
17.43 -0.000591
17.44 -0.000623
17.45 -0.000661
17.46 -0.000702
17.47 -0.000743
17.48 -0.000781
17.49 -0.000815
17.50 -0.000845
17.51 -0.000872
17.52 -0.000893
17.53 -0.000909
17.54 -0.000916
17.55 -0.000914
17.56 -0.000906
17.57 -0.000892
17.58 -0.000874
17.59 -0.000854
17.60 -0.000833
17.61 -0.000814
17.62 -0.000798
17.63 -0.000789
17.64 -0.000786
17.65 -0.000792
17.66 -0.000804
17.67 -0.000820
17.68 -0.000838
17.69 -0.000854
17.70 -0.000867
17.71 -0.000876
17.72 -0.000879
17.73 -0.000874
17.74 -0.000862
17.75 -0.000845
17.76 -0.000827
17.77 -0.000811
17.78 -0.000800
17.79 -0.000795
17.80 -0.000798
17.81 -0.000810
17.82 -0.000830
17.83 -0.000859
17.84 -0.000894
17.85 -0.000935
17.86 -0.000980
17.87 -0.001026
17.88 -0.001071
17.89 -0.001111
17.90 -0.001144
17.91 -0.001172
17.92 -0.001194
17.93 -0.001211
17.94 -0.001222
17.95 -0.001227
17.96 -0.001228
17.97 -0.001224
17.98 -0.001218
17.99 -0.001209
18.00 -0.001198
18.01 -0.001185
18.02 -0.001171
18.03 -0.001159
18.04 -0.001152
18.05 -0.001152
18.06 -0.001160
18.07 -0.001178
18.08 -0.001203
18.09 -0.001235
18.10 -0.001271
18.11 -0.001311
18.12 -0.001353
18.13 -0.001394
18.14 -0.001433
18.15 -0.001467
18.16 -0.001494
18.17 -0.001516
18.18 -0.001529
18.19 -0.001534
18.20 -0.001531
18.21 -0.001519
18.22 -0.001498
18.23 -0.001472
18.24 -0.001443
18.25 -0.001414
18.26 -0.001387
18.27 -0.001363
18.28 -0.001343
18.29 -0.001326
18.30 -0.001314
18.31 -0.001306
18.32 -0.001302
18.33 -0.001302
18.34 -0.001308
18.35 -0.001319
18.36 -0.001334
18.37 -0.001350
18.38 -0.001365
18.39 -0.001376
18.40 -0.001382
18.41 -0.001380
18.42 -0.001373
18.43 -0.001360
18.44 -0.001345
18.45 -0.001325
18.46 -0.001302
18.47 -0.001275
18.48 -0.001246
18.49 -0.001219
18.50 -0.001195
18.51 -0.001174
18.52 -0.001156
18.53 -0.001141
18.54 -0.001127
18.55 -0.001115
18.56 -0.001104
18.57 -0.001092
18.58 -0.001079
18.59 -0.001065
18.60 -0.001049
18.61 -0.001032
18.62 -0.001015
18.63 -0.000997
18.64 -0.000980
18.65 -0.000962
18.66 -0.000943
18.67 -0.000924
18.68 -0.000904
18.69 -0.000882
18.70 -0.000859
18.71 -0.000835
18.72 -0.000811
18.73 -0.000789
18.74 -0.000767
18.75 -0.000749
18.76 -0.000732
18.77 -0.000719
18.78 -0.000708
18.79 -0.000699
18.80 -0.000693
18.81 -0.000689
18.82 -0.000687
18.83 -0.000687
18.84 -0.000688
18.85 -0.000691
18.86 -0.000695
18.87 -0.000701
18.88 -0.000707
18.89 -0.000713
18.90 -0.000717
18.91 -0.000719
18.92 -0.000717
18.93 -0.000709
18.94 -0.000693
18.95 -0.000668
18.96 -0.000637
18.97 -0.000601
18.98 -0.000560
18.99 -0.000516
19.00 -0.000469
19.01 -0.000421
19.02 -0.000372
19.03 -0.000324
19.04 -0.000278
19.05 -0.000234
19.06 -0.000192
19.07 -0.000154
19.08 -0.000121
19.09 -0.000091
19.10 -0.000065
19.11 -0.000045
19.12 -0.000030
19.13 -0.000022
19.14 -0.000019
19.15 -0.000020
19.16 -0.000023
19.17 -0.000025
19.18 -0.000024
19.19 -0.000020
19.20 -0.000013
19.21 -0.000005
19.22 0.000005
19.23 0.000016
19.24 0.000030
19.25 0.000046
19.26 0.000062
19.27 0.000075
19.28 0.000083
19.29 0.000085
19.30 0.000083
19.31 0.000075
19.32 0.000066
19.33 0.000057
19.34 0.000049
19.35 0.000045
19.36 0.000044
19.37 0.000046
19.38 0.000052
19.39 0.000059
19.40 0.000067
19.41 0.000074
19.42 0.000079
19.43 0.000083
19.44 0.000085
19.45 0.000085
19.46 0.000082
19.47 0.000076
19.48 0.000069
19.49 0.000061
19.50 0.000052
19.51 0.000041
19.52 0.000028
19.53 0.000012
19.54 -0.000007
19.55 -0.000031
19.56 -0.000059
19.57 -0.000093
19.58 -0.000131
19.59 -0.000173
19.60 -0.000217
19.61 -0.000259
19.62 -0.000299
19.63 -0.000332
19.64 -0.000356
19.65 -0.000366
19.66 -0.000362
19.67 -0.000343
19.68 -0.000313
19.69 -0.000274
19.70 -0.000231
19.71 -0.000189
19.72 -0.000149
19.73 -0.000113
19.74 -0.000082
19.75 -0.000056
19.76 -0.000037
19.77 -0.000025
19.78 -0.000020
19.79 -0.000020
19.80 -0.000022
19.81 -0.000025
19.82 -0.000028
19.83 -0.000031
19.84 -0.000032
19.85 -0.000032
19.86 -0.000028
19.87 -0.000019
19.88 -0.000006
19.89 0.000012
19.90 0.000033
19.91 0.000057
19.92 0.000083
19.93 0.000113
19.94 0.000145
19.95 0.000177
19.96 0.000209
19.97 0.000239
19.98 0.000267
19.99 0.000292
20.00 0.000313
20.01 0.000330
20.02 0.000343
20.03 0.000351
20.04 0.000356
20.05 0.000358
20.06 0.000357
20.07 0.000356
20.08 0.000354
20.09 0.000353
20.10 0.000354
20.11 0.000358
20.12 0.000364
20.13 0.000373
20.14 0.000384
20.15 0.000399
20.16 0.000417
20.17 0.000437
20.18 0.000458
20.19 0.000478
20.20 0.000496
20.21 0.000515
20.22 0.000532
20.23 0.000548
20.24 0.000563
20.25 0.000575
20.26 0.000584
20.27 0.000592
20.28 0.000597
20.29 0.000601
20.30 0.000605
20.31 0.000610
20.32 0.000615
20.33 0.000621
20.34 0.000627
20.35 0.000634
20.36 0.000639
20.37 0.000645
20.38 0.000651
20.39 0.000659
20.40 0.000669
20.41 0.000683
20.42 0.000701
20.43 0.000725
20.44 0.000754
20.45 0.000786
20.46 0.000818
20.47 0.000847
20.48 0.000874
20.49 0.000896
20.50 0.000914
20.51 0.000926
20.52 0.000935
20.53 0.000939
20.54 0.000942
20.55 0.000943
20.56 0.000945
20.57 0.000948
20.58 0.000953
20.59 0.000960
20.60 0.000968
20.61 0.000975
20.62 0.000981
20.63 0.000986
20.64 0.000992
20.65 0.000997
20.66 0.001002
20.67 0.001008
20.68 0.001015
20.69 0.001023
20.70 0.001032
20.71 0.001041
20.72 0.001051
20.73 0.001063
20.74 0.001075
20.75 0.001087
20.76 0.001096
20.77 0.001102
20.78 0.001104
20.79 0.001103
20.80 0.001097
20.81 0.001089
20.82 0.001078
20.83 0.001066
20.84 0.001055
20.85 0.001045
20.86 0.001037
20.87 0.001031
20.88 0.001029
20.89 0.001032
20.90 0.001038
20.91 0.001047
20.92 0.001057
20.93 0.001068
20.94 0.001079
20.95 0.001091
20.96 0.001102
20.97 0.001113
20.98 0.001124
20.99 0.001133
21.00 0.001143
21.01 0.001152
21.02 0.001162
21.03 0.001171
21.04 0.001178
21.05 0.001184
21.06 0.001189
21.07 0.001192
21.08 0.001195
21.09 0.001198
21.10 0.001199
21.11 0.001199
21.12 0.001198
21.13 0.001197
21.14 0.001198
21.15 0.001202
21.16 0.001208
21.17 0.001215
21.18 0.001220
21.19 0.001224
21.20 0.001225
21.21 0.001223
21.22 0.001217
21.23 0.001206
21.24 0.001190
21.25 0.001171
21.26 0.001150
21.27 0.001126
21.28 0.001102
21.29 0.001079
21.30 0.001058
21.31 0.001038
21.32 0.001020
21.33 0.001005
21.34 0.000993
21.35 0.000986
21.36 0.000984
21.37 0.000986
21.38 0.000993
21.39 0.001002
21.40 0.001013
21.41 0.001023
21.42 0.001032
21.43 0.001037
21.44 0.001038
21.45 0.001033
21.46 0.001022
21.47 0.001004
21.48 0.000981
21.49 0.000953
21.50 0.000922
21.51 0.000888
21.52 0.000853
21.53 0.000818
21.54 0.000785
21.55 0.000755
21.56 0.000726
21.57 0.000698
21.58 0.000672
21.59 0.000648
21.60 0.000627
21.61 0.000609
21.62 0.000593
21.63 0.000579
21.64 0.000565
21.65 0.000552
21.66 0.000537
21.67 0.000521
21.68 0.000503
21.69 0.000486
21.70 0.000469
21.71 0.000455
21.72 0.000442
21.73 0.000432
21.74 0.000424
21.75 0.000418
21.76 0.000414
21.77 0.000410
21.78 0.000406
21.79 0.000401
21.80 0.000394
21.81 0.000387
21.82 0.000378
21.83 0.000369
21.84 0.000359
21.85 0.000349
21.86 0.000339
21.87 0.000329
21.88 0.000319
21.89 0.000309
21.90 0.000298
21.91 0.000286
21.92 0.000274
21.93 0.000261
21.94 0.000248
21.95 0.000235
21.96 0.000222
21.97 0.000209
21.98 0.000196
21.99 0.000182
22.00 0.000169
22.01 0.000156
22.02 0.000143
22.03 0.000132
22.04 0.000122
22.05 0.000115
22.06 0.000110
22.07 0.000108
22.08 0.000108
22.09 0.000108
22.10 0.000110
22.11 0.000113
22.12 0.000116
22.13 0.000120
22.14 0.000123
22.15 0.000126
22.16 0.000127
22.17 0.000127
22.18 0.000125
22.19 0.000123
22.20 0.000120
22.21 0.000118
22.22 0.000119
22.23 0.000123
22.24 0.000130
22.25 0.000139
22.26 0.000147
22.27 0.000153
22.28 0.000157
22.29 0.000159
22.30 0.000158
22.31 0.000155
22.32 0.000151
22.33 0.000145
22.34 0.000139
22.35 0.000134
22.36 0.000129
22.37 0.000127
22.38 0.000129
22.39 0.000136
22.40 0.000146
22.41 0.000160
22.42 0.000175
22.43 0.000191
22.44 0.000206
22.45 0.000220
22.46 0.000232
22.47 0.000241
22.48 0.000247
22.49 0.000250
22.50 0.000251
22.51 0.000251
22.52 0.000249
22.53 0.000246
22.54 0.000242
22.55 0.000238
22.56 0.000234
22.57 0.000230
22.58 0.000227
22.59 0.000223
22.60 0.000220
22.61 0.000215
22.62 0.000208
22.63 0.000200
22.64 0.000190
22.65 0.000179
22.66 0.000167
22.67 0.000154
22.68 0.000141
22.69 0.000129
22.70 0.000118
22.71 0.000109
22.72 0.000101
22.73 0.000095
22.74 0.000090
22.75 0.000087
22.76 0.000084
22.77 0.000083
22.78 0.000082
22.79 0.000081
22.80 0.000079
22.81 0.000076
22.82 0.000071
22.83 0.000063
22.84 0.000053
22.85 0.000040
22.86 0.000027
22.87 0.000013
22.88 -0.000001
22.89 -0.000014
22.90 -0.000026
22.91 -0.000038
22.92 -0.000049
22.93 -0.000061
22.94 -0.000074
22.95 -0.000091
22.96 -0.000110
22.97 -0.000132
22.98 -0.000155
22.99 -0.000179
23.00 -0.000203
23.01 -0.000226
23.02 -0.000248
23.03 -0.000268
23.04 -0.000287
23.05 -0.000305
23.06 -0.000323
23.07 -0.000340
23.08 -0.000359
23.09 -0.000378
23.10 -0.000399
23.11 -0.000421
23.12 -0.000443
23.13 -0.000465
23.14 -0.000485
23.15 -0.000502
23.16 -0.000516
23.17 -0.000527
23.18 -0.000536
23.19 -0.000544
23.20 -0.000551
23.21 -0.000559
23.22 -0.000568
23.23 -0.000578
23.24 -0.000589
23.25 -0.000599
23.26 -0.000608
23.27 -0.000618
23.28 -0.000628
23.29 -0.000639
23.30 -0.000650
23.31 -0.000661
23.32 -0.000673
23.33 -0.000686
23.34 -0.000700
23.35 -0.000714
23.36 -0.000727
23.37 -0.000740
23.38 -0.000750
23.39 -0.000759
23.40 -0.000766
23.41 -0.000769
23.42 -0.000770
23.43 -0.000770
23.44 -0.000770
23.45 -0.000770
23.46 -0.000770
23.47 -0.000770
23.48 -0.000770
23.49 -0.000771
23.50 -0.000774
23.51 -0.000779
23.52 -0.000785
23.53 -0.000793
23.54 -0.000800
23.55 -0.000807
23.56 -0.000814
23.57 -0.000820
23.58 -0.000826
23.59 -0.000830
23.60 -0.000834
23.61 -0.000837
23.62 -0.000840
23.63 -0.000843
23.64 -0.000847
23.65 -0.000853
23.66 -0.000860
23.67 -0.000868
23.68 -0.000876
23.69 -0.000883
23.70 -0.000887
23.71 -0.000889
23.72 -0.000889
23.73 -0.000888
23.74 -0.000885
23.75 -0.000882
23.76 -0.000880
23.77 -0.000880
23.78 -0.000883
23.79 -0.000887
23.80 -0.000894
23.81 -0.000902
23.82 -0.000911
23.83 -0.000920
23.84 -0.000927
23.85 -0.000932
23.86 -0.000935
23.87 -0.000934
23.88 -0.000929
23.89 -0.000923
23.90 -0.000915
23.91 -0.000907
23.92 -0.000901
23.93 -0.000896
23.94 -0.000892
23.95 -0.000888
23.96 -0.000885
23.97 -0.000883
23.98 -0.000881
23.99 -0.000879
24.00 -0.000877
24.01 -0.000876
24.02 -0.000875
24.03 -0.000873
24.04 -0.000871
24.05 -0.000870
24.06 -0.000867
24.07 -0.000864
24.08 -0.000860
24.09 -0.000854
24.10 -0.000848
24.11 -0.000839
24.12 -0.000830
24.13 -0.000820
24.14 -0.000812
24.15 -0.000805
24.16 -0.000800
24.17 -0.000794
24.18 -0.000788
24.19 -0.000780
24.20 -0.000770
24.21 -0.000759
24.22 -0.000748
24.23 -0.000738
24.24 -0.000728
24.25 -0.000720
24.26 -0.000710
24.27 -0.000700
24.28 -0.000688
24.29 -0.000676
24.30 -0.000665
24.31 -0.000654
24.32 -0.000643
24.33 -0.000633
24.34 -0.000623
24.35 -0.000615
24.36 -0.000608
24.37 -0.000603
24.38 -0.000600
24.39 -0.000597
24.40 -0.000594
24.41 -0.000590
24.42 -0.000585
24.43 -0.000578
24.44 -0.000570
24.45 -0.000562
24.46 -0.000554
24.47 -0.000547
24.48 -0.000540
24.49 -0.000534
24.50 -0.000529
24.51 -0.000524
24.52 -0.000520
24.53 -0.000516
24.54 -0.000514
24.55 -0.000512
24.56 -0.000512
24.57 -0.000513
24.58 -0.000514
24.59 -0.000516
24.60 -0.000517
24.61 -0.000516
24.62 -0.000513
24.63 -0.000507
24.64 -0.000497
24.65 -0.000484
24.66 -0.000469
24.67 -0.000453
24.68 -0.000435
24.69 -0.000417
24.70 -0.000400
24.71 -0.000385
24.72 -0.000374
24.73 -0.000365
24.74 -0.000358
24.75 -0.000353
24.76 -0.000350
24.77 -0.000348
24.78 -0.000346
24.79 -0.000345
24.80 -0.000343
24.81 -0.000341
24.82 -0.000339
24.83 -0.000338
24.84 -0.000338
24.85 -0.000339
24.86 -0.000340
24.87 -0.000342
24.88 -0.000346
24.89 -0.000352
24.90 -0.000359
24.91 -0.000366
24.92 -0.000373
24.93 -0.000380
24.94 -0.000385
24.95 -0.000389
24.96 -0.000394
24.97 -0.000398
24.98 -0.000404
24.99 -0.000410
25.00 -0.000416
25.01 -0.000422
25.02 -0.000429
25.03 -0.000433
25.04 -0.000435
25.05 -0.000433
25.06 -0.000429
25.07 -0.000423
25.08 -0.000416
25.09 -0.000408
25.10 -0.000400
25.11 -0.000393
25.12 -0.000386
25.13 -0.000379
25.14 -0.000373
25.15 -0.000367
25.16 -0.000362
25.17 -0.000357
25.18 -0.000351
25.19 -0.000344
25.20 -0.000336
25.21 -0.000328
25.22 -0.000319
25.23 -0.000311
25.24 -0.000302
25.25 -0.000292
25.26 -0.000281
25.27 -0.000271
25.28 -0.000260
25.29 -0.000250
25.30 -0.000238
25.31 -0.000226
25.32 -0.000214
25.33 -0.000202
25.34 -0.000190
25.35 -0.000180
25.36 -0.000171
25.37 -0.000163
25.38 -0.000156
25.39 -0.000150
25.40 -0.000145
25.41 -0.000141
25.42 -0.000136
25.43 -0.000132
25.44 -0.000126
25.45 -0.000120
25.46 -0.000114
25.47 -0.000108
25.48 -0.000102
25.49 -0.000094
25.50 -0.000087
25.51 -0.000079
25.52 -0.000071
25.53 -0.000063
25.54 -0.000055
25.55 -0.000048
25.56 -0.000041
25.57 -0.000035
25.58 -0.000029
25.59 -0.000025
25.60 -0.000022
25.61 -0.000019
25.62 -0.000017
25.63 -0.000014
25.64 -0.000011
25.65 -0.000007
25.66 -0.000003
25.67 0.000000
25.68 0.000003
25.69 0.000006
25.70 0.000009
25.71 0.000011
25.72 0.000012
25.73 0.000013
25.74 0.000015
25.75 0.000018
25.76 0.000021
25.77 0.000025
25.78 0.000030
25.79 0.000036
25.80 0.000043
25.81 0.000051
25.82 0.000060
25.83 0.000069
25.84 0.000078
25.85 0.000088
25.86 0.000099
25.87 0.000111
25.88 0.000124
25.89 0.000140
25.90 0.000157
25.91 0.000174
25.92 0.000193
25.93 0.000210
25.94 0.000228
25.95 0.000245
25.96 0.000261
25.97 0.000277
25.98 0.000292
25.99 0.000306
26.00 0.000320
26.01 0.000333
26.02 0.000345
26.03 0.000359
26.04 0.000373
26.05 0.000388
26.06 0.000403
26.07 0.000417
26.08 0.000431
26.09 0.000444
26.10 0.000456
26.11 0.000467
26.12 0.000475
26.13 0.000482
26.14 0.000488
26.15 0.000491
26.16 0.000492
26.17 0.000492
26.18 0.000492
26.19 0.000493
26.20 0.000497
26.21 0.000503
26.22 0.000512
26.23 0.000524
26.24 0.000537
26.25 0.000551
26.26 0.000565
26.27 0.000578
26.28 0.000591
26.29 0.000603
26.30 0.000614
26.31 0.000623
26.32 0.000632
26.33 0.000641
26.34 0.000650
26.35 0.000659
26.36 0.000668
26.37 0.000677
26.38 0.000685
26.39 0.000693
26.40 0.000700
26.41 0.000704
26.42 0.000706
26.43 0.000706
26.44 0.000707
26.45 0.000709
26.46 0.000711
26.47 0.000713
26.48 0.000714
26.49 0.000715
26.50 0.000714
26.51 0.000712
26.52 0.000710
26.53 0.000706
26.54 0.000702
26.55 0.000697
26.56 0.000693
26.57 0.000689
26.58 0.000686
26.59 0.000685
26.60 0.000683
26.61 0.000681
26.62 0.000678
26.63 0.000674
26.64 0.000669
26.65 0.000664
26.66 0.000658
26.67 0.000652
26.68 0.000645
26.69 0.000640
26.70 0.000637
26.71 0.000633
26.72 0.000631
26.73 0.000629
26.74 0.000629
26.75 0.000628
26.76 0.000627
26.77 0.000626
26.78 0.000624
26.79 0.000622
26.80 0.000618
26.81 0.000614
26.82 0.000608
26.83 0.000601
26.84 0.000594
26.85 0.000586
26.86 0.000579
26.87 0.000573
26.88 0.000567
26.89 0.000563
26.90 0.000561
26.91 0.000558
26.92 0.000556
26.93 0.000553
26.94 0.000550
26.95 0.000546
26.96 0.000541
26.97 0.000536
26.98 0.000531
26.99 0.000526
27.00 0.000521
27.01 0.000516
27.02 0.000511
27.03 0.000508
27.04 0.000505
27.05 0.000505
27.06 0.000504
27.07 0.000505
27.08 0.000505
27.09 0.000506
27.10 0.000507
27.11 0.000508
27.12 0.000509
27.13 0.000510
27.14 0.000512
27.15 0.000513
27.16 0.000515
27.17 0.000516
27.18 0.000518
27.19 0.000521
27.20 0.000524
27.21 0.000527
27.22 0.000529
27.23 0.000530
27.24 0.000532
27.25 0.000534
27.26 0.000536
27.27 0.000538
27.28 0.000539
27.29 0.000540
27.30 0.000541
27.31 0.000542
27.32 0.000541
27.33 0.000539
27.34 0.000538
27.35 0.000537
27.36 0.000537
27.37 0.000538
27.38 0.000539
27.39 0.000541
27.40 0.000544
27.41 0.000546
27.42 0.000547
27.43 0.000549
27.44 0.000550
27.45 0.000551
27.46 0.000550
27.47 0.000548
27.48 0.000543
27.49 0.000538
27.50 0.000532
27.51 0.000525
27.52 0.000518
27.53 0.000513
27.54 0.000509
27.55 0.000505
27.56 0.000502
27.57 0.000500
27.58 0.000499
27.59 0.000499
27.60 0.000499
27.61 0.000498
27.62 0.000496
27.63 0.000493
27.64 0.000489
27.65 0.000484
27.66 0.000479
27.67 0.000473
27.68 0.000467
27.69 0.000461
27.70 0.000456
27.71 0.000451
27.72 0.000446
27.73 0.000441
27.74 0.000435
27.75 0.000430
27.76 0.000424
27.77 0.000419
27.78 0.000413
27.79 0.000407
27.80 0.000401
27.81 0.000395
27.82 0.000389
27.83 0.000385
27.84 0.000382
27.85 0.000381
27.86 0.000380
27.87 0.000380
27.88 0.000380
27.89 0.000380
27.90 0.000379
27.91 0.000378
27.92 0.000376
27.93 0.000372
27.94 0.000368
27.95 0.000362
27.96 0.000357
27.97 0.000352
27.98 0.000348
27.99 0.000344
28.00 0.000340
28.01 0.000336
28.02 0.000332
28.03 0.000327
28.04 0.000323
28.05 0.000320
28.06 0.000316
28.07 0.000313
28.08 0.000311
28.09 0.000310
28.10 0.000308
28.11 0.000305
28.12 0.000301
28.13 0.000295
28.14 0.000288
28.15 0.000280
28.16 0.000271
28.17 0.000261
28.18 0.000251
28.19 0.000242
28.20 0.000235
28.21 0.000230
28.22 0.000227
28.23 0.000227
28.24 0.000228
28.25 0.000229
28.26 0.000229
28.27 0.000228
28.28 0.000227
28.29 0.000225
28.30 0.000223
28.31 0.000219
28.32 0.000214
28.33 0.000209
28.34 0.000203
28.35 0.000198
28.36 0.000193
28.37 0.000186
28.38 0.000179
28.39 0.000171
28.40 0.000160
28.41 0.000148
28.42 0.000135
28.43 0.000122
28.44 0.000108
28.45 0.000095
28.46 0.000081
28.47 0.000068
28.48 0.000056
28.49 0.000045
28.50 0.000034
28.51 0.000024
28.52 0.000014
28.53 0.000005
28.54 -0.000004
28.55 -0.000012
28.56 -0.000020
28.57 -0.000027
28.58 -0.000034
28.59 -0.000040
28.60 -0.000046
28.61 -0.000053
28.62 -0.000061
28.63 -0.000070
28.64 -0.000081
28.65 -0.000092
28.66 -0.000105
28.67 -0.000117
28.68 -0.000130
28.69 -0.000141
28.70 -0.000152
28.71 -0.000163
28.72 -0.000174
28.73 -0.000185
28.74 -0.000197
28.75 -0.000208
28.76 -0.000220
28.77 -0.000232
28.78 -0.000244
28.79 -0.000254
28.80 -0.000262
28.81 -0.000269
28.82 -0.000275
28.83 -0.000280
28.84 -0.000283
28.85 -0.000287
28.86 -0.000291
28.87 -0.000296
28.88 -0.000300
28.89 -0.000305
28.90 -0.000310
28.91 -0.000315
28.92 -0.000320
28.93 -0.000325
28.94 -0.000329
28.95 -0.000332
28.96 -0.000336
28.97 -0.000339
28.98 -0.000341
28.99 -0.000342
29.00 -0.000342
29.01 -0.000342
29.02 -0.000341
29.03 -0.000340
29.04 -0.000337
29.05 -0.000334
29.06 -0.000330
29.07 -0.000327
29.08 -0.000325
29.09 -0.000325
29.10 -0.000325
29.11 -0.000327
29.12 -0.000330
29.13 -0.000335
29.14 -0.000340
29.15 -0.000346
29.16 -0.000353
29.17 -0.000362
29.18 -0.000371
29.19 -0.000380
29.20 -0.000388
29.21 -0.000395
29.22 -0.000400
29.23 -0.000403
29.24 -0.000404
29.25 -0.000403
29.26 -0.000403
29.27 -0.000404
29.28 -0.000406
29.29 -0.000409
29.30 -0.000413
29.31 -0.000418
29.32 -0.000423
29.33 -0.000427
29.34 -0.000431
29.35 -0.000434
29.36 -0.000437
29.37 -0.000440
29.38 -0.000442
29.39 -0.000444
29.40 -0.000446
29.41 -0.000447
29.42 -0.000448
29.43 -0.000447
29.44 -0.000446
29.45 -0.000444
29.46 -0.000442
29.47 -0.000441
29.48 -0.000442
29.49 -0.000443
29.50 -0.000445
29.51 -0.000447
29.52 -0.000452
29.53 -0.000459
29.54 -0.000466
29.55 -0.000473
29.56 -0.000479
29.57 -0.000485
29.58 -0.000490
29.59 -0.000493
29.60 -0.000496
29.61 -0.000499
29.62 -0.000500
29.63 -0.000501
29.64 -0.000500
29.65 -0.000499
29.66 -0.000497
29.67 -0.000493
29.68 -0.000490
29.69 -0.000486
29.70 -0.000483
29.71 -0.000480
29.72 -0.000480
29.73 -0.000480
29.74 -0.000482
29.75 -0.000485
29.76 -0.000489
29.77 -0.000493
29.78 -0.000497
29.79 -0.000500
29.80 -0.000501
29.81 -0.000501
29.82 -0.000498
29.83 -0.000496
29.84 -0.000493
29.85 -0.000490
29.86 -0.000488
29.87 -0.000485
29.88 -0.000483
29.89 -0.000481
29.90 -0.000479
29.91 -0.000478
29.92 -0.000477
29.93 -0.000476
29.94 -0.000473
29.95 -0.000471
29.96 -0.000468
29.97 -0.000467
29.98 -0.000465
29.99 -0.000463
30.00 -0.000461
30.01 -0.000460
30.02 -0.000460
30.03 -0.000460
30.04 -0.000460
30.05 -0.000460
30.06 -0.000460
30.07 -0.000462
30.08 -0.000464
30.09 -0.000467
30.10 -0.000471
30.11 -0.000475
30.12 -0.000479
30.13 -0.000484
30.14 -0.000487
30.15 -0.000491
30.16 -0.000494
30.17 -0.000497
30.18 -0.000500
30.19 -0.000503
30.20 -0.000506
30.21 -0.000509
30.22 -0.000512
30.23 -0.000514
30.24 -0.000515
30.25 -0.000515
30.26 -0.000513
30.27 -0.000511
30.28 -0.000508
30.29 -0.000505
30.30 -0.000501
30.31 -0.000498
30.32 -0.000495
30.33 -0.000493
30.34 -0.000491
30.35 -0.000489
30.36 -0.000487
30.37 -0.000485
30.38 -0.000482
30.39 -0.000478
30.40 -0.000474
30.41 -0.000471
30.42 -0.000468
30.43 -0.000467
30.44 -0.000466
30.45 -0.000466
30.46 -0.000465
30.47 -0.000465
30.48 -0.000463
30.49 -0.000460
30.50 -0.000456
30.51 -0.000450
30.52 -0.000443
30.53 -0.000436
30.54 -0.000428
30.55 -0.000420
30.56 -0.000412
30.57 -0.000404
30.58 -0.000396
30.59 -0.000388
30.60 -0.000381
30.61 -0.000375
30.62 -0.000369
30.63 -0.000363
30.64 -0.000358
30.65 -0.000353
30.66 -0.000349
30.67 -0.000344
30.68 -0.000339
30.69 -0.000334
30.70 -0.000330
30.71 -0.000324
30.72 -0.000319
30.73 -0.000313
30.74 -0.000307
30.75 -0.000301
30.76 -0.000295
30.77 -0.000288
30.78 -0.000283
30.79 -0.000278
30.80 -0.000273
30.81 -0.000270
30.82 -0.000267
30.83 -0.000264
30.84 -0.000261
30.85 -0.000259
30.86 -0.000257
30.87 -0.000254
30.88 -0.000250
30.89 -0.000245
30.90 -0.000240
30.91 -0.000235
30.92 -0.000230
30.93 -0.000226
30.94 -0.000222
30.95 -0.000218
30.96 -0.000216
30.97 -0.000214
30.98 -0.000213
30.99 -0.000213
31.00 -0.000213
31.01 -0.000214
31.02 -0.000213
31.03 -0.000212
31.04 -0.000209
31.05 -0.000205
31.06 -0.000201
31.07 -0.000196
31.08 -0.000192
31.09 -0.000188
31.10 -0.000183
31.11 -0.000179
31.12 -0.000175
31.13 -0.000172
31.14 -0.000168
31.15 -0.000164
31.16 -0.000160
31.17 -0.000155
31.18 -0.000151
31.19 -0.000146
31.20 -0.000141
31.21 -0.000135
31.22 -0.000129
31.23 -0.000121
31.24 -0.000112
31.25 -0.000104
31.26 -0.000095
31.27 -0.000087
31.28 -0.000079
31.29 -0.000073
31.30 -0.000068
31.31 -0.000063
31.32 -0.000060
31.33 -0.000057
31.34 -0.000054
31.35 -0.000051
31.36 -0.000048
31.37 -0.000045
31.38 -0.000041
31.39 -0.000037
31.40 -0.000033
31.41 -0.000029
31.42 -0.000026
31.43 -0.000024
31.44 -0.000023
31.45 -0.000021
31.46 -0.000020
31.47 -0.000017
31.48 -0.000014
31.49 -0.000010
31.50 -0.000004
31.51 0.000003
31.52 0.000010
31.53 0.000017
31.54 0.000023
31.55 0.000029
31.56 0.000034
31.57 0.000038
31.58 0.000041
31.59 0.000044
31.60 0.000047
31.61 0.000050
31.62 0.000053
31.63 0.000056
31.64 0.000060
31.65 0.000065
31.66 0.000070
31.67 0.000076
31.68 0.000081
31.69 0.000087
31.70 0.000093
31.71 0.000098
31.72 0.000104
31.73 0.000110
31.74 0.000117
31.75 0.000124
31.76 0.000130
31.77 0.000137
31.78 0.000143
31.79 0.000150
31.80 0.000155
31.81 0.000160
31.82 0.000164
31.83 0.000166
31.84 0.000168
31.85 0.000168
31.86 0.000167
31.87 0.000167
31.88 0.000166
31.89 0.000165
31.90 0.000164
31.91 0.000165
31.92 0.000167
31.93 0.000170
31.94 0.000173
31.95 0.000177
31.96 0.000181
31.97 0.000184
31.98 0.000188
31.99 0.000191
32.00 0.000193
32.01 0.000194
32.02 0.000195
32.03 0.000196
32.04 0.000195
32.05 0.000195
32.06 0.000194
32.07 0.000193
32.08 0.000193
32.09 0.000194
32.10 0.000196
32.11 0.000199
32.12 0.000201
32.13 0.000205
32.14 0.000210
32.15 0.000216
32.16 0.000224
32.17 0.000232
32.18 0.000239
32.19 0.000247
32.20 0.000254
32.21 0.000261
32.22 0.000269
32.23 0.000277
32.24 0.000284
32.25 0.000292
32.26 0.000299
32.27 0.000306
32.28 0.000313
32.29 0.000319
32.30 0.000327
32.31 0.000334
32.32 0.000340
32.33 0.000346
32.34 0.000351
32.35 0.000356
32.36 0.000360
32.37 0.000364
32.38 0.000366
32.39 0.000368
32.40 0.000369
32.41 0.000369
32.42 0.000370
32.43 0.000371
32.44 0.000372
32.45 0.000374
32.46 0.000376
32.47 0.000379
32.48 0.000382
32.49 0.000386
32.50 0.000390
32.51 0.000395
32.52 0.000399
32.53 0.000403
32.54 0.000406
32.55 0.000410
32.56 0.000414
32.57 0.000418
32.58 0.000420
32.59 0.000422
32.60 0.000423
32.61 0.000425
32.62 0.000426
32.63 0.000428
32.64 0.000431
32.65 0.000434
32.66 0.000438
32.67 0.000443
32.68 0.000448
32.69 0.000454
32.70 0.000461
32.71 0.000466
32.72 0.000471
32.73 0.000475
32.74 0.000478
32.75 0.000480
32.76 0.000481
32.77 0.000480
32.78 0.000478
32.79 0.000475
32.80 0.000471
32.81 0.000467
32.82 0.000463
32.83 0.000459
32.84 0.000456
32.85 0.000454
32.86 0.000452
32.87 0.000451
32.88 0.000452
32.89 0.000453
32.90 0.000454
32.91 0.000457
32.92 0.000459
32.93 0.000463
32.94 0.000467
32.95 0.000470
32.96 0.000474
32.97 0.000475
32.98 0.000475
32.99 0.000473
33.00 0.000469
33.01 0.000463
33.02 0.000456
33.03 0.000447
33.04 0.000438
33.05 0.000429
33.06 0.000422
33.07 0.000416
33.08 0.000410
33.09 0.000406
33.10 0.000403
33.11 0.000401
33.12 0.000399
33.13 0.000396
33.14 0.000392
33.15 0.000387
33.16 0.000382
33.17 0.000374
33.18 0.000366
33.19 0.000357
33.20 0.000347
33.21 0.000336
33.22 0.000325
33.23 0.000315
33.24 0.000307
33.25 0.000302
33.26 0.000300
33.27 0.000299
33.28 0.000299
33.29 0.000300
33.30 0.000302
33.31 0.000305
33.32 0.000308
33.33 0.000310
33.34 0.000311
33.35 0.000312
33.36 0.000313
33.37 0.000313
33.38 0.000314
33.39 0.000314
33.40 0.000316
33.41 0.000317
33.42 0.000318
33.43 0.000319
33.44 0.000319
33.45 0.000319
33.46 0.000319
33.47 0.000317
33.48 0.000315
33.49 0.000312
33.50 0.000309
33.51 0.000306
33.52 0.000302
33.53 0.000299
33.54 0.000297
33.55 0.000295
33.56 0.000294
33.57 0.000293
33.58 0.000292
33.59 0.000291
33.60 0.000290
33.61 0.000288
33.62 0.000286
33.63 0.000282
33.64 0.000279
33.65 0.000275
33.66 0.000272
33.67 0.000269
33.68 0.000266
33.69 0.000265
33.70 0.000265
33.71 0.000266
33.72 0.000267
33.73 0.000267
33.74 0.000268
33.75 0.000269
33.76 0.000270
33.77 0.000269
33.78 0.000268
33.79 0.000266
33.80 0.000263
33.81 0.000261
33.82 0.000258
33.83 0.000254
33.84 0.000250
33.85 0.000247
33.86 0.000244
33.87 0.000241
33.88 0.000237
33.89 0.000233
33.90 0.000229
33.91 0.000225
33.92 0.000221
33.93 0.000217
33.94 0.000214
33.95 0.000210
33.96 0.000207
33.97 0.000203
33.98 0.000200
33.99 0.000197
34.00 0.000194
34.01 0.000192
34.02 0.000189
34.03 0.000186
34.04 0.000182
34.05 0.000177
34.06 0.000171
34.07 0.000163
34.08 0.000155
34.09 0.000147
34.10 0.000140
34.11 0.000133
34.12 0.000128
34.13 0.000124
34.14 0.000121
34.15 0.000117
34.16 0.000113
34.17 0.000109
34.18 0.000104
34.19 0.000098
34.20 0.000093
34.21 0.000087
34.22 0.000081
34.23 0.000076
34.24 0.000070
34.25 0.000065
34.26 0.000061
34.27 0.000056
34.28 0.000050
34.29 0.000042
34.30 0.000034
34.31 0.000024
34.32 0.000013
34.33 0.000003
34.34 -0.000007
34.35 -0.000015
34.36 -0.000022
34.37 -0.000028
34.38 -0.000033
34.39 -0.000037
34.40 -0.000040
34.41 -0.000042
34.42 -0.000045
34.43 -0.000047
34.44 -0.000050
34.45 -0.000053
34.46 -0.000055
34.47 -0.000057
34.48 -0.000059
34.49 -0.000060
34.50 -0.000061
34.51 -0.000061
34.52 -0.000062
34.53 -0.000062
34.54 -0.000062
34.55 -0.000062
34.56 -0.000062
34.57 -0.000061
34.58 -0.000059
34.59 -0.000058
34.60 -0.000055
34.61 -0.000052
34.62 -0.000048
34.63 -0.000044
34.64 -0.000041
34.65 -0.000038
34.66 -0.000037
34.67 -0.000036
34.68 -0.000036
34.69 -0.000038
34.70 -0.000039
34.71 -0.000042
34.72 -0.000045
34.73 -0.000048
34.74 -0.000051
34.75 -0.000055
34.76 -0.000060
34.77 -0.000066
34.78 -0.000071
34.79 -0.000076
34.80 -0.000080
34.81 -0.000085
34.82 -0.000090
34.83 -0.000095
34.84 -0.000099
34.85 -0.000104
34.86 -0.000108
34.87 -0.000112
34.88 -0.000116
34.89 -0.000120
34.90 -0.000124
34.91 -0.000128
34.92 -0.000132
34.93 -0.000137
34.94 -0.000143
34.95 -0.000150
34.96 -0.000157
34.97 -0.000164
34.98 -0.000172
34.99 -0.000179
35.00 -0.000185
35.01 -0.000190
35.02 -0.000196
35.03 -0.000203
35.04 -0.000209
35.05 -0.000216
35.06 -0.000223
35.07 -0.000229
35.08 -0.000236
35.09 -0.000242
35.10 -0.000247
35.11 -0.000252
35.12 -0.000255
35.13 -0.000258
35.14 -0.000260
35.15 -0.000263
35.16 -0.000266
35.17 -0.000269
35.18 -0.000273
35.19 -0.000276
35.20 -0.000280
35.21 -0.000285
35.22 -0.000290
35.23 -0.000296
35.24 -0.000302
35.25 -0.000307
35.26 -0.000312
35.27 -0.000316
35.28 -0.000320
35.29 -0.000322
35.30 -0.000325
35.31 -0.000327
35.32 -0.000330
35.33 -0.000333
35.34 -0.000336
35.35 -0.000339
35.36 -0.000343
35.37 -0.000347
35.38 -0.000350
35.39 -0.000353
35.40 -0.000354
35.41 -0.000355
35.42 -0.000356
35.43 -0.000357
35.44 -0.000357
35.45 -0.000357
35.46 -0.000356
35.47 -0.000356
35.48 -0.000355
35.49 -0.000355
35.50 -0.000355
35.51 -0.000354
35.52 -0.000354
35.53 -0.000354
35.54 -0.000355
35.55 -0.000356
35.56 -0.000356
35.57 -0.000356
35.58 -0.000355
35.59 -0.000352
35.60 -0.000348
35.61 -0.000344
35.62 -0.000340
35.63 -0.000336
35.64 -0.000331
35.65 -0.000327
35.66 -0.000322
35.67 -0.000317
35.68 -0.000313
35.69 -0.000308
35.70 -0.000304
35.71 -0.000300
35.72 -0.000296
35.73 -0.000291
35.74 -0.000287
35.75 -0.000282
35.76 -0.000278
35.77 -0.000273
35.78 -0.000268
35.79 -0.000264
35.80 -0.000261
35.81 -0.000258
35.82 -0.000255
35.83 -0.000253
35.84 -0.000250
35.85 -0.000247
35.86 -0.000245
35.87 -0.000243
35.88 -0.000242
35.89 -0.000241
35.90 -0.000240
35.91 -0.000239
35.92 -0.000238
35.93 -0.000237
35.94 -0.000236
35.95 -0.000235
35.96 -0.000234
35.97 -0.000234
35.98 -0.000234
35.99 -0.000234
36.00 -0.000235
36.01 -0.000237
36.02 -0.000239
36.03 -0.000241
36.04 -0.000244
36.05 -0.000247
36.06 -0.000250
36.07 -0.000254
36.08 -0.000258
36.09 -0.000262
36.10 -0.000265
36.11 -0.000267
36.12 -0.000269
36.13 -0.000270
36.14 -0.000270
36.15 -0.000271
36.16 -0.000270
36.17 -0.000270
36.18 -0.000268
36.19 -0.000266
36.20 -0.000264
36.21 -0.000263
36.22 -0.000262
36.23 -0.000261
36.24 -0.000262
36.25 -0.000262
36.26 -0.000263
36.27 -0.000265
36.28 -0.000267
36.29 -0.000269
36.30 -0.000271
36.31 -0.000273
36.32 -0.000276
36.33 -0.000277
36.34 -0.000277
36.35 -0.000278
36.36 -0.000277
36.37 -0.000277
36.38 -0.000277
36.39 -0.000275
36.40 -0.000272
36.41 -0.000269
36.42 -0.000264
36.43 -0.000260
36.44 -0.000254
36.45 -0.000249
36.46 -0.000245
36.47 -0.000241
36.48 -0.000237
36.49 -0.000233
36.50 -0.000229
36.51 -0.000226
36.52 -0.000224
36.53 -0.000223
36.54 -0.000221
36.55 -0.000219
36.56 -0.000216
36.57 -0.000214
36.58 -0.000213
36.59 -0.000211
36.60 -0.000210
36.61 -0.000208
36.62 -0.000206
36.63 -0.000204
36.64 -0.000201
36.65 -0.000197
36.66 -0.000194
36.67 -0.000191
36.68 -0.000189
36.69 -0.000188
36.70 -0.000187
36.71 -0.000187
36.72 -0.000187
36.73 -0.000187
36.74 -0.000188
36.75 -0.000188
36.76 -0.000189
36.77 -0.000190
36.78 -0.000191
36.79 -0.000191
36.80 -0.000191
36.81 -0.000192
36.82 -0.000192
36.83 -0.000193
36.84 -0.000193
36.85 -0.000192
36.86 -0.000191
36.87 -0.000190
36.88 -0.000190
36.89 -0.000190
36.90 -0.000189
36.91 -0.000189
36.92 -0.000190
36.93 -0.000191
36.94 -0.000192
36.95 -0.000194
36.96 -0.000196
36.97 -0.000198
36.98 -0.000201
36.99 -0.000202
37.00 -0.000202
37.01 -0.000201
37.02 -0.000200
37.03 -0.000198
37.04 -0.000196
37.05 -0.000193
37.06 -0.000191
37.07 -0.000188
37.08 -0.000185
37.09 -0.000182
37.10 -0.000179
37.11 -0.000177
37.12 -0.000176
37.13 -0.000173
37.14 -0.000170
37.15 -0.000166
37.16 -0.000163
37.17 -0.000159
37.18 -0.000155
37.19 -0.000150
37.20 -0.000144
37.21 -0.000138
37.22 -0.000131
37.23 -0.000124
37.24 -0.000115
37.25 -0.000107
37.26 -0.000097
37.27 -0.000088
37.28 -0.000079
37.29 -0.000070
37.30 -0.000062
37.31 -0.000054
37.32 -0.000046
37.33 -0.000038
37.34 -0.000030
37.35 -0.000022
37.36 -0.000015
37.37 -0.000009
37.38 -0.000003
37.39 0.000003
37.40 0.000009
37.41 0.000016
37.42 0.000022
37.43 0.000029
37.44 0.000037
37.45 0.000044
37.46 0.000051
37.47 0.000057
37.48 0.000063
37.49 0.000068
37.50 0.000073
37.51 0.000077
37.52 0.000082
37.53 0.000086
37.54 0.000091
37.55 0.000095
37.56 0.000098
37.57 0.000102
37.58 0.000105
37.59 0.000108
37.60 0.000111
37.61 0.000112
37.62 0.000113
37.63 0.000114
37.64 0.000114
37.65 0.000114
37.66 0.000113
37.67 0.000113
37.68 0.000114
37.69 0.000116
37.70 0.000119
37.71 0.000122
37.72 0.000125
37.73 0.000128
37.74 0.000131
37.75 0.000134
37.76 0.000137
37.77 0.000139
37.78 0.000141
37.79 0.000143
37.80 0.000145
37.81 0.000147
37.82 0.000149
37.83 0.000152
37.84 0.000155
37.85 0.000158
37.86 0.000160
37.87 0.000162
37.88 0.000164
37.89 0.000166
37.90 0.000167
37.91 0.000168
37.92 0.000168
37.93 0.000168
37.94 0.000168
37.95 0.000169
37.96 0.000169
37.97 0.000170
37.98 0.000169
37.99 0.000169
38.00 0.000170
38.01 0.000171
38.02 0.000171
38.03 0.000172
38.04 0.000172
38.05 0.000173
38.06 0.000173
38.07 0.000173
38.08 0.000173
38.09 0.000171
38.10 0.000170
38.11 0.000168
38.12 0.000166
38.13 0.000164
38.14 0.000163
38.15 0.000163
38.16 0.000164
38.17 0.000164
38.18 0.000165
38.19 0.000167
38.20 0.000169
38.21 0.000170
38.22 0.000171
38.23 0.000172
38.24 0.000173
38.25 0.000173
38.26 0.000174
38.27 0.000174
38.28 0.000174
38.29 0.000174
38.30 0.000175
38.31 0.000176
38.32 0.000176
38.33 0.000177
38.34 0.000178
38.35 0.000179
38.36 0.000179
38.37 0.000178
38.38 0.000178
38.39 0.000177
38.40 0.000176
38.41 0.000176
38.42 0.000176
38.43 0.000176
38.44 0.000177
38.45 0.000178
38.46 0.000179
38.47 0.000180
38.48 0.000182
38.49 0.000184
38.50 0.000187
38.51 0.000189
38.52 0.000190
38.53 0.000191
38.54 0.000193
38.55 0.000195
38.56 0.000196
38.57 0.000198
38.58 0.000200
38.59 0.000202
38.60 0.000205
38.61 0.000209
38.62 0.000212
38.63 0.000215
38.64 0.000218
38.65 0.000220
38.66 0.000223
38.67 0.000225
38.68 0.000227
38.69 0.000228
38.70 0.000230
38.71 0.000230
38.72 0.000231
38.73 0.000232
38.74 0.000234
38.75 0.000236
38.76 0.000237
38.77 0.000238
38.78 0.000239
38.79 0.000241
38.80 0.000242
38.81 0.000243
38.82 0.000244
38.83 0.000246
38.84 0.000247
38.85 0.000249
38.86 0.000251
38.87 0.000253
38.88 0.000255
38.89 0.000257
38.90 0.000259
38.91 0.000260
38.92 0.000262
38.93 0.000262
38.94 0.000263
38.95 0.000262
38.96 0.000262
38.97 0.000261
38.98 0.000261
38.99 0.000261
39.00 0.000260
39.01 0.000259
39.02 0.000258
39.03 0.000257
39.04 0.000256
39.05 0.000256
39.06 0.000255
39.07 0.000255
39.08 0.000254
39.09 0.000254
39.10 0.000254
39.11 0.000254
39.12 0.000254
39.13 0.000254
39.14 0.000254
39.15 0.000255
39.16 0.000255
39.17 0.000255
39.18 0.000255
39.19 0.000255
39.20 0.000255
39.21 0.000254
39.22 0.000252
39.23 0.000251
39.24 0.000249
39.25 0.000248
39.26 0.000247
39.27 0.000245
39.28 0.000244
39.29 0.000242
39.30 0.000241
39.31 0.000239
39.32 0.000237
39.33 0.000235
39.34 0.000233
39.35 0.000231
39.36 0.000229
39.37 0.000227
39.38 0.000225
39.39 0.000223
39.40 0.000221
39.41 0.000219
39.42 0.000216
39.43 0.000214
39.44 0.000211
39.45 0.000208
39.46 0.000206
39.47 0.000203
39.48 0.000200
39.49 0.000197
39.50 0.000195
39.51 0.000192
39.52 0.000190
39.53 0.000187
39.54 0.000185
39.55 0.000183
39.56 0.000181
39.57 0.000179
39.58 0.000177
39.59 0.000175
39.60 0.000173
39.61 0.000171
39.62 0.000169
39.63 0.000167
39.64 0.000165
39.65 0.000163
39.66 0.000161
39.67 0.000159
39.68 0.000156
39.69 0.000154
39.70 0.000151
39.71 0.000149
39.72 0.000147
39.73 0.000144
39.74 0.000142
39.75 0.000139
39.76 0.000137
39.77 0.000135
39.78 0.000133
39.79 0.000130
39.80 0.000128
39.81 0.000126
39.82 0.000124
39.83 0.000122
39.84 0.000120
39.85 0.000118
39.86 0.000116
39.87 0.000114
39.88 0.000111
39.89 0.000109
39.90 0.000106
39.91 0.000104
39.92 0.000102
39.93 0.000099
39.94 0.000097
39.95 0.000095
39.96 0.000092
39.97 0.000090
39.98 0.000088
39.99 0.000086
40.00 0.000084
