# ®É¶¡ (s)    ¦ì²¾ (m)
0.00 0.000000
0.01 0.000000
0.02 -0.000000
0.03 -0.000001
0.04 -0.000002
0.05 -0.000004
0.06 -0.000007
0.07 -0.000009
0.08 -0.000013
0.09 -0.000016
0.10 -0.000021
0.11 -0.000026
0.12 -0.000031
0.13 -0.000037
0.14 -0.000043
0.15 -0.000049
0.16 -0.000056
0.17 -0.000064
0.18 -0.000072
0.19 -0.000081
0.20 -0.000089
0.21 -0.000099
0.22 -0.000108
0.23 -0.000119
0.24 -0.000129
0.25 -0.000140
0.26 -0.000151
0.27 -0.000163
0.28 -0.000175
0.29 -0.000188
0.30 -0.000201
0.31 -0.000214
0.32 -0.000227
0.33 -0.000241
0.34 -0.000256
0.35 -0.000270
0.36 -0.000285
0.37 -0.000300
0.38 -0.000315
0.39 -0.000331
0.40 -0.000346
0.41 -0.000363
0.42 -0.000379
0.43 -0.000396
0.44 -0.000414
0.45 -0.000431
0.46 -0.000449
0.47 -0.000467
0.48 -0.000485
0.49 -0.000503
0.50 -0.000521
0.51 -0.000540
0.52 -0.000559
0.53 -0.000577
0.54 -0.000597
0.55 -0.000616
0.56 -0.000635
0.57 -0.000654
0.58 -0.000674
0.59 -0.000694
0.60 -0.000714
0.61 -0.000734
0.62 -0.000754
0.63 -0.000774
0.64 -0.000795
0.65 -0.000815
0.66 -0.000836
0.67 -0.000856
0.68 -0.000877
0.69 -0.000898
0.70 -0.000918
0.71 -0.000939
0.72 -0.000960
0.73 -0.000980
0.74 -0.001000
0.75 -0.001020
0.76 -0.001040
0.77 -0.001059
0.78 -0.001079
0.79 -0.001098
0.80 -0.001118
0.81 -0.001137
0.82 -0.001157
0.83 -0.001177
0.84 -0.001197
0.85 -0.001216
0.86 -0.001235
0.87 -0.001254
0.88 -0.001274
0.89 -0.001293
0.90 -0.001312
0.91 -0.001331
0.92 -0.001349
0.93 -0.001367
0.94 -0.001385
0.95 -0.001402
0.96 -0.001419
0.97 -0.001435
0.98 -0.001452
0.99 -0.001469
1.00 -0.001486
1.01 -0.001503
1.02 -0.001519
1.03 -0.001536
1.04 -0.001552
1.05 -0.001568
1.06 -0.001583
1.07 -0.001599
1.08 -0.001614
1.09 -0.001629
1.10 -0.001644
1.11 -0.001659
1.12 -0.001674
1.13 -0.001689
1.14 -0.001704
1.15 -0.001719
1.16 -0.001734
1.17 -0.001748
1.18 -0.001762
1.19 -0.001776
1.20 -0.001790
1.21 -0.001803
1.22 -0.001815
1.23 -0.001826
1.24 -0.001836
1.25 -0.001845
1.26 -0.001852
1.27 -0.001859
1.28 -0.001865
1.29 -0.001872
1.30 -0.001878
1.31 -0.001884
1.32 -0.001890
1.33 -0.001895
1.34 -0.001901
1.35 -0.001905
1.36 -0.001909
1.37 -0.001912
1.38 -0.001914
1.39 -0.001915
1.40 -0.001915
1.41 -0.001915
1.42 -0.001914
1.43 -0.001913
1.44 -0.001910
1.45 -0.001908
1.46 -0.001905
1.47 -0.001902
1.48 -0.001901
1.49 -0.001900
1.50 -0.001899
1.51 -0.001897
1.52 -0.001895
1.53 -0.001893
1.54 -0.001889
1.55 -0.001885
1.56 -0.001880
1.57 -0.001873
1.58 -0.001866
1.59 -0.001860
1.60 -0.001854
1.61 -0.001847
1.62 -0.001841
1.63 -0.001833
1.64 -0.001824
1.65 -0.001814
1.66 -0.001802
1.67 -0.001789
1.68 -0.001776
1.69 -0.001761
1.70 -0.001746
1.71 -0.001731
1.72 -0.001716
1.73 -0.001701
1.74 -0.001684
1.75 -0.001667
1.76 -0.001648
1.77 -0.001629
1.78 -0.001609
1.79 -0.001589
1.80 -0.001569
1.81 -0.001549
1.82 -0.001529
1.83 -0.001509
1.84 -0.001489
1.85 -0.001468
1.86 -0.001446
1.87 -0.001423
1.88 -0.001399
1.89 -0.001375
1.90 -0.001349
1.91 -0.001324
1.92 -0.001298
1.93 -0.001273
1.94 -0.001248
1.95 -0.001223
1.96 -0.001196
1.97 -0.001169
1.98 -0.001141
1.99 -0.001111
2.00 -0.001080
2.01 -0.001047
2.02 -0.001014
2.03 -0.000981
2.04 -0.000949
2.05 -0.000916
2.06 -0.000883
2.07 -0.000850
2.08 -0.000815
2.09 -0.000780
2.10 -0.000743
2.11 -0.000706
2.12 -0.000669
2.13 -0.000631
2.14 -0.000593
2.15 -0.000555
2.16 -0.000516
2.17 -0.000477
2.18 -0.000437
2.19 -0.000396
2.20 -0.000353
2.21 -0.000310
2.22 -0.000267
2.23 -0.000224
2.24 -0.000182
2.25 -0.000140
2.26 -0.000098
2.27 -0.000056
2.28 -0.000015
2.29 0.000027
2.30 0.000070
2.31 0.000116
2.32 0.000164
2.33 0.000214
2.34 0.000266
2.35 0.000318
2.36 0.000371
2.37 0.000424
2.38 0.000476
2.39 0.000528
2.40 0.000580
2.41 0.000632
2.42 0.000682
2.43 0.000733
2.44 0.000783
2.45 0.000835
2.46 0.000887
2.47 0.000939
2.48 0.000993
2.49 0.001046
2.50 0.001098
2.51 0.001149
2.52 0.001199
2.53 0.001248
2.54 0.001298
2.55 0.001347
2.56 0.001398
2.57 0.001452
2.58 0.001508
2.59 0.001568
2.60 0.001631
2.61 0.001696
2.62 0.001764
2.63 0.001835
2.64 0.001906
2.65 0.001979
2.66 0.002051
2.67 0.002122
2.68 0.002191
2.69 0.002257
2.70 0.002321
2.71 0.002383
2.72 0.002442
2.73 0.002497
2.74 0.002551
2.75 0.002607
2.76 0.002665
2.77 0.002728
2.78 0.002796
2.79 0.002868
2.80 0.002943
2.81 0.003019
2.82 0.003094
2.83 0.003169
2.84 0.003244
2.85 0.003319
2.86 0.003397
2.87 0.003478
2.88 0.003562
2.89 0.003650
2.90 0.003742
2.91 0.003841
2.92 0.003944
2.93 0.004052
2.94 0.004162
2.95 0.004276
2.96 0.004393
2.97 0.004512
2.98 0.004634
2.99 0.004757
3.00 0.004878
3.01 0.004997
3.02 0.005110
3.03 0.005218
3.04 0.005325
3.05 0.005434
3.06 0.005549
3.07 0.005669
3.08 0.005793
3.09 0.005919
3.10 0.006045
3.11 0.006173
3.12 0.006305
3.13 0.006441
3.14 0.006582
3.15 0.006730
3.16 0.006883
3.17 0.007042
3.18 0.007205
3.19 0.007371
3.20 0.007541
3.21 0.007714
3.22 0.007890
3.23 0.008067
3.24 0.008240
3.25 0.008410
3.26 0.008578
3.27 0.008745
3.28 0.008913
3.29 0.009080
3.30 0.009245
3.31 0.009409
3.32 0.009571
3.33 0.009734
3.34 0.009900
3.35 0.010069
3.36 0.010242
3.37 0.010418
3.38 0.010594
3.39 0.010768
3.40 0.010942
3.41 0.011118
3.42 0.011301
3.43 0.011491
3.44 0.011690
3.45 0.011897
3.46 0.012110
3.47 0.012330
3.48 0.012554
3.49 0.012780
3.50 0.013002
3.51 0.013218
3.52 0.013424
3.53 0.013623
3.54 0.013816
3.55 0.014004
3.56 0.014188
3.57 0.014369
3.58 0.014547
3.59 0.014721
3.60 0.014894
3.61 0.015066
3.62 0.015241
3.63 0.015420
3.64 0.015604
3.65 0.015795
3.66 0.015991
3.67 0.016188
3.68 0.016382
3.69 0.016567
3.70 0.016742
3.71 0.016907
3.72 0.017066
3.73 0.017222
3.74 0.017383
3.75 0.017549
3.76 0.017723
3.77 0.017902
3.78 0.018085
3.79 0.018272
3.80 0.018461
3.81 0.018650
3.82 0.018830
3.83 0.018991
3.84 0.019125
3.85 0.019233
3.86 0.019321
3.87 0.019400
3.88 0.019482
3.89 0.019576
3.90 0.019683
3.91 0.019803
3.92 0.019932
3.93 0.020066
3.94 0.020202
3.95 0.020338
3.96 0.020470
3.97 0.020596
3.98 0.020713
3.99 0.020822
4.00 0.020927
4.01 0.021031
4.02 0.021139
4.03 0.021251
4.04 0.021369
4.05 0.021492
4.06 0.021617
4.07 0.021743
4.08 0.021867
4.09 0.021984
4.10 0.022090
4.11 0.022175
4.12 0.022236
4.13 0.022271
4.14 0.022286
4.15 0.022292
4.16 0.022299
4.17 0.022316
4.18 0.022349
4.19 0.022403
4.20 0.022477
4.21 0.022564
4.22 0.022658
4.23 0.022752
4.24 0.022845
4.25 0.022936
4.26 0.023023
4.27 0.023102
4.28 0.023168
4.29 0.023217
4.30 0.023249
4.31 0.023265
4.32 0.023265
4.33 0.023249
4.34 0.023213
4.35 0.023158
4.36 0.023085
4.37 0.023002
4.38 0.022923
4.39 0.022860
4.40 0.022823
4.41 0.022816
4.42 0.022835
4.43 0.022872
4.44 0.022912
4.45 0.022937
4.46 0.022931
4.47 0.022880
4.48 0.022777
4.49 0.022619
4.50 0.022407
4.51 0.022148
4.52 0.021852
4.53 0.021535
4.54 0.021211
4.55 0.020898
4.56 0.020611
4.57 0.020366
4.58 0.020174
4.59 0.020039
4.60 0.019960
4.61 0.019929
4.62 0.019934
4.63 0.019964
4.64 0.020013
4.65 0.020075
4.66 0.020142
4.67 0.020200
4.68 0.020228
4.69 0.020206
4.70 0.020111
4.71 0.019926
4.72 0.019635
4.73 0.019234
4.74 0.018727
4.75 0.018124
4.76 0.017439
4.77 0.016686
4.78 0.015874
4.79 0.015011
4.80 0.014100
4.81 0.013139
4.82 0.012116
4.83 0.011025
4.84 0.009865
4.85 0.008652
4.86 0.007406
4.87 0.006149
4.88 0.004894
4.89 0.003644
4.90 0.002399
4.91 0.001157
4.92 -0.000082
4.93 -0.001310
4.94 -0.002523
4.95 -0.003721
4.96 -0.004917
4.97 -0.006131
4.98 -0.007383
4.99 -0.008689
5.00 -0.010052
5.01 -0.011470
5.02 -0.012940
5.03 -0.014450
5.04 -0.015985
5.05 -0.017517
5.06 -0.019009
5.07 -0.020428
5.08 -0.021749
5.09 -0.022967
5.10 -0.024096
5.11 -0.025156
5.12 -0.026165
5.13 -0.027126
5.14 -0.028035
5.15 -0.028885
5.16 -0.029674
5.17 -0.030404
5.18 -0.031077
5.19 -0.031695
5.20 -0.032263
5.21 -0.032792
5.22 -0.033306
5.23 -0.033826
5.24 -0.034373
5.25 -0.034956
5.26 -0.035581
5.27 -0.036247
5.28 -0.036955
5.29 -0.037705
5.30 -0.038502
5.31 -0.039344
5.32 -0.040222
5.33 -0.041116
5.34 -0.042003
5.35 -0.042864
5.36 -0.043687
5.37 -0.044463
5.38 -0.045181
5.39 -0.045831
5.40 -0.046408
5.41 -0.046918
5.42 -0.047381
5.43 -0.047821
5.44 -0.048263
5.45 -0.048724
5.46 -0.049210
5.47 -0.049714
5.48 -0.050214
5.49 -0.050682
5.50 -0.051090
5.51 -0.051416
5.52 -0.051651
5.53 -0.051800
5.54 -0.051877
5.55 -0.051895
5.56 -0.051866
5.57 -0.051795
5.58 -0.051688
5.59 -0.051552
5.60 -0.051390
5.61 -0.051202
5.62 -0.050979
5.63 -0.050708
5.64 -0.050377
5.65 -0.049974
5.66 -0.049482
5.67 -0.048889
5.68 -0.048185
5.69 -0.047372
5.70 -0.046460
5.71 -0.045463
5.72 -0.044390
5.73 -0.043247
5.74 -0.042033
5.75 -0.040744
5.76 -0.039376
5.77 -0.037930
5.78 -0.036413
5.79 -0.034841
5.80 -0.033229
5.81 -0.031592
5.82 -0.029932
5.83 -0.028240
5.84 -0.026495
5.85 -0.024665
5.86 -0.022718
5.87 -0.020620
5.88 -0.018348
5.89 -0.015892
5.90 -0.013257
5.91 -0.010465
5.92 -0.007550
5.93 -0.004557
5.94 -0.001532
5.95 0.001479
5.96 0.004430
5.97 0.007285
5.98 0.010011
5.99 0.012588
6.00 0.015003
6.01 0.017251
6.02 0.019334
6.03 0.021259
6.04 0.023036
6.05 0.024669
6.06 0.026152
6.07 0.027478
6.08 0.028643
6.09 0.029661
6.10 0.030569
6.11 0.031416
6.12 0.032259
6.13 0.033144
6.14 0.034102
6.15 0.035150
6.16 0.036288
6.17 0.037505
6.18 0.038789
6.19 0.040134
6.20 0.041533
6.21 0.042982
6.22 0.044472
6.23 0.045990
6.24 0.047515
6.25 0.049024
6.26 0.050493
6.27 0.051902
6.28 0.053233
6.29 0.054472
6.30 0.055605
6.31 0.056617
6.32 0.057496
6.33 0.058238
6.34 0.058853
6.35 0.059355
6.36 0.059765
6.37 0.060095
6.38 0.060354
6.39 0.060546
6.40 0.060675
6.41 0.060750
6.42 0.060787
6.43 0.060810
6.44 0.060846
6.45 0.060921
6.46 0.061049
6.47 0.061235
6.48 0.061470
6.49 0.061743
6.50 0.062039
6.51 0.062340
6.52 0.062628
6.53 0.062882
6.54 0.063075
6.55 0.063184
6.56 0.063189
6.57 0.063087
6.58 0.062889
6.59 0.062626
6.60 0.062334
6.61 0.062048
6.62 0.061791
6.63 0.061571
6.64 0.061387
6.65 0.061229
6.66 0.061083
6.67 0.060931
6.68 0.060751
6.69 0.060526
6.70 0.060240
6.71 0.059877
6.72 0.059420
6.73 0.058845
6.74 0.058129
6.75 0.057254
6.76 0.056211
6.77 0.055000
6.78 0.053631
6.79 0.052123
6.80 0.050496
6.81 0.048767
6.82 0.046945
6.83 0.045031
6.84 0.043023
6.85 0.040916
6.86 0.038708
6.87 0.036393
6.88 0.033963
6.89 0.031413
6.90 0.028741
6.91 0.025948
6.92 0.023036
6.93 0.020001
6.94 0.016832
6.95 0.013518
6.96 0.010050
6.97 0.006423
6.98 0.002632
6.99 -0.001323
7.00 -0.005431
7.01 -0.009655
7.02 -0.013927
7.03 -0.018149
7.04 -0.022212
7.05 -0.026006
7.06 -0.029441
7.07 -0.032452
7.08 -0.035007
7.09 -0.037097
7.10 -0.038739
7.11 -0.039970
7.12 -0.040841
7.13 -0.041405
7.14 -0.041710
7.15 -0.041798
7.16 -0.041716
7.17 -0.041522
7.18 -0.041281
7.19 -0.041050
7.20 -0.040870
7.21 -0.040763
7.22 -0.040744
7.23 -0.040814
7.24 -0.040970
7.25 -0.041201
7.26 -0.041494
7.27 -0.041838
7.28 -0.042231
7.29 -0.042685
7.30 -0.043225
7.31 -0.043892
7.32 -0.044723
7.33 -0.045740
7.34 -0.046947
7.35 -0.048325
7.36 -0.049847
7.37 -0.051488
7.38 -0.053235
7.39 -0.055087
7.40 -0.057053
7.41 -0.059145
7.42 -0.061372
7.43 -0.063735
7.44 -0.066225
7.45 -0.068824
7.46 -0.071511
7.47 -0.074274
7.48 -0.077100
7.49 -0.079977
7.50 -0.082886
7.51 -0.085799
7.52 -0.088680
7.53 -0.091485
7.54 -0.094170
7.55 -0.096694
7.56 -0.099025
7.57 -0.101142
7.58 -0.103033
7.59 -0.104693
7.60 -0.106119
7.61 -0.107303
7.62 -0.108246
7.63 -0.108954
7.64 -0.109450
7.65 -0.109772
7.66 -0.109971
7.67 -0.110093
7.68 -0.110180
7.69 -0.110259
7.70 -0.110350
7.71 -0.110459
7.72 -0.110583
7.73 -0.110710
7.74 -0.110831
7.75 -0.110938
7.76 -0.111028
7.77 -0.111103
7.78 -0.111170
7.79 -0.111241
7.80 -0.111336
7.81 -0.111478
7.82 -0.111684
7.83 -0.111958
7.84 -0.112278
7.85 -0.112597
7.86 -0.112860
7.87 -0.113014
7.88 -0.113020
7.89 -0.112846
7.90 -0.112463
7.91 -0.111842
7.92 -0.110963
7.93 -0.109815
7.94 -0.108398
7.95 -0.106715
7.96 -0.104767
7.97 -0.102552
7.98 -0.100067
7.99 -0.097314
8.00 -0.094312
8.01 -0.091100
8.02 -0.087735
8.03 -0.084276
8.04 -0.080773
8.05 -0.077262
8.06 -0.073778
8.07 -0.070355
8.08 -0.067035
8.09 -0.063859
8.10 -0.060871
8.11 -0.058108
8.12 -0.055588
8.13 -0.053314
8.14 -0.051275
8.15 -0.049454
8.16 -0.047841
8.17 -0.046433
8.18 -0.045240
8.19 -0.044270
8.20 -0.043536
8.21 -0.043046
8.22 -0.042807
8.23 -0.042825
8.24 -0.043105
8.25 -0.043652
8.26 -0.044468
8.27 -0.045550
8.28 -0.046888
8.29 -0.048455
8.30 -0.050210
8.31 -0.052103
8.32 -0.054077
8.33 -0.056074
8.34 -0.058039
8.35 -0.059921
8.36 -0.061680
8.37 -0.063281
8.38 -0.064695
8.39 -0.065894
8.40 -0.066863
8.41 -0.067598
8.42 -0.068109
8.43 -0.068413
8.44 -0.068526
8.45 -0.068458
8.46 -0.068212
8.47 -0.067778
8.48 -0.067134
8.49 -0.066255
8.50 -0.065121
8.51 -0.063731
8.52 -0.062098
8.53 -0.060247
8.54 -0.058205
8.55 -0.055994
8.56 -0.053632
8.57 -0.051140
8.58 -0.048538
8.59 -0.045851
8.60 -0.043101
8.61 -0.040307
8.62 -0.037489
8.63 -0.034666
8.64 -0.031864
8.65 -0.029112
8.66 -0.026453
8.67 -0.023931
8.68 -0.021587
8.69 -0.019448
8.70 -0.017531
8.71 -0.015844
8.72 -0.014391
8.73 -0.013170
8.74 -0.012167
8.75 -0.011364
8.76 -0.010732
8.77 -0.010239
8.78 -0.009848
8.79 -0.009523
8.80 -0.009233
8.81 -0.008950
8.82 -0.008655
8.83 -0.008336
8.84 -0.007996
8.85 -0.007653
8.86 -0.007331
8.87 -0.007057
8.88 -0.006849
8.89 -0.006714
8.90 -0.006654
8.91 -0.006661
8.92 -0.006723
8.93 -0.006821
8.94 -0.006935
8.95 -0.007053
8.96 -0.007166
8.97 -0.007276
8.98 -0.007392
8.99 -0.007530
9.00 -0.007714
9.01 -0.007968
9.02 -0.008310
9.03 -0.008747
9.04 -0.009277
9.05 -0.009890
9.06 -0.010564
9.07 -0.011267
9.08 -0.011962
9.09 -0.012608
9.10 -0.013168
9.11 -0.013611
9.12 -0.013911
9.13 -0.014041
9.14 -0.013982
9.15 -0.013725
9.16 -0.013275
9.17 -0.012651
9.18 -0.011880
9.19 -0.010995
9.20 -0.010039
9.21 -0.009057
9.22 -0.008088
9.23 -0.007161
9.24 -0.006288
9.25 -0.005469
9.26 -0.004688
9.27 -0.003918
9.28 -0.003118
9.29 -0.002232
9.30 -0.001204
9.31 0.000018
9.32 0.001473
9.33 0.003185
9.34 0.005162
9.35 0.007400
9.36 0.009882
9.37 0.012592
9.38 0.015508
9.39 0.018604
9.40 0.021846
9.41 0.025186
9.42 0.028579
9.43 0.031988
9.44 0.035384
9.45 0.038740
9.46 0.042022
9.47 0.045188
9.48 0.048196
9.49 0.051010
9.50 0.053599
9.51 0.055933
9.52 0.057984
9.53 0.059732
9.54 0.061171
9.55 0.062312
9.56 0.063174
9.57 0.063779
9.58 0.064153
9.59 0.064321
9.60 0.064309
9.61 0.064147
9.62 0.063865
9.63 0.063494
9.64 0.063071
9.65 0.062631
9.66 0.062210
9.67 0.061840
9.68 0.061541
9.69 0.061323
9.70 0.061181
9.71 0.061111
9.72 0.061112
9.73 0.061192
9.74 0.061362
9.75 0.061633
9.76 0.062005
9.77 0.062468
9.78 0.063001
9.79 0.063574
9.80 0.064158
9.81 0.064739
9.82 0.065319
9.83 0.065913
9.84 0.066538
9.85 0.067218
9.86 0.067979
9.87 0.068852
9.88 0.069857
9.89 0.071001
9.90 0.072262
9.91 0.073599
9.92 0.074962
9.93 0.076302
9.94 0.077577
9.95 0.078755
9.96 0.079815
9.97 0.080745
9.98 0.081544
9.99 0.082218
10.00 0.082780
10.01 0.083252
10.02 0.083662
10.03 0.084034
10.04 0.084390
10.05 0.084737
10.06 0.085071
10.07 0.085379
10.08 0.085638
10.09 0.085818
10.10 0.085885
10.11 0.085806
10.12 0.085548
10.13 0.085080
10.14 0.084375
10.15 0.083413
10.16 0.082174
10.17 0.080652
10.18 0.078854
10.19 0.076814
10.20 0.074599
10.21 0.072300
10.22 0.070020
10.23 0.067851
10.24 0.065855
10.25 0.064071
10.26 0.062519
10.27 0.061205
10.28 0.060128
10.29 0.059273
10.30 0.058611
10.31 0.058097
10.32 0.057685
10.33 0.057337
10.34 0.057022
10.35 0.056715
10.36 0.056388
10.37 0.056009
10.38 0.055548
10.39 0.054984
10.40 0.054310
10.41 0.053531
10.42 0.052651
10.43 0.051677
10.44 0.050615
10.45 0.049470
10.46 0.048249
10.47 0.046969
10.48 0.045654
10.49 0.044334
10.50 0.043033
10.51 0.041772
10.52 0.040565
10.53 0.039426
10.54 0.038371
10.55 0.037418
10.56 0.036581
10.57 0.035869
10.58 0.035284
10.59 0.034821
10.60 0.034465
10.61 0.034195
10.62 0.033985
10.63 0.033810
10.64 0.033647
10.65 0.033473
10.66 0.033273
10.67 0.033041
10.68 0.032789
10.69 0.032541
10.70 0.032329
10.71 0.032185
10.72 0.032136
10.73 0.032206
10.74 0.032417
10.75 0.032791
10.76 0.033349
10.77 0.034111
10.78 0.035093
10.79 0.036301
10.80 0.037733
10.81 0.039367
10.82 0.041171
10.83 0.043105
10.84 0.045127
10.85 0.047202
10.86 0.049298
10.87 0.051391
10.88 0.053461
10.89 0.055494
10.90 0.057484
10.91 0.059435
10.92 0.061360
10.93 0.063267
10.94 0.065157
10.95 0.067017
10.96 0.068826
10.97 0.070561
10.98 0.072205
10.99 0.073750
11.00 0.075185
11.01 0.076499
11.02 0.077674
11.03 0.078690
11.04 0.079534
11.05 0.080197
11.06 0.080677
11.07 0.080974
11.08 0.081091
11.09 0.081031
11.10 0.080805
11.11 0.080423
11.12 0.079898
11.13 0.079246
11.14 0.078474
11.15 0.077587
11.16 0.076587
11.17 0.075475
11.18 0.074252
11.19 0.072924
11.20 0.071499
11.21 0.069997
11.22 0.068447
11.23 0.066883
11.24 0.065341
11.25 0.063850
11.26 0.062436
11.27 0.061123
11.28 0.059936
11.29 0.058902
11.30 0.058045
11.31 0.057389
11.32 0.056952
11.33 0.056733
11.34 0.056701
11.35 0.056806
11.36 0.056999
11.37 0.057252
11.38 0.057563
11.39 0.057941
11.40 0.058389
11.41 0.058895
11.42 0.059440
11.43 0.060001
11.44 0.060557
11.45 0.061093
11.46 0.061602
11.47 0.062080
11.48 0.062526
11.49 0.062933
11.50 0.063288
11.51 0.063577
11.52 0.063794
11.53 0.063939
11.54 0.064019
11.55 0.064045
11.56 0.064029
11.57 0.063985
11.58 0.063927
11.59 0.063866
11.60 0.063806
11.61 0.063745
11.62 0.063682
11.63 0.063614
11.64 0.063542
11.65 0.063460
11.66 0.063352
11.67 0.063191
11.68 0.062948
11.69 0.062590
11.70 0.062095
11.71 0.061449
11.72 0.060652
11.73 0.059711
11.74 0.058634
11.75 0.057423
11.76 0.056076
11.77 0.054592
11.78 0.052974
11.79 0.051234
11.80 0.049377
11.81 0.047405
11.82 0.045309
11.83 0.043081
11.84 0.040716
11.85 0.038215
11.86 0.035583
11.87 0.032828
11.88 0.029958
11.89 0.026986
11.90 0.023930
11.91 0.020816
11.92 0.017663
11.93 0.014489
11.94 0.011301
11.95 0.008108
11.96 0.004918
11.97 0.001750
11.98 -0.001376
11.99 -0.004439
12.00 -0.007423
12.01 -0.010316
12.02 -0.013110
12.03 -0.015797
12.04 -0.018374
12.05 -0.020840
12.06 -0.023202
12.07 -0.025469
12.08 -0.027650
12.09 -0.029752
12.10 -0.031777
12.11 -0.033726
12.12 -0.035606
12.13 -0.037429
12.14 -0.039214
12.15 -0.040974
12.16 -0.042719
12.17 -0.044447
12.18 -0.046152
12.19 -0.047823
12.20 -0.049453
12.21 -0.051037
12.22 -0.052572
12.23 -0.054056
12.24 -0.055485
12.25 -0.056851
12.26 -0.058146
12.27 -0.059367
12.28 -0.060511
12.29 -0.061584
12.30 -0.062589
12.31 -0.063534
12.32 -0.064420
12.33 -0.065248
12.34 -0.066017
12.35 -0.066724
12.36 -0.067362
12.37 -0.067929
12.38 -0.068420
12.39 -0.068835
12.40 -0.069175
12.41 -0.069442
12.42 -0.069643
12.43 -0.069781
12.44 -0.069857
12.45 -0.069876
12.46 -0.069846
12.47 -0.069784
12.48 -0.069711
12.49 -0.069650
12.50 -0.069625
12.51 -0.069656
12.52 -0.069755
12.53 -0.069931
12.54 -0.070190
12.55 -0.070540
12.56 -0.070988
12.57 -0.071538
12.58 -0.072180
12.59 -0.072896
12.60 -0.073661
12.61 -0.074459
12.62 -0.075279
12.63 -0.076120
12.64 -0.076980
12.65 -0.077854
12.66 -0.078729
12.67 -0.079589
12.68 -0.080418
12.69 -0.081196
12.70 -0.081899
12.71 -0.082506
12.72 -0.083001
12.73 -0.083383
12.74 -0.083660
12.75 -0.083848
12.76 -0.083963
12.77 -0.084021
12.78 -0.084037
12.79 -0.084026
12.80 -0.084006
12.81 -0.083991
12.82 -0.083992
12.83 -0.084012
12.84 -0.084048
12.85 -0.084093
12.86 -0.084133
12.87 -0.084154
12.88 -0.084148
12.89 -0.084121
12.90 -0.084084
12.91 -0.084051
12.92 -0.084030
12.93 -0.084022
12.94 -0.084029
12.95 -0.084054
12.96 -0.084097
12.97 -0.084150
12.98 -0.084191
12.99 -0.084200
13.00 -0.084162
13.01 -0.084081
13.02 -0.083967
13.03 -0.083833
13.04 -0.083685
13.05 -0.083523
13.06 -0.083345
13.07 -0.083156
13.08 -0.082963
13.09 -0.082773
13.10 -0.082587
13.11 -0.082400
13.12 -0.082203
13.13 -0.081987
13.14 -0.081742
13.15 -0.081460
13.16 -0.081133
13.17 -0.080752
13.18 -0.080309
13.19 -0.079797
13.20 -0.079216
13.21 -0.078569
13.22 -0.077864
13.23 -0.077113
13.24 -0.076326
13.25 -0.075514
13.26 -0.074683
13.27 -0.073837
13.28 -0.072980
13.29 -0.072113
13.30 -0.071234
13.31 -0.070339
13.32 -0.069432
13.33 -0.068521
13.34 -0.067615
13.35 -0.066728
13.36 -0.065871
13.37 -0.065051
13.38 -0.064270
13.39 -0.063525
13.40 -0.062811
13.41 -0.062124
13.42 -0.061455
13.43 -0.060794
13.44 -0.060128
13.45 -0.059445
13.46 -0.058734
13.47 -0.057992
13.48 -0.057214
13.49 -0.056394
13.50 -0.055526
13.51 -0.054601
13.52 -0.053616
13.53 -0.052568
13.54 -0.051454
13.55 -0.050273
13.56 -0.049026
13.57 -0.047712
13.58 -0.046336
13.59 -0.044898
13.60 -0.043397
13.61 -0.041832
13.62 -0.040207
13.63 -0.038532
13.64 -0.036820
13.65 -0.035086
13.66 -0.033342
13.67 -0.031595
13.68 -0.029855
13.69 -0.028126
13.70 -0.026415
13.71 -0.024730
13.72 -0.023077
13.73 -0.021456
13.74 -0.019862
13.75 -0.018286
13.76 -0.016723
13.77 -0.015171
13.78 -0.013633
13.79 -0.012113
13.80 -0.010615
13.81 -0.009141
13.82 -0.007697
13.83 -0.006289
13.84 -0.004924
13.85 -0.003607
13.86 -0.002339
13.87 -0.001117
13.88 0.000066
13.89 0.001218
13.90 0.002346
13.91 0.003457
13.92 0.004552
13.93 0.005631
13.94 0.006691
13.95 0.007733
13.96 0.008755
13.97 0.009757
13.98 0.010737
13.99 0.011693
14.00 0.012617
14.01 0.013505
14.02 0.014354
14.03 0.015162
14.04 0.015930
14.05 0.016658
14.06 0.017349
14.07 0.017998
14.08 0.018601
14.09 0.019149
14.10 0.019637
14.11 0.020060
14.12 0.020415
14.13 0.020698
14.14 0.020904
14.15 0.021029
14.16 0.021070
14.17 0.021025
14.18 0.020895
14.19 0.020690
14.20 0.020423
14.21 0.020112
14.22 0.019771
14.23 0.019416
14.24 0.019058
14.25 0.018709
14.26 0.018375
14.27 0.018058
14.28 0.017759
14.29 0.017477
14.30 0.017205
14.31 0.016938
14.32 0.016667
14.33 0.016389
14.34 0.016104
14.35 0.015819
14.36 0.015546
14.37 0.015298
14.38 0.015090
14.39 0.014936
14.40 0.014845
14.41 0.014818
14.42 0.014854
14.43 0.014946
14.44 0.015091
14.45 0.015285
14.46 0.015526
14.47 0.015815
14.48 0.016154
14.49 0.016549
14.50 0.017009
14.51 0.017546
14.52 0.018166
14.53 0.018875
14.54 0.019671
14.55 0.020554
14.56 0.021517
14.57 0.022557
14.58 0.023667
14.59 0.024845
14.60 0.026083
14.61 0.027377
14.62 0.028720
14.63 0.030105
14.64 0.031526
14.65 0.032979
14.66 0.034460
14.67 0.035964
14.68 0.037488
14.69 0.039023
14.70 0.040560
14.71 0.042089
14.72 0.043601
14.73 0.045086
14.74 0.046534
14.75 0.047937
14.76 0.049292
14.77 0.050598
14.78 0.051860
14.79 0.053080
14.80 0.054263
14.81 0.055417
14.82 0.056551
14.83 0.057675
14.84 0.058794
14.85 0.059909
14.86 0.061020
14.87 0.062119
14.88 0.063199
14.89 0.064249
14.90 0.065264
14.91 0.066237
14.92 0.067165
14.93 0.068046
14.94 0.068881
14.95 0.069673
14.96 0.070425
14.97 0.071138
14.98 0.071813
14.99 0.072447
15.00 0.073036
15.01 0.073577
15.02 0.074066
15.03 0.074503
15.04 0.074896
15.05 0.075255
15.06 0.075592
15.07 0.075919
15.08 0.076244
15.09 0.076574
15.10 0.076915
15.11 0.077268
15.12 0.077630
15.13 0.077997
15.14 0.078358
15.15 0.078703
15.16 0.079020
15.17 0.079306
15.18 0.079558
15.19 0.079780
15.20 0.079977
15.21 0.080154
15.22 0.080317
15.23 0.080471
15.24 0.080620
15.25 0.080767
15.26 0.080911
15.27 0.081053
15.28 0.081192
15.29 0.081328
15.30 0.081461
15.31 0.081588
15.32 0.081705
15.33 0.081810
15.34 0.081903
15.35 0.081987
15.36 0.082068
15.37 0.082151
15.38 0.082242
15.39 0.082343
15.40 0.082456
15.41 0.082578
15.42 0.082701
15.43 0.082816
15.44 0.082912
15.45 0.082977
15.46 0.082995
15.47 0.082948
15.48 0.082819
15.49 0.082595
15.50 0.082262
15.51 0.081810
15.52 0.081229
15.53 0.080511
15.54 0.079649
15.55 0.078638
15.56 0.077477
15.57 0.076172
15.58 0.074738
15.59 0.073198
15.60 0.071578
15.61 0.069905
15.62 0.068204
15.63 0.066494
15.64 0.064794
15.65 0.063118
15.66 0.061479
15.67 0.059889
15.68 0.058357
15.69 0.056883
15.70 0.055463
15.71 0.054082
15.72 0.052725
15.73 0.051379
15.74 0.050035
15.75 0.048689
15.76 0.047334
15.77 0.045965
15.78 0.044580
15.79 0.043184
15.80 0.041788
15.81 0.040407
15.82 0.039052
15.83 0.037734
15.84 0.036460
15.85 0.035232
15.86 0.034050
15.87 0.032910
15.88 0.031804
15.89 0.030718
15.90 0.029641
15.91 0.028560
15.92 0.027466
15.93 0.026349
15.94 0.025200
15.95 0.024016
15.96 0.022800
15.97 0.021560
15.98 0.020311
15.99 0.019069
16.00 0.017846
16.01 0.016652
16.02 0.015496
16.03 0.014390
16.04 0.013343
16.05 0.012358
16.06 0.011431
16.07 0.010549
16.08 0.009700
16.09 0.008874
16.10 0.008070
16.11 0.007288
16.12 0.006530
16.13 0.005796
16.14 0.005081
16.15 0.004376
16.16 0.003668
16.17 0.002944
16.18 0.002192
16.19 0.001401
16.20 0.000560
16.21 -0.000340
16.22 -0.001312
16.23 -0.002366
16.24 -0.003505
16.25 -0.004728
16.26 -0.006029
16.27 -0.007398
16.28 -0.008828
16.29 -0.010312
16.30 -0.011849
16.31 -0.013442
16.32 -0.015094
16.33 -0.016810
16.34 -0.018583
16.35 -0.020404
16.36 -0.022259
16.37 -0.024133
16.38 -0.026013
16.39 -0.027892
16.40 -0.029761
16.41 -0.031614
16.42 -0.033449
16.43 -0.035262
16.44 -0.037055
16.45 -0.038833
16.46 -0.040602
16.47 -0.042368
16.48 -0.044136
16.49 -0.045910
16.50 -0.047692
16.51 -0.049479
16.52 -0.051264
16.53 -0.053042
16.54 -0.054805
16.55 -0.056546
16.56 -0.058258
16.57 -0.059930
16.58 -0.061555
16.59 -0.063123
16.60 -0.064627
16.61 -0.066060
16.62 -0.067418
16.63 -0.068700
16.64 -0.069909
16.65 -0.071053
16.66 -0.072139
16.67 -0.073179
16.68 -0.074181
16.69 -0.075154
16.70 -0.076108
16.71 -0.077051
16.72 -0.077991
16.73 -0.078931
16.74 -0.079873
16.75 -0.080813
16.76 -0.081747
16.77 -0.082668
16.78 -0.083570
16.79 -0.084442
16.80 -0.085271
16.81 -0.086047
16.82 -0.086757
16.83 -0.087394
16.84 -0.087949
16.85 -0.088423
16.86 -0.088823
16.87 -0.089163
16.88 -0.089458
16.89 -0.089724
16.90 -0.089973
16.91 -0.090213
16.92 -0.090452
16.93 -0.090694
16.94 -0.090936
16.95 -0.091172
16.96 -0.091395
16.97 -0.091600
16.98 -0.091791
16.99 -0.091974
17.00 -0.092163
17.01 -0.092373
17.02 -0.092613
17.03 -0.092889
17.04 -0.093197
17.05 -0.093533
17.06 -0.093889
17.07 -0.094259
17.08 -0.094639
17.09 -0.095024
17.10 -0.095407
17.11 -0.095784
17.12 -0.096145
17.13 -0.096483
17.14 -0.096791
17.15 -0.097064
17.16 -0.097300
17.17 -0.097500
17.18 -0.097662
17.19 -0.097783
17.20 -0.097853
17.21 -0.097858
17.22 -0.097782
17.23 -0.097612
17.24 -0.097340
17.25 -0.096962
17.26 -0.096482
17.27 -0.095901
17.28 -0.095225
17.29 -0.094454
17.30 -0.093594
17.31 -0.092647
17.32 -0.091619
17.33 -0.090514
17.34 -0.089334
17.35 -0.088082
17.36 -0.086764
17.37 -0.085389
17.38 -0.083969
17.39 -0.082518
17.40 -0.081048
17.41 -0.079572
17.42 -0.078100
17.43 -0.076648
17.44 -0.075228
17.45 -0.073855
17.46 -0.072537
17.47 -0.071277
17.48 -0.070072
17.49 -0.068917
17.50 -0.067803
17.51 -0.066724
17.52 -0.065671
17.53 -0.064635
17.54 -0.063599
17.55 -0.062549
17.56 -0.061469
17.57 -0.060347
17.58 -0.059173
17.59 -0.057943
17.60 -0.056655
17.61 -0.055309
17.62 -0.053911
17.63 -0.052473
17.64 -0.051007
17.65 -0.049530
17.66 -0.048055
17.67 -0.046595
17.68 -0.045155
17.69 -0.043736
17.70 -0.042333
17.71 -0.040940
17.72 -0.039547
17.73 -0.038141
17.74 -0.036707
17.75 -0.035235
17.76 -0.033719
17.77 -0.032159
17.78 -0.030563
17.79 -0.028943
17.80 -0.027314
17.81 -0.025693
17.82 -0.024098
17.83 -0.022546
17.84 -0.021052
17.85 -0.019629
17.86 -0.018287
17.87 -0.017032
17.88 -0.015864
17.89 -0.014777
17.90 -0.013759
17.91 -0.012798
17.92 -0.011884
17.93 -0.011006
17.94 -0.010154
17.95 -0.009316
17.96 -0.008482
17.97 -0.007645
17.98 -0.006797
17.99 -0.005934
18.00 -0.005050
18.01 -0.004143
18.02 -0.003211
18.03 -0.002255
18.04 -0.001283
18.05 -0.000305
18.06 0.000660
18.07 0.001596
18.08 0.002485
18.09 0.003312
18.10 0.004068
18.11 0.004742
18.12 0.005329
18.13 0.005827
18.14 0.006240
18.15 0.006575
18.16 0.006843
18.17 0.007055
18.18 0.007226
18.19 0.007371
18.20 0.007507
18.21 0.007651
18.22 0.007821
18.23 0.008028
18.24 0.008282
18.25 0.008584
18.26 0.008932
18.27 0.009321
18.28 0.009744
18.29 0.010192
18.30 0.010656
18.31 0.011129
18.32 0.011602
18.33 0.012065
18.34 0.012509
18.35 0.012923
18.36 0.013297
18.37 0.013625
18.38 0.013908
18.39 0.014149
18.40 0.014359
18.41 0.014550
18.42 0.014734
18.43 0.014923
18.44 0.015123
18.45 0.015341
18.46 0.015586
18.47 0.015863
18.48 0.016179
18.49 0.016531
18.50 0.016916
18.51 0.017327
18.52 0.017758
18.53 0.018201
18.54 0.018654
18.55 0.019111
18.56 0.019572
18.57 0.020034
18.58 0.020500
18.59 0.020972
18.60 0.021451
18.61 0.021941
18.62 0.022441
18.63 0.022953
18.64 0.023476
18.65 0.024011
18.66 0.024558
18.67 0.025119
18.68 0.025694
18.69 0.026287
18.70 0.026899
18.71 0.027532
18.72 0.028187
18.73 0.028862
18.74 0.029554
18.75 0.030259
18.76 0.030971
18.77 0.031686
18.78 0.032397
18.79 0.033100
18.80 0.033790
18.81 0.034461
18.82 0.035108
18.83 0.035729
18.84 0.036320
18.85 0.036879
18.86 0.037400
18.87 0.037881
18.88 0.038321
18.89 0.038720
18.90 0.039080
18.91 0.039403
18.92 0.039695
18.93 0.039967
18.94 0.040234
18.95 0.040511
18.96 0.040813
18.97 0.041152
18.98 0.041536
18.99 0.041974
19.00 0.042472
19.01 0.043033
19.02 0.043658
19.03 0.044347
19.04 0.045097
19.05 0.045905
19.06 0.046766
19.07 0.047672
19.08 0.048615
19.09 0.049588
19.10 0.050581
19.11 0.051587
19.12 0.052593
19.13 0.053586
19.14 0.054556
19.15 0.055492
19.16 0.056389
19.17 0.057247
19.18 0.058069
19.19 0.058861
19.20 0.059627
19.21 0.060374
19.22 0.061104
19.23 0.061820
19.24 0.062526
19.25 0.063227
19.26 0.063925
19.27 0.064616
19.28 0.065293
19.29 0.065944
19.30 0.066559
19.31 0.067130
19.32 0.067648
19.33 0.068113
19.34 0.068525
19.35 0.068891
19.36 0.069217
19.37 0.069510
19.38 0.069777
19.39 0.070021
19.40 0.070247
19.41 0.070453
19.42 0.070638
19.43 0.070798
19.44 0.070930
19.45 0.071030
19.46 0.071092
19.47 0.071112
19.48 0.071086
19.49 0.071012
19.50 0.070889
19.51 0.070713
19.52 0.070482
19.53 0.070189
19.54 0.069828
19.55 0.069393
19.56 0.068875
19.57 0.068264
19.58 0.067551
19.59 0.066727
19.60 0.065787
19.61 0.064732
19.62 0.063567
19.63 0.062300
19.64 0.060948
19.65 0.059535
19.66 0.058089
19.67 0.056638
19.68 0.055211
19.69 0.053827
19.70 0.052499
19.71 0.051229
19.72 0.050014
19.73 0.048850
19.74 0.047727
19.75 0.046636
19.76 0.045564
19.77 0.044498
19.78 0.043423
19.79 0.042328
19.80 0.041208
19.81 0.040058
19.82 0.038878
19.83 0.037669
19.84 0.036432
19.85 0.035171
19.86 0.033893
19.87 0.032605
19.88 0.031318
19.89 0.030039
19.90 0.028778
19.91 0.027540
19.92 0.026332
19.93 0.025158
19.94 0.024026
19.95 0.022937
19.96 0.021893
19.97 0.020891
19.98 0.019926
19.99 0.018995
20.00 0.018091
20.01 0.017207
20.02 0.016332
20.03 0.015460
20.04 0.014583
20.05 0.013694
20.06 0.012789
20.07 0.011864
20.08 0.010918
20.09 0.009954
20.10 0.008973
20.11 0.007982
20.12 0.006984
20.13 0.005986
20.14 0.004992
20.15 0.004010
20.16 0.003047
20.17 0.002107
20.18 0.001193
20.19 0.000306
20.20 -0.000556
20.21 -0.001394
20.22 -0.002209
20.23 -0.003004
20.24 -0.003780
20.25 -0.004543
20.26 -0.005296
20.27 -0.006043
20.28 -0.006790
20.29 -0.007538
20.30 -0.008289
20.31 -0.009042
20.32 -0.009795
20.33 -0.010546
20.34 -0.011295
20.35 -0.012041
20.36 -0.012785
20.37 -0.013525
20.38 -0.014261
20.39 -0.014992
20.40 -0.015713
20.41 -0.016418
20.42 -0.017098
20.43 -0.017744
20.44 -0.018343
20.45 -0.018889
20.46 -0.019377
20.47 -0.019809
20.48 -0.020191
20.49 -0.020531
20.50 -0.020836
20.51 -0.021117
20.52 -0.021383
20.53 -0.021640
20.54 -0.021895
20.55 -0.022151
20.56 -0.022407
20.57 -0.022663
20.58 -0.022914
20.59 -0.023157
20.60 -0.023388
20.61 -0.023608
20.62 -0.023818
20.63 -0.024019
20.64 -0.024211
20.65 -0.024393
20.66 -0.024568
20.67 -0.024732
20.68 -0.024885
20.69 -0.025024
20.70 -0.025148
20.71 -0.025254
20.72 -0.025342
20.73 -0.025407
20.74 -0.025449
20.75 -0.025466
20.76 -0.025462
20.77 -0.025441
20.78 -0.025412
20.79 -0.025381
20.80 -0.025355
20.81 -0.025341
20.82 -0.025344
20.83 -0.025369
20.84 -0.025413
20.85 -0.025476
20.86 -0.025554
20.87 -0.025641
20.88 -0.025733
20.89 -0.025820
20.90 -0.025895
20.91 -0.025950
20.92 -0.025982
20.93 -0.025987
20.94 -0.025964
20.95 -0.025914
20.96 -0.025836
20.97 -0.025730
20.98 -0.025598
20.99 -0.025439
21.00 -0.025256
21.01 -0.025047
21.02 -0.024813
21.03 -0.024555
21.04 -0.024273
21.05 -0.023971
21.06 -0.023651
21.07 -0.023317
21.08 -0.022969
21.09 -0.022608
21.10 -0.022236
21.11 -0.021855
21.12 -0.021468
21.13 -0.021075
21.14 -0.020673
21.15 -0.020257
21.16 -0.019822
21.17 -0.019367
21.18 -0.018891
21.19 -0.018397
21.20 -0.017888
21.21 -0.017372
21.22 -0.016854
21.23 -0.016345
21.24 -0.015853
21.25 -0.015385
21.26 -0.014948
21.27 -0.014545
21.28 -0.014180
21.29 -0.013850
21.30 -0.013554
21.31 -0.013288
21.32 -0.013048
21.33 -0.012830
21.34 -0.012627
21.35 -0.012430
21.36 -0.012231
21.37 -0.012018
21.38 -0.011784
21.39 -0.011522
21.40 -0.011226
21.41 -0.010897
21.42 -0.010534
21.43 -0.010145
21.44 -0.009737
21.45 -0.009320
21.46 -0.008906
21.47 -0.008507
21.48 -0.008136
21.49 -0.007802
21.50 -0.007513
21.51 -0.007275
21.52 -0.007092
21.53 -0.006964
21.54 -0.006888
21.55 -0.006860
21.56 -0.006876
21.57 -0.006933
21.58 -0.007028
21.59 -0.007157
21.60 -0.007314
21.61 -0.007494
21.62 -0.007691
21.63 -0.007902
21.64 -0.008123
21.65 -0.008353
21.66 -0.008595
21.67 -0.008849
21.68 -0.009119
21.69 -0.009406
21.70 -0.009709
21.71 -0.010026
21.72 -0.010351
21.73 -0.010680
21.74 -0.011009
21.75 -0.011332
21.76 -0.011647
21.77 -0.011952
21.78 -0.012245
21.79 -0.012528
21.80 -0.012804
21.81 -0.013075
21.82 -0.013343
21.83 -0.013609
21.84 -0.013876
21.85 -0.014141
21.86 -0.014408
21.87 -0.014674
21.88 -0.014940
21.89 -0.015208
21.90 -0.015476
21.91 -0.015747
21.92 -0.016022
21.93 -0.016303
21.94 -0.016589
21.95 -0.016881
21.96 -0.017178
21.97 -0.017481
21.98 -0.017790
21.99 -0.018105
22.00 -0.018426
22.01 -0.018752
22.02 -0.019084
22.03 -0.019419
22.04 -0.019755
22.05 -0.020086
22.06 -0.020409
22.07 -0.020717
22.08 -0.021006
22.09 -0.021275
22.10 -0.021521
22.11 -0.021741
22.12 -0.021934
22.13 -0.022100
22.14 -0.022238
22.15 -0.022349
22.16 -0.022437
22.17 -0.022502
22.18 -0.022549
22.19 -0.022580
22.20 -0.022597
22.21 -0.022598
22.22 -0.022579
22.23 -0.022536
22.24 -0.022461
22.25 -0.022351
22.26 -0.022205
22.27 -0.022025
22.28 -0.021815
22.29 -0.021580
22.30 -0.021325
22.31 -0.021053
22.32 -0.020770
22.33 -0.020479
22.34 -0.020180
22.35 -0.019874
22.36 -0.019560
22.37 -0.019232
22.38 -0.018887
22.39 -0.018515
22.40 -0.018108
22.41 -0.017659
22.42 -0.017163
22.43 -0.016619
22.44 -0.016026
22.45 -0.015386
22.46 -0.014703
22.47 -0.013983
22.48 -0.013232
22.49 -0.012456
22.50 -0.011659
22.51 -0.010845
22.52 -0.010017
22.53 -0.009179
22.54 -0.008333
22.55 -0.007479
22.56 -0.006617
22.57 -0.005748
22.58 -0.004872
22.59 -0.003987
22.60 -0.003096
22.61 -0.002199
22.62 -0.001299
22.63 -0.000400
22.64 0.000495
22.65 0.001383
22.66 0.002261
22.67 0.003128
22.68 0.003983
22.69 0.004826
22.70 0.005659
22.71 0.006485
22.72 0.007307
22.73 0.008127
22.74 0.008949
22.75 0.009775
22.76 0.010607
22.77 0.011448
22.78 0.012299
22.79 0.013160
22.80 0.014029
22.81 0.014905
22.82 0.015783
22.83 0.016660
22.84 0.017528
22.85 0.018385
22.86 0.019225
22.87 0.020049
22.88 0.020855
22.89 0.021646
22.90 0.022421
22.91 0.023181
22.92 0.023929
22.93 0.024663
22.94 0.025381
22.95 0.026078
22.96 0.026749
22.97 0.027388
22.98 0.027990
22.99 0.028554
23.00 0.029079
23.01 0.029565
23.02 0.030016
23.03 0.030435
23.04 0.030823
23.05 0.031182
23.06 0.031514
23.07 0.031818
23.08 0.032096
23.09 0.032343
23.10 0.032559
23.11 0.032740
23.12 0.032885
23.13 0.032994
23.14 0.033070
23.15 0.033115
23.16 0.033138
23.17 0.033142
23.18 0.033134
23.19 0.033115
23.20 0.033090
23.21 0.033056
23.22 0.033013
23.23 0.032959
23.24 0.032890
23.25 0.032808
23.26 0.032713
23.27 0.032605
23.28 0.032483
23.29 0.032347
23.30 0.032196
23.31 0.032029
23.32 0.031845
23.33 0.031641
23.34 0.031417
23.35 0.031170
23.36 0.030903
23.37 0.030615
23.38 0.030310
23.39 0.029991
23.40 0.029662
23.41 0.029328
23.42 0.028995
23.43 0.028666
23.44 0.028342
23.45 0.028024
23.46 0.027710
23.47 0.027400
23.48 0.027095
23.49 0.026794
23.50 0.026494
23.51 0.026189
23.52 0.025877
23.53 0.025555
23.54 0.025221
23.55 0.024877
23.56 0.024522
23.57 0.024159
23.58 0.023787
23.59 0.023407
23.60 0.023023
23.61 0.022635
23.62 0.022245
23.63 0.021850
23.64 0.021451
23.65 0.021045
23.66 0.020629
23.67 0.020199
23.68 0.019756
23.69 0.019301
23.70 0.018837
23.71 0.018369
23.72 0.017900
23.73 0.017435
23.74 0.016977
23.75 0.016526
23.76 0.016081
23.77 0.015639
23.78 0.015195
23.79 0.014746
23.80 0.014286
23.81 0.013812
23.82 0.013322
23.83 0.012814
23.84 0.012292
23.85 0.011757
23.86 0.011216
23.87 0.010674
23.88 0.010137
23.89 0.009612
23.90 0.009102
23.91 0.008606
23.92 0.008125
23.93 0.007655
23.94 0.007194
23.95 0.006740
23.96 0.006291
23.97 0.005846
23.98 0.005405
23.99 0.004967
24.00 0.004531
24.01 0.004097
24.02 0.003664
24.03 0.003233
24.04 0.002803
24.05 0.002375
24.06 0.001949
24.07 0.001527
24.08 0.001110
24.09 0.000701
24.10 0.000302
24.11 -0.000086
24.12 -0.000458
24.13 -0.000813
24.14 -0.001154
24.15 -0.001483
24.16 -0.001803
24.17 -0.002115
24.18 -0.002419
24.19 -0.002712
24.20 -0.002990
24.21 -0.003252
24.22 -0.003495
24.23 -0.003722
24.24 -0.003933
24.25 -0.004130
24.26 -0.004314
24.27 -0.004483
24.28 -0.004635
24.29 -0.004768
24.30 -0.004883
24.31 -0.004981
24.32 -0.005062
24.33 -0.005128
24.34 -0.005180
24.35 -0.005220
24.36 -0.005251
24.37 -0.005277
24.38 -0.005299
24.39 -0.005323
24.40 -0.005348
24.41 -0.005373
24.42 -0.005395
24.43 -0.005411
24.44 -0.005420
24.45 -0.005420
24.46 -0.005411
24.47 -0.005394
24.48 -0.005372
24.49 -0.005343
24.50 -0.005311
24.51 -0.005277
24.52 -0.005241
24.53 -0.005206
24.54 -0.005173
24.55 -0.005144
24.56 -0.005122
24.57 -0.005109
24.58 -0.005107
24.59 -0.005115
24.60 -0.005135
24.61 -0.005164
24.62 -0.005199
24.63 -0.005233
24.64 -0.005260
24.65 -0.005272
24.66 -0.005266
24.67 -0.005238
24.68 -0.005185
24.69 -0.005106
24.70 -0.005002
24.71 -0.004876
24.72 -0.004734
24.73 -0.004582
24.74 -0.004424
24.75 -0.004265
24.76 -0.004107
24.77 -0.003955
24.78 -0.003809
24.79 -0.003672
24.80 -0.003543
24.81 -0.003419
24.82 -0.003302
24.83 -0.003194
24.84 -0.003095
24.85 -0.003008
24.86 -0.002933
24.87 -0.002873
24.88 -0.002831
24.89 -0.002809
24.90 -0.002810
24.91 -0.002837
24.92 -0.002889
24.93 -0.002966
24.94 -0.003065
24.95 -0.003185
24.96 -0.003325
24.97 -0.003484
24.98 -0.003665
24.99 -0.003867
25.00 -0.004093
25.01 -0.004343
25.02 -0.004617
25.03 -0.004911
25.04 -0.005223
25.05 -0.005546
25.06 -0.005873
25.07 -0.006201
25.08 -0.006526
25.09 -0.006847
25.10 -0.007164
25.11 -0.007476
25.12 -0.007785
25.13 -0.008091
25.14 -0.008395
25.15 -0.008698
25.16 -0.009001
25.17 -0.009305
25.18 -0.009609
25.19 -0.009911
25.20 -0.010209
25.21 -0.010503
25.22 -0.010790
25.23 -0.011072
25.24 -0.011346
25.25 -0.011613
25.26 -0.011870
25.27 -0.012118
25.28 -0.012356
25.29 -0.012584
25.30 -0.012801
25.31 -0.013005
25.32 -0.013197
25.33 -0.013375
25.34 -0.013542
25.35 -0.013698
25.36 -0.013846
25.37 -0.013989
25.38 -0.014128
25.39 -0.014266
25.40 -0.014404
25.41 -0.014543
25.42 -0.014686
25.43 -0.014830
25.44 -0.014975
25.45 -0.015121
25.46 -0.015265
25.47 -0.015409
25.48 -0.015552
25.49 -0.015692
25.50 -0.015827
25.51 -0.015959
25.52 -0.016085
25.53 -0.016208
25.54 -0.016326
25.55 -0.016440
25.56 -0.016551
25.57 -0.016659
25.58 -0.016767
25.59 -0.016877
25.60 -0.016990
25.61 -0.017109
25.62 -0.017233
25.63 -0.017362
25.64 -0.017496
25.65 -0.017635
25.66 -0.017776
25.67 -0.017921
25.68 -0.018070
25.69 -0.018224
25.70 -0.018383
25.71 -0.018547
25.72 -0.018719
25.73 -0.018899
25.74 -0.019086
25.75 -0.019280
25.76 -0.019477
25.77 -0.019678
25.78 -0.019880
25.79 -0.020081
25.80 -0.020278
25.81 -0.020470
25.82 -0.020655
25.83 -0.020833
25.84 -0.021002
25.85 -0.021162
25.86 -0.021311
25.87 -0.021447
25.88 -0.021567
25.89 -0.021667
25.90 -0.021745
25.91 -0.021798
25.92 -0.021825
25.93 -0.021826
25.94 -0.021800
25.95 -0.021751
25.96 -0.021677
25.97 -0.021581
25.98 -0.021464
25.99 -0.021328
26.00 -0.021173
26.01 -0.021002
26.02 -0.020815
26.03 -0.020612
26.04 -0.020391
26.05 -0.020151
26.06 -0.019890
26.07 -0.019610
26.08 -0.019311
26.09 -0.018995
26.10 -0.018663
26.11 -0.018319
26.12 -0.017965
26.13 -0.017605
26.14 -0.017242
26.15 -0.016880
26.16 -0.016524
26.17 -0.016176
26.18 -0.015837
26.19 -0.015507
26.20 -0.015180
26.21 -0.014853
26.22 -0.014520
26.23 -0.014175
26.24 -0.013814
26.25 -0.013434
26.26 -0.013034
26.27 -0.012617
26.28 -0.012183
26.29 -0.011732
26.30 -0.011268
26.31 -0.010793
26.32 -0.010309
26.33 -0.009815
26.34 -0.009312
26.35 -0.008800
26.36 -0.008279
26.37 -0.007748
26.38 -0.007209
26.39 -0.006662
26.40 -0.006108
26.41 -0.005553
26.42 -0.005000
26.43 -0.004453
26.44 -0.003913
26.45 -0.003378
26.46 -0.002847
26.47 -0.002321
26.48 -0.001799
26.49 -0.001284
26.50 -0.000776
26.51 -0.000278
26.52 0.000208
26.53 0.000680
26.54 0.001137
26.55 0.001578
26.56 0.002003
26.57 0.002413
26.58 0.002809
26.59 0.003195
26.60 0.003572
26.61 0.003937
26.62 0.004291
26.63 0.004631
26.64 0.004956
26.65 0.005265
26.66 0.005557
26.67 0.005832
26.68 0.006088
26.69 0.006328
26.70 0.006554
26.71 0.006767
26.72 0.006969
26.73 0.007162
26.74 0.007349
26.75 0.007530
26.76 0.007705
26.77 0.007874
26.78 0.008035
26.79 0.008188
26.80 0.008330
26.81 0.008460
26.82 0.008577
26.83 0.008677
26.84 0.008759
26.85 0.008823
26.86 0.008870
26.87 0.008900
26.88 0.008916
26.89 0.008920
26.90 0.008914
26.91 0.008901
26.92 0.008882
26.93 0.008855
26.94 0.008820
26.95 0.008776
26.96 0.008721
26.97 0.008656
26.98 0.008578
26.99 0.008489
27.00 0.008389
27.01 0.008279
27.02 0.008158
27.03 0.008029
27.04 0.007893
27.05 0.007754
27.06 0.007614
27.07 0.007474
27.08 0.007334
27.09 0.007196
27.10 0.007060
27.11 0.006927
27.12 0.006797
27.13 0.006670
27.14 0.006546
27.15 0.006427
27.16 0.006312
27.17 0.006201
27.18 0.006096
27.19 0.005996
27.20 0.005903
27.21 0.005818
27.22 0.005739
27.23 0.005666
27.24 0.005599
27.25 0.005537
27.26 0.005482
27.27 0.005433
27.28 0.005389
27.29 0.005350
27.30 0.005316
27.31 0.005286
27.32 0.005259
27.33 0.005233
27.34 0.005207
27.35 0.005182
27.36 0.005160
27.37 0.005143
27.38 0.005130
27.39 0.005125
27.40 0.005129
27.41 0.005140
27.42 0.005159
27.43 0.005185
27.44 0.005218
27.45 0.005257
27.46 0.005301
27.47 0.005347
27.48 0.005390
27.49 0.005427
27.50 0.005458
27.51 0.005481
27.52 0.005495
27.53 0.005502
27.54 0.005505
27.55 0.005506
27.56 0.005506
27.57 0.005507
27.58 0.005510
27.59 0.005519
27.60 0.005533
27.61 0.005552
27.62 0.005574
27.63 0.005598
27.64 0.005621
27.65 0.005641
27.66 0.005657
27.67 0.005669
27.68 0.005675
27.69 0.005676
27.70 0.005674
27.71 0.005670
27.72 0.005662
27.73 0.005651
27.74 0.005637
27.75 0.005619
27.76 0.005597
27.77 0.005572
27.78 0.005543
27.79 0.005510
27.80 0.005472
27.81 0.005431
27.82 0.005387
27.83 0.005341
27.84 0.005296
27.85 0.005254
27.86 0.005220
27.87 0.005193
27.88 0.005175
27.89 0.005165
27.90 0.005163
27.91 0.005168
27.92 0.005178
27.93 0.005191
27.94 0.005206
27.95 0.005219
27.96 0.005232
27.97 0.005243
27.98 0.005254
27.99 0.005266
28.00 0.005279
28.01 0.005294
28.02 0.005310
28.03 0.005327
28.04 0.005345
28.05 0.005366
28.06 0.005389
28.07 0.005416
28.08 0.005447
28.09 0.005485
28.10 0.005529
28.11 0.005578
28.12 0.005630
28.13 0.005683
28.14 0.005733
28.15 0.005778
28.16 0.005816
28.17 0.005845
28.18 0.005863
28.19 0.005873
28.20 0.005878
28.21 0.005881
28.22 0.005887
28.23 0.005900
28.24 0.005925
28.25 0.005962
28.26 0.006011
28.27 0.006070
28.28 0.006138
28.29 0.006213
28.30 0.006295
28.31 0.006381
28.32 0.006468
28.33 0.006556
28.34 0.006644
28.35 0.006733
28.36 0.006821
28.37 0.006909
28.38 0.006993
28.39 0.007073
28.40 0.007144
28.41 0.007205
28.42 0.007251
28.43 0.007281
28.44 0.007295
28.45 0.007293
28.46 0.007275
28.47 0.007243
28.48 0.007196
28.49 0.007138
28.50 0.007068
28.51 0.006989
28.52 0.006901
28.53 0.006805
28.54 0.006703
28.55 0.006595
28.56 0.006482
28.57 0.006367
28.58 0.006250
28.59 0.006131
28.60 0.006012
28.61 0.005891
28.62 0.005767
28.63 0.005637
28.64 0.005498
28.65 0.005349
28.66 0.005187
28.67 0.005012
28.68 0.004824
28.69 0.004623
28.70 0.004412
28.71 0.004192
28.72 0.003961
28.73 0.003719
28.74 0.003465
28.75 0.003201
28.76 0.002925
28.77 0.002637
28.78 0.002338
28.79 0.002029
28.80 0.001713
28.81 0.001394
28.82 0.001074
28.83 0.000755
28.84 0.000440
28.85 0.000129
28.86 -0.000177
28.87 -0.000481
28.88 -0.000782
28.89 -0.001081
28.90 -0.001378
28.91 -0.001674
28.92 -0.001967
28.93 -0.002259
28.94 -0.002549
28.95 -0.002834
28.96 -0.003115
28.97 -0.003391
28.98 -0.003661
28.99 -0.003922
29.00 -0.004173
29.01 -0.004413
29.02 -0.004641
29.03 -0.004857
29.04 -0.005057
29.05 -0.005241
29.06 -0.005407
29.07 -0.005555
29.08 -0.005688
29.09 -0.005808
29.10 -0.005917
29.11 -0.006018
29.12 -0.006114
29.13 -0.006208
29.14 -0.006302
29.15 -0.006396
29.16 -0.006493
29.17 -0.006597
29.18 -0.006709
29.19 -0.006828
29.20 -0.006955
29.21 -0.007088
29.22 -0.007223
29.23 -0.007357
29.24 -0.007485
29.25 -0.007605
29.26 -0.007714
29.27 -0.007816
29.28 -0.007910
29.29 -0.008001
29.30 -0.008090
29.31 -0.008179
29.32 -0.008269
29.33 -0.008360
29.34 -0.008451
29.35 -0.008540
29.36 -0.008627
29.37 -0.008711
29.38 -0.008793
29.39 -0.008870
29.40 -0.008943
29.41 -0.009011
29.42 -0.009073
29.43 -0.009128
29.44 -0.009174
29.45 -0.009209
29.46 -0.009233
29.47 -0.009247
29.48 -0.009254
29.49 -0.009255
29.50 -0.009253
29.51 -0.009249
29.52 -0.009245
29.53 -0.009246
29.54 -0.009255
29.55 -0.009272
29.56 -0.009296
29.57 -0.009326
29.58 -0.009361
29.59 -0.009398
29.60 -0.009436
29.61 -0.009473
29.62 -0.009509
29.63 -0.009540
29.64 -0.009567
29.65 -0.009588
29.66 -0.009599
29.67 -0.009600
29.68 -0.009589
29.69 -0.009567
29.70 -0.009533
29.71 -0.009488
29.72 -0.009437
29.73 -0.009381
29.74 -0.009324
29.75 -0.009268
29.76 -0.009214
29.77 -0.009165
29.78 -0.009121
29.79 -0.009081
29.80 -0.009042
29.81 -0.009000
29.82 -0.008952
29.83 -0.008896
29.84 -0.008832
29.85 -0.008761
29.86 -0.008682
29.87 -0.008595
29.88 -0.008501
29.89 -0.008401
29.90 -0.008295
29.91 -0.008186
29.92 -0.008073
29.93 -0.007956
29.94 -0.007833
29.95 -0.007705
29.96 -0.007570
29.97 -0.007431
29.98 -0.007287
29.99 -0.007139
30.00 -0.006987
30.01 -0.006833
30.02 -0.006676
30.03 -0.006519
30.04 -0.006362
30.05 -0.006205
30.06 -0.006050
30.07 -0.005896
30.08 -0.005747
30.09 -0.005604
30.10 -0.005469
30.11 -0.005342
30.12 -0.005225
30.13 -0.005118
30.14 -0.005020
30.15 -0.004931
30.16 -0.004850
30.17 -0.004777
30.18 -0.004712
30.19 -0.004655
30.20 -0.004607
30.21 -0.004566
30.22 -0.004532
30.23 -0.004505
30.24 -0.004483
30.25 -0.004465
30.26 -0.004448
30.27 -0.004430
30.28 -0.004410
30.29 -0.004386
30.30 -0.004358
30.31 -0.004327
30.32 -0.004292
30.33 -0.004257
30.34 -0.004221
30.35 -0.004184
30.36 -0.004147
30.37 -0.004110
30.38 -0.004071
30.39 -0.004030
30.40 -0.003986
30.41 -0.003938
30.42 -0.003889
30.43 -0.003840
30.44 -0.003794
30.45 -0.003751
30.46 -0.003713
30.47 -0.003678
30.48 -0.003647
30.49 -0.003616
30.50 -0.003583
30.51 -0.003545
30.52 -0.003499
30.53 -0.003445
30.54 -0.003381
30.55 -0.003307
30.56 -0.003224
30.57 -0.003130
30.58 -0.003027
30.59 -0.002915
30.60 -0.002793
30.61 -0.002665
30.62 -0.002532
30.63 -0.002394
30.64 -0.002252
30.65 -0.002108
30.66 -0.001961
30.67 -0.001812
30.68 -0.001660
30.69 -0.001507
30.70 -0.001352
30.71 -0.001194
30.72 -0.001033
30.73 -0.000868
30.74 -0.000700
30.75 -0.000528
30.76 -0.000352
30.77 -0.000171
30.78 0.000013
30.79 0.000199
30.80 0.000387
30.81 0.000573
30.82 0.000758
30.83 0.000940
30.84 0.001119
30.85 0.001293
30.86 0.001463
30.87 0.001630
30.88 0.001793
30.89 0.001956
30.90 0.002120
30.91 0.002285
30.92 0.002450
30.93 0.002614
30.94 0.002778
30.95 0.002939
30.96 0.003097
30.97 0.003249
30.98 0.003394
30.99 0.003529
31.00 0.003655
31.01 0.003771
31.02 0.003877
31.03 0.003974
31.04 0.004065
31.05 0.004153
31.06 0.004240
31.07 0.004325
31.08 0.004409
31.09 0.004491
31.10 0.004572
31.11 0.004651
31.12 0.004727
31.13 0.004801
31.14 0.004872
31.15 0.004940
31.16 0.005006
31.17 0.005070
31.18 0.005132
31.19 0.005193
31.20 0.005253
31.21 0.005313
31.22 0.005375
31.23 0.005441
31.24 0.005512
31.25 0.005590
31.26 0.005675
31.27 0.005766
31.28 0.005862
31.29 0.005960
31.30 0.006059
31.31 0.006157
31.32 0.006252
31.33 0.006343
31.34 0.006428
31.35 0.006508
31.36 0.006582
31.37 0.006651
31.38 0.006717
31.39 0.006780
31.40 0.006841
31.41 0.006898
31.42 0.006952
31.43 0.006999
31.44 0.007038
31.45 0.007070
31.46 0.007093
31.47 0.007110
31.48 0.007121
31.49 0.007130
31.50 0.007137
31.51 0.007147
31.52 0.007160
31.53 0.007176
31.54 0.007194
31.55 0.007213
31.56 0.007233
31.57 0.007251
31.58 0.007266
31.59 0.007275
31.60 0.007280
31.61 0.007281
31.62 0.007276
31.63 0.007267
31.64 0.007255
31.65 0.007241
31.66 0.007228
31.67 0.007215
31.68 0.007202
31.69 0.007190
31.70 0.007179
31.71 0.007169
31.72 0.007161
31.73 0.007155
31.74 0.007151
31.75 0.007150
31.76 0.007152
31.77 0.007157
31.78 0.007165
31.79 0.007177
31.80 0.007190
31.81 0.007205
31.82 0.007218
31.83 0.007227
31.84 0.007230
31.85 0.007225
31.86 0.007210
31.87 0.007184
31.88 0.007148
31.89 0.007100
31.90 0.007041
31.91 0.006973
31.92 0.006899
31.93 0.006820
31.94 0.006739
31.95 0.006657
31.96 0.006574
31.97 0.006488
31.98 0.006402
31.99 0.006312
32.00 0.006220
32.01 0.006123
32.02 0.006020
32.03 0.005910
32.04 0.005792
32.05 0.005666
32.06 0.005529
32.07 0.005383
32.08 0.005228
32.09 0.005067
32.10 0.004901
32.11 0.004732
32.12 0.004562
32.13 0.004390
32.14 0.004219
32.15 0.004053
32.16 0.003893
32.17 0.003742
32.18 0.003599
32.19 0.003465
32.20 0.003339
32.21 0.003221
32.22 0.003111
32.23 0.003010
32.24 0.002917
32.25 0.002834
32.26 0.002759
32.27 0.002692
32.28 0.002632
32.29 0.002579
32.30 0.002535
32.31 0.002499
32.32 0.002471
32.33 0.002448
32.34 0.002431
32.35 0.002418
32.36 0.002409
32.37 0.002401
32.38 0.002394
32.39 0.002387
32.40 0.002376
32.41 0.002362
32.42 0.002343
32.43 0.002321
32.44 0.002297
32.45 0.002272
32.46 0.002246
32.47 0.002220
32.48 0.002195
32.49 0.002173
32.50 0.002155
32.51 0.002142
32.52 0.002134
32.53 0.002129
32.54 0.002129
32.55 0.002131
32.56 0.002138
32.57 0.002148
32.58 0.002161
32.59 0.002175
32.60 0.002188
32.61 0.002201
32.62 0.002213
32.63 0.002226
32.64 0.002241
32.65 0.002259
32.66 0.002282
32.67 0.002310
32.68 0.002346
32.69 0.002390
32.70 0.002444
32.71 0.002509
32.72 0.002582
32.73 0.002661
32.74 0.002746
32.75 0.002833
32.76 0.002922
32.77 0.003008
32.78 0.003090
32.79 0.003165
32.80 0.003231
32.81 0.003289
32.82 0.003337
32.83 0.003375
32.84 0.003405
32.85 0.003428
32.86 0.003448
32.87 0.003464
32.88 0.003479
32.89 0.003495
32.90 0.003513
32.91 0.003535
32.92 0.003562
32.93 0.003595
32.94 0.003635
32.95 0.003682
32.96 0.003737
32.97 0.003797
32.98 0.003858
32.99 0.003919
33.00 0.003974
33.01 0.004019
33.02 0.004052
33.03 0.004068
33.04 0.004068
33.05 0.004052
33.06 0.004021
33.07 0.003978
33.08 0.003924
33.09 0.003863
33.10 0.003796
33.11 0.003726
33.12 0.003654
33.13 0.003578
33.14 0.003498
33.15 0.003412
33.16 0.003318
33.17 0.003213
33.18 0.003096
33.19 0.002964
33.20 0.002816
33.21 0.002650
33.22 0.002465
33.23 0.002264
33.24 0.002047
33.25 0.001822
33.26 0.001593
33.27 0.001364
33.28 0.001138
33.29 0.000918
33.30 0.000706
33.31 0.000503
33.32 0.000309
33.33 0.000124
33.34 -0.000052
33.35 -0.000222
33.36 -0.000385
33.37 -0.000543
33.38 -0.000695
33.39 -0.000841
33.40 -0.000980
33.41 -0.001112
33.42 -0.001236
33.43 -0.001352
33.44 -0.001463
33.45 -0.001568
33.46 -0.001667
33.47 -0.001763
33.48 -0.001858
33.49 -0.001951
33.50 -0.002046
33.51 -0.002141
33.52 -0.002237
33.53 -0.002333
33.54 -0.002429
33.55 -0.002524
33.56 -0.002615
33.57 -0.002702
33.58 -0.002784
33.59 -0.002861
33.60 -0.002934
33.61 -0.003003
33.62 -0.003071
33.63 -0.003138
33.64 -0.003205
33.65 -0.003272
33.66 -0.003340
33.67 -0.003408
33.68 -0.003474
33.69 -0.003538
33.70 -0.003595
33.71 -0.003645
33.72 -0.003686
33.73 -0.003718
33.74 -0.003742
33.75 -0.003756
33.76 -0.003762
33.77 -0.003760
33.78 -0.003753
33.79 -0.003742
33.80 -0.003728
33.81 -0.003712
33.82 -0.003694
33.83 -0.003676
33.84 -0.003657
33.85 -0.003638
33.86 -0.003617
33.87 -0.003595
33.88 -0.003573
33.89 -0.003550
33.90 -0.003527
33.91 -0.003505
33.92 -0.003482
33.93 -0.003461
33.94 -0.003438
33.95 -0.003415
33.96 -0.003391
33.97 -0.003366
33.98 -0.003341
33.99 -0.003313
34.00 -0.003283
34.01 -0.003250
34.02 -0.003214
34.03 -0.003175
34.04 -0.003136
34.05 -0.003097
34.06 -0.003062
34.07 -0.003032
34.08 -0.003010
34.09 -0.002995
34.10 -0.002988
34.11 -0.002986
34.12 -0.002986
34.13 -0.002987
34.14 -0.002988
34.15 -0.002987
34.16 -0.002984
34.17 -0.002982
34.18 -0.002981
34.19 -0.002983
34.20 -0.002987
34.21 -0.002994
34.22 -0.003003
34.23 -0.003016
34.24 -0.003031
34.25 -0.003047
34.26 -0.003065
34.27 -0.003084
34.28 -0.003105
34.29 -0.003131
34.30 -0.003165
34.31 -0.003208
34.32 -0.003263
34.33 -0.003331
34.34 -0.003409
34.35 -0.003497
34.36 -0.003591
34.37 -0.003689
34.38 -0.003790
34.39 -0.003891
34.40 -0.003991
34.41 -0.004087
34.42 -0.004179
34.43 -0.004267
34.44 -0.004352
34.45 -0.004434
34.46 -0.004512
34.47 -0.004587
34.48 -0.004657
34.49 -0.004721
34.50 -0.004778
34.51 -0.004827
34.52 -0.004869
34.53 -0.004904
34.54 -0.004931
34.55 -0.004950
34.56 -0.004959
34.57 -0.004959
34.58 -0.004948
34.59 -0.004927
34.60 -0.004893
34.61 -0.004846
34.62 -0.004783
34.63 -0.004705
34.64 -0.004611
34.65 -0.004504
34.66 -0.004385
34.67 -0.004256
34.68 -0.004119
34.69 -0.003977
34.70 -0.003830
34.71 -0.003680
34.72 -0.003528
34.73 -0.003376
34.74 -0.003223
34.75 -0.003070
34.76 -0.002918
34.77 -0.002770
34.78 -0.002626
34.79 -0.002484
34.80 -0.002345
34.81 -0.002209
34.82 -0.002076
34.83 -0.001945
34.84 -0.001818
34.85 -0.001692
34.86 -0.001568
34.87 -0.001446
34.88 -0.001325
34.89 -0.001206
34.90 -0.001089
34.91 -0.000973
34.92 -0.000858
34.93 -0.000748
34.94 -0.000642
34.95 -0.000543
34.96 -0.000451
34.97 -0.000368
34.98 -0.000295
34.99 -0.000229
35.00 -0.000170
35.01 -0.000117
35.02 -0.000070
35.03 -0.000030
35.04 0.000003
35.05 0.000028
35.06 0.000046
35.07 0.000056
35.08 0.000058
35.09 0.000054
35.10 0.000043
35.11 0.000029
35.12 0.000011
35.13 -0.000007
35.14 -0.000026
35.15 -0.000045
35.16 -0.000063
35.17 -0.000083
35.18 -0.000105
35.19 -0.000129
35.20 -0.000156
35.21 -0.000187
35.22 -0.000223
35.23 -0.000266
35.24 -0.000316
35.25 -0.000372
35.26 -0.000434
35.27 -0.000500
35.28 -0.000570
35.29 -0.000641
35.30 -0.000713
35.31 -0.000786
35.32 -0.000859
35.33 -0.000934
35.34 -0.001011
35.35 -0.001090
35.36 -0.001173
35.37 -0.001260
35.38 -0.001350
35.39 -0.001442
35.40 -0.001535
35.41 -0.001627
35.42 -0.001717
35.43 -0.001806
35.44 -0.001892
35.45 -0.001976
35.46 -0.002055
35.47 -0.002130
35.48 -0.002200
35.49 -0.002267
35.50 -0.002330
35.51 -0.002390
35.52 -0.002447
35.53 -0.002501
35.54 -0.002553
35.55 -0.002605
35.56 -0.002655
35.57 -0.002703
35.58 -0.002749
35.59 -0.002788
35.60 -0.002818
35.61 -0.002838
35.62 -0.002848
35.63 -0.002848
35.64 -0.002838
35.65 -0.002818
35.66 -0.002787
35.67 -0.002745
35.68 -0.002692
35.69 -0.002630
35.70 -0.002557
35.71 -0.002476
35.72 -0.002385
35.73 -0.002285
35.74 -0.002176
35.75 -0.002057
35.76 -0.001929
35.77 -0.001792
35.78 -0.001645
35.79 -0.001490
35.80 -0.001326
35.81 -0.001157
35.82 -0.000981
35.83 -0.000802
35.84 -0.000618
35.85 -0.000429
35.86 -0.000236
35.87 -0.000039
35.88 0.000159
35.89 0.000359
35.90 0.000559
35.91 0.000760
35.92 0.000961
35.93 0.001163
35.94 0.001366
35.95 0.001570
35.96 0.001774
35.97 0.001977
35.98 0.002179
35.99 0.002377
36.00 0.002573
36.01 0.002764
36.02 0.002950
36.03 0.003128
36.04 0.003300
36.05 0.003464
36.06 0.003620
36.07 0.003765
36.08 0.003900
36.09 0.004025
36.10 0.004141
36.11 0.004248
36.12 0.004349
36.13 0.004444
36.14 0.004534
36.15 0.004622
36.16 0.004705
36.17 0.004787
36.18 0.004868
36.19 0.004949
36.20 0.005031
36.21 0.005113
36.22 0.005194
36.23 0.005273
36.24 0.005349
36.25 0.005420
36.26 0.005487
36.27 0.005546
36.28 0.005599
36.29 0.005644
36.30 0.005681
36.31 0.005709
36.32 0.005729
36.33 0.005742
36.34 0.005749
36.35 0.005751
36.36 0.005749
36.37 0.005743
36.38 0.005733
36.39 0.005721
36.40 0.005710
36.41 0.005702
36.42 0.005696
36.43 0.005696
36.44 0.005700
36.45 0.005711
36.46 0.005726
36.47 0.005746
36.48 0.005768
36.49 0.005794
36.50 0.005822
36.51 0.005853
36.52 0.005884
36.53 0.005912
36.54 0.005939
36.55 0.005965
36.56 0.005991
36.57 0.006016
36.58 0.006039
36.59 0.006061
36.60 0.006080
36.61 0.006097
36.62 0.006112
36.63 0.006127
36.64 0.006141
36.65 0.006156
36.66 0.006172
36.67 0.006189
36.68 0.006205
36.69 0.006218
36.70 0.006227
36.71 0.006232
36.72 0.006232
36.73 0.006226
36.74 0.006214
36.75 0.006195
36.76 0.006169
36.77 0.006135
36.78 0.006094
36.79 0.006046
36.80 0.005992
36.81 0.005931
36.82 0.005863
36.83 0.005788
36.84 0.005708
36.85 0.005622
36.86 0.005533
36.87 0.005439
36.88 0.005341
36.89 0.005238
36.90 0.005129
36.91 0.005015
36.92 0.004894
36.93 0.004766
36.94 0.004631
36.95 0.004486
36.96 0.004332
36.97 0.004167
36.98 0.003993
36.99 0.003809
37.00 0.003618
37.01 0.003422
37.02 0.003223
37.03 0.003021
37.04 0.002817
37.05 0.002612
37.06 0.002407
37.07 0.002201
37.08 0.001996
37.09 0.001792
37.10 0.001587
37.11 0.001380
37.12 0.001173
37.13 0.000963
37.14 0.000754
37.15 0.000547
37.16 0.000341
37.17 0.000137
37.18 -0.000065
37.19 -0.000263
37.20 -0.000456
37.21 -0.000643
37.22 -0.000822
37.23 -0.000993
37.24 -0.001154
37.25 -0.001303
37.26 -0.001439
37.27 -0.001563
37.28 -0.001674
37.29 -0.001772
37.30 -0.001859
37.31 -0.001935
37.32 -0.002001
37.33 -0.002057
37.34 -0.002102
37.35 -0.002138
37.36 -0.002165
37.37 -0.002184
37.38 -0.002197
37.39 -0.002204
37.40 -0.002205
37.41 -0.002199
37.42 -0.002185
37.43 -0.002163
37.44 -0.002133
37.45 -0.002094
37.46 -0.002047
37.47 -0.001992
37.48 -0.001931
37.49 -0.001864
37.50 -0.001793
37.51 -0.001720
37.52 -0.001643
37.53 -0.001563
37.54 -0.001480
37.55 -0.001394
37.56 -0.001306
37.57 -0.001216
37.58 -0.001126
37.59 -0.001035
37.60 -0.000945
37.61 -0.000856
37.62 -0.000769
37.63 -0.000687
37.64 -0.000610
37.65 -0.000538
37.66 -0.000473
37.67 -0.000413
37.68 -0.000358
37.69 -0.000305
37.70 -0.000254
37.71 -0.000202
37.72 -0.000149
37.73 -0.000095
37.74 -0.000040
37.75 0.000016
37.76 0.000072
37.77 0.000128
37.78 0.000183
37.79 0.000236
37.80 0.000288
37.81 0.000338
37.82 0.000388
37.83 0.000439
37.84 0.000490
37.85 0.000542
37.86 0.000595
37.87 0.000647
37.88 0.000699
37.89 0.000749
37.90 0.000797
37.91 0.000843
37.92 0.000885
37.93 0.000922
37.94 0.000955
37.95 0.000985
37.96 0.001011
37.97 0.001034
37.98 0.001052
37.99 0.001065
38.00 0.001075
38.01 0.001082
38.02 0.001087
38.03 0.001089
38.04 0.001087
38.05 0.001082
38.06 0.001075
38.07 0.001065
38.08 0.001050
38.09 0.001029
38.10 0.001001
38.11 0.000966
38.12 0.000923
38.13 0.000873
38.14 0.000817
38.15 0.000758
38.16 0.000696
38.17 0.000632
38.18 0.000566
38.19 0.000499
38.20 0.000433
38.21 0.000367
38.22 0.000301
38.23 0.000234
38.24 0.000166
38.25 0.000095
38.26 0.000023
38.27 -0.000051
38.28 -0.000128
38.29 -0.000207
38.30 -0.000288
38.31 -0.000370
38.32 -0.000452
38.33 -0.000535
38.34 -0.000618
38.35 -0.000702
38.36 -0.000788
38.37 -0.000876
38.38 -0.000967
38.39 -0.001062
38.40 -0.001160
38.41 -0.001260
38.42 -0.001363
38.43 -0.001466
38.44 -0.001570
38.45 -0.001674
38.46 -0.001777
38.47 -0.001880
38.48 -0.001980
38.49 -0.002079
38.50 -0.002174
38.51 -0.002266
38.52 -0.002355
38.53 -0.002443
38.54 -0.002529
38.55 -0.002613
38.56 -0.002694
38.57 -0.002773
38.58 -0.002849
38.59 -0.002922
38.60 -0.002989
38.61 -0.003051
38.62 -0.003107
38.63 -0.003158
38.64 -0.003204
38.65 -0.003244
38.66 -0.003280
38.67 -0.003312
38.68 -0.003341
38.69 -0.003366
38.70 -0.003388
38.71 -0.003408
38.72 -0.003427
38.73 -0.003445
38.74 -0.003459
38.75 -0.003470
38.76 -0.003478
38.77 -0.003483
38.78 -0.003486
38.79 -0.003486
38.80 -0.003484
38.81 -0.003479
38.82 -0.003471
38.83 -0.003460
38.84 -0.003446
38.85 -0.003428
38.86 -0.003406
38.87 -0.003380
38.88 -0.003348
38.89 -0.003312
38.90 -0.003272
38.91 -0.003228
38.92 -0.003180
38.93 -0.003130
38.94 -0.003078
38.95 -0.003025
38.96 -0.002972
38.97 -0.002919
38.98 -0.002866
38.99 -0.002813
39.00 -0.002759
39.01 -0.002707
39.02 -0.002655
39.03 -0.002603
39.04 -0.002552
39.05 -0.002502
39.06 -0.002451
39.07 -0.002400
39.08 -0.002348
39.09 -0.002296
39.10 -0.002243
39.11 -0.002188
39.12 -0.002132
39.13 -0.002074
39.14 -0.002014
39.15 -0.001951
39.16 -0.001885
39.17 -0.001817
39.18 -0.001747
39.19 -0.001675
39.20 -0.001603
39.21 -0.001529
39.22 -0.001456
39.23 -0.001383
39.24 -0.001312
39.25 -0.001241
39.26 -0.001171
39.27 -0.001102
39.28 -0.001033
39.29 -0.000965
39.30 -0.000898
39.31 -0.000831
39.32 -0.000766
39.33 -0.000703
39.34 -0.000641
39.35 -0.000581
39.36 -0.000523
39.37 -0.000466
39.38 -0.000410
39.39 -0.000356
39.40 -0.000303
39.41 -0.000251
39.42 -0.000202
39.43 -0.000154
39.44 -0.000109
39.45 -0.000066
39.46 -0.000026
39.47 0.000011
39.48 0.000046
39.49 0.000078
39.50 0.000108
39.51 0.000136
39.52 0.000162
39.53 0.000186
39.54 0.000209
39.55 0.000231
39.56 0.000252
39.57 0.000272
39.58 0.000292
39.59 0.000310
39.60 0.000328
39.61 0.000346
39.62 0.000363
39.63 0.000379
39.64 0.000395
39.65 0.000411
39.66 0.000426
39.67 0.000440
39.68 0.000454
39.69 0.000466
39.70 0.000477
39.71 0.000488
39.72 0.000497
39.73 0.000505
39.74 0.000511
39.75 0.000517
39.76 0.000522
39.77 0.000526
39.78 0.000530
39.79 0.000534
39.80 0.000537
39.81 0.000540
39.82 0.000543
39.83 0.000546
39.84 0.000549
39.85 0.000551
39.86 0.000553
39.87 0.000555
39.88 0.000556
39.89 0.000557
39.90 0.000557
39.91 0.000557
39.92 0.000556
39.93 0.000554
39.94 0.000552
39.95 0.000550
39.96 0.000547
39.97 0.000543
39.98 0.000540
39.99 0.000536
40.00 0.000532
