# ®É¶¡ (s)    ¦ì²¾ (m)
0.00 0.000000
0.01 0.000000
0.02 -0.000000
0.03 -0.000000
0.04 -0.000000
0.05 -0.000000
0.06 -0.000000
0.07 -0.000000
0.08 -0.000000
0.09 -0.000000
0.10 -0.000000
0.11 -0.000000
0.12 -0.000000
0.13 -0.000000
0.14 -0.000000
0.15 -0.000000
0.16 -0.000000
0.17 -0.000000
0.18 -0.000000
0.19 -0.000000
0.20 -0.000000
0.21 -0.000000
0.22 -0.000000
0.23 -0.000000
0.24 -0.000000
0.25 -0.000001
0.26 -0.000001
0.27 -0.000001
0.28 -0.000001
0.29 -0.000001
0.30 -0.000001
0.31 -0.000001
0.32 -0.000002
0.33 -0.000002
0.34 -0.000002
0.35 -0.000002
0.36 -0.000003
0.37 -0.000003
0.38 -0.000003
0.39 -0.000004
0.40 -0.000004
0.41 -0.000004
0.42 -0.000005
0.43 -0.000005
0.44 -0.000006
0.45 -0.000006
0.46 -0.000007
0.47 -0.000007
0.48 -0.000008
0.49 -0.000009
0.50 -0.000009
0.51 -0.000010
0.52 -0.000011
0.53 -0.000012
0.54 -0.000013
0.55 -0.000014
0.56 -0.000015
0.57 -0.000016
0.58 -0.000017
0.59 -0.000018
0.60 -0.000019
0.61 -0.000020
0.62 -0.000022
0.63 -0.000023
0.64 -0.000024
0.65 -0.000026
0.66 -0.000027
0.67 -0.000029
0.68 -0.000031
0.69 -0.000033
0.70 -0.000034
0.71 -0.000036
0.72 -0.000038
0.73 -0.000040
0.74 -0.000042
0.75 -0.000045
0.76 -0.000047
0.77 -0.000049
0.78 -0.000052
0.79 -0.000054
0.80 -0.000057
0.81 -0.000059
0.82 -0.000062
0.83 -0.000065
0.84 -0.000068
0.85 -0.000071
0.86 -0.000074
0.87 -0.000077
0.88 -0.000081
0.89 -0.000084
0.90 -0.000088
0.91 -0.000091
0.92 -0.000095
0.93 -0.000099
0.94 -0.000103
0.95 -0.000107
0.96 -0.000111
0.97 -0.000115
0.98 -0.000119
0.99 -0.000124
1.00 -0.000128
1.01 -0.000133
1.02 -0.000137
1.03 -0.000142
1.04 -0.000147
1.05 -0.000152
1.06 -0.000157
1.07 -0.000163
1.08 -0.000168
1.09 -0.000174
1.10 -0.000179
1.11 -0.000185
1.12 -0.000191
1.13 -0.000197
1.14 -0.000203
1.15 -0.000209
1.16 -0.000215
1.17 -0.000222
1.18 -0.000228
1.19 -0.000235
1.20 -0.000242
1.21 -0.000248
1.22 -0.000255
1.23 -0.000263
1.24 -0.000270
1.25 -0.000277
1.26 -0.000285
1.27 -0.000292
1.28 -0.000300
1.29 -0.000308
1.30 -0.000316
1.31 -0.000324
1.32 -0.000332
1.33 -0.000340
1.34 -0.000348
1.35 -0.000357
1.36 -0.000366
1.37 -0.000374
1.38 -0.000383
1.39 -0.000392
1.40 -0.000401
1.41 -0.000410
1.42 -0.000420
1.43 -0.000429
1.44 -0.000439
1.45 -0.000448
1.46 -0.000458
1.47 -0.000468
1.48 -0.000478
1.49 -0.000488
1.50 -0.000498
1.51 -0.000508
1.52 -0.000518
1.53 -0.000529
1.54 -0.000539
1.55 -0.000550
1.56 -0.000561
1.57 -0.000571
1.58 -0.000582
1.59 -0.000593
1.60 -0.000604
1.61 -0.000616
1.62 -0.000627
1.63 -0.000638
1.64 -0.000649
1.65 -0.000661
1.66 -0.000672
1.67 -0.000684
1.68 -0.000696
1.69 -0.000707
1.70 -0.000719
1.71 -0.000731
1.72 -0.000743
1.73 -0.000755
1.74 -0.000767
1.75 -0.000779
1.76 -0.000791
1.77 -0.000803
1.78 -0.000816
1.79 -0.000828
1.80 -0.000840
1.81 -0.000853
1.82 -0.000865
1.83 -0.000877
1.84 -0.000890
1.85 -0.000902
1.86 -0.000915
1.87 -0.000927
1.88 -0.000940
1.89 -0.000953
1.90 -0.000965
1.91 -0.000978
1.92 -0.000990
1.93 -0.001003
1.94 -0.001015
1.95 -0.001028
1.96 -0.001041
1.97 -0.001053
1.98 -0.001066
1.99 -0.001078
2.00 -0.001091
2.01 -0.001103
2.02 -0.001115
2.03 -0.001128
2.04 -0.001140
2.05 -0.001153
2.06 -0.001165
2.07 -0.001177
2.08 -0.001189
2.09 -0.001201
2.10 -0.001213
2.11 -0.001225
2.12 -0.001237
2.13 -0.001249
2.14 -0.001261
2.15 -0.001273
2.16 -0.001284
2.17 -0.001296
2.18 -0.001307
2.19 -0.001318
2.20 -0.001330
2.21 -0.001341
2.22 -0.001352
2.23 -0.001363
2.24 -0.001373
2.25 -0.001384
2.26 -0.001395
2.27 -0.001405
2.28 -0.001415
2.29 -0.001425
2.30 -0.001435
2.31 -0.001445
2.32 -0.001455
2.33 -0.001464
2.34 -0.001474
2.35 -0.001483
2.36 -0.001492
2.37 -0.001501
2.38 -0.001509
2.39 -0.001518
2.40 -0.001526
2.41 -0.001534
2.42 -0.001542
2.43 -0.001550
2.44 -0.001557
2.45 -0.001564
2.46 -0.001571
2.47 -0.001578
2.48 -0.001585
2.49 -0.001591
2.50 -0.001597
2.51 -0.001603
2.52 -0.001609
2.53 -0.001614
2.54 -0.001619
2.55 -0.001624
2.56 -0.001629
2.57 -0.001633
2.58 -0.001637
2.59 -0.001641
2.60 -0.001644
2.61 -0.001647
2.62 -0.001650
2.63 -0.001653
2.64 -0.001655
2.65 -0.001657
2.66 -0.001659
2.67 -0.001660
2.68 -0.001661
2.69 -0.001662
2.70 -0.001663
2.71 -0.001663
2.72 -0.001662
2.73 -0.001662
2.74 -0.001661
2.75 -0.001659
2.76 -0.001658
2.77 -0.001655
2.78 -0.001653
2.79 -0.001650
2.80 -0.001647
2.81 -0.001643
2.82 -0.001639
2.83 -0.001635
2.84 -0.001630
2.85 -0.001625
2.86 -0.001619
2.87 -0.001613
2.88 -0.001607
2.89 -0.001600
2.90 -0.001593
2.91 -0.001585
2.92 -0.001577
2.93 -0.001568
2.94 -0.001559
2.95 -0.001550
2.96 -0.001540
2.97 -0.001529
2.98 -0.001518
2.99 -0.001507
3.00 -0.001495
3.01 -0.001482
3.02 -0.001469
3.03 -0.001456
3.04 -0.001441
3.05 -0.001427
3.06 -0.001412
3.07 -0.001396
3.08 -0.001379
3.09 -0.001363
3.10 -0.001345
3.11 -0.001327
3.12 -0.001308
3.13 -0.001289
3.14 -0.001269
3.15 -0.001249
3.16 -0.001227
3.17 -0.001206
3.18 -0.001183
3.19 -0.001160
3.20 -0.001136
3.21 -0.001112
3.22 -0.001086
3.23 -0.001061
3.24 -0.001034
3.25 -0.001007
3.26 -0.000978
3.27 -0.000950
3.28 -0.000920
3.29 -0.000890
3.30 -0.000858
3.31 -0.000826
3.32 -0.000794
3.33 -0.000760
3.34 -0.000726
3.35 -0.000691
3.36 -0.000655
3.37 -0.000618
3.38 -0.000580
3.39 -0.000541
3.40 -0.000502
3.41 -0.000461
3.42 -0.000420
3.43 -0.000378
3.44 -0.000335
3.45 -0.000291
3.46 -0.000246
3.47 -0.000200
3.48 -0.000153
3.49 -0.000105
3.50 -0.000056
3.51 -0.000006
3.52 0.000045
3.53 0.000097
3.54 0.000150
3.55 0.000204
3.56 0.000259
3.57 0.000315
3.58 0.000372
3.59 0.000430
3.60 0.000490
3.61 0.000550
3.62 0.000612
3.63 0.000674
3.64 0.000738
3.65 0.000803
3.66 0.000869
3.67 0.000936
3.68 0.001004
3.69 0.001074
3.70 0.001145
3.71 0.001216
3.72 0.001289
3.73 0.001364
3.74 0.001439
3.75 0.001516
3.76 0.001593
3.77 0.001672
3.78 0.001753
3.79 0.001834
3.80 0.001917
3.81 0.002000
3.82 0.002085
3.83 0.002172
3.84 0.002259
3.85 0.002348
3.86 0.002438
3.87 0.002529
3.88 0.002622
3.89 0.002716
3.90 0.002811
3.91 0.002907
3.92 0.003004
3.93 0.003103
3.94 0.003203
3.95 0.003304
3.96 0.003406
3.97 0.003510
3.98 0.003615
3.99 0.003721
4.00 0.003828
4.01 0.003937
4.02 0.004046
4.03 0.004157
4.04 0.004269
4.05 0.004383
4.06 0.004497
4.07 0.004613
4.08 0.004730
4.09 0.004848
4.10 0.004967
4.11 0.005088
4.12 0.005210
4.13 0.005333
4.14 0.005457
4.15 0.005582
4.16 0.005708
4.17 0.005836
4.18 0.005965
4.19 0.006095
4.20 0.006225
4.21 0.006357
4.22 0.006491
4.23 0.006625
4.24 0.006760
4.25 0.006896
4.26 0.007034
4.27 0.007172
4.28 0.007312
4.29 0.007452
4.30 0.007594
4.31 0.007737
4.32 0.007880
4.33 0.008025
4.34 0.008170
4.35 0.008317
4.36 0.008465
4.37 0.008613
4.38 0.008762
4.39 0.008913
4.40 0.009064
4.41 0.009216
4.42 0.009368
4.43 0.009522
4.44 0.009676
4.45 0.009832
4.46 0.009988
4.47 0.010144
4.48 0.010302
4.49 0.010460
4.50 0.010619
4.51 0.010778
4.52 0.010938
4.53 0.011099
4.54 0.011260
4.55 0.011422
4.56 0.011584
4.57 0.011747
4.58 0.011910
4.59 0.012073
4.60 0.012237
4.61 0.012401
4.62 0.012565
4.63 0.012730
4.64 0.012895
4.65 0.013060
4.66 0.013225
4.67 0.013391
4.68 0.013556
4.69 0.013722
4.70 0.013889
4.71 0.014055
4.72 0.014221
4.73 0.014388
4.74 0.014554
4.75 0.014721
4.76 0.014888
4.77 0.015054
4.78 0.015220
4.79 0.015386
4.80 0.015551
4.81 0.015716
4.82 0.015881
4.83 0.016044
4.84 0.016207
4.85 0.016369
4.86 0.016530
4.87 0.016690
4.88 0.016849
4.89 0.017006
4.90 0.017162
4.91 0.017316
4.92 0.017469
4.93 0.017620
4.94 0.017769
4.95 0.017915
4.96 0.018060
4.97 0.018202
4.98 0.018342
4.99 0.018480
5.00 0.018615
5.01 0.018747
5.02 0.018876
5.03 0.019003
5.04 0.019126
5.05 0.019246
5.06 0.019363
5.07 0.019476
5.08 0.019586
5.09 0.019691
5.10 0.019793
5.11 0.019891
5.12 0.019985
5.13 0.020075
5.14 0.020161
5.15 0.020242
5.16 0.020319
5.17 0.020392
5.18 0.020460
5.19 0.020524
5.20 0.020583
5.21 0.020637
5.22 0.020687
5.23 0.020732
5.24 0.020772
5.25 0.020808
5.26 0.020839
5.27 0.020865
5.28 0.020885
5.29 0.020901
5.30 0.020912
5.31 0.020918
5.32 0.020919
5.33 0.020915
5.34 0.020905
5.35 0.020890
5.36 0.020869
5.37 0.020843
5.38 0.020812
5.39 0.020775
5.40 0.020732
5.41 0.020684
5.42 0.020630
5.43 0.020571
5.44 0.020506
5.45 0.020435
5.46 0.020358
5.47 0.020275
5.48 0.020187
5.49 0.020093
5.50 0.019993
5.51 0.019887
5.52 0.019776
5.53 0.019658
5.54 0.019535
5.55 0.019406
5.56 0.019271
5.57 0.019130
5.58 0.018983
5.59 0.018831
5.60 0.018673
5.61 0.018510
5.62 0.018341
5.63 0.018166
5.64 0.017986
5.65 0.017800
5.66 0.017609
5.67 0.017412
5.68 0.017211
5.69 0.017004
5.70 0.016792
5.71 0.016575
5.72 0.016353
5.73 0.016127
5.74 0.015896
5.75 0.015660
5.76 0.015421
5.77 0.015177
5.78 0.014929
5.79 0.014677
5.80 0.014421
5.81 0.014162
5.82 0.013899
5.83 0.013633
5.84 0.013365
5.85 0.013093
5.86 0.012819
5.87 0.012542
5.88 0.012263
5.89 0.011981
5.90 0.011698
5.91 0.011414
5.92 0.011128
5.93 0.010841
5.94 0.010553
5.95 0.010265
5.96 0.009977
5.97 0.009689
5.98 0.009401
5.99 0.009114
6.00 0.008827
6.01 0.008542
6.02 0.008258
6.03 0.007976
6.04 0.007695
6.05 0.007416
6.06 0.007139
6.07 0.006864
6.08 0.006591
6.09 0.006321
6.10 0.006054
6.11 0.005789
6.12 0.005527
6.13 0.005267
6.14 0.005011
6.15 0.004757
6.16 0.004507
6.17 0.004260
6.18 0.004016
6.19 0.003775
6.20 0.003539
6.21 0.003306
6.22 0.003076
6.23 0.002851
6.24 0.002630
6.25 0.002414
6.26 0.002201
6.27 0.001994
6.28 0.001791
6.29 0.001593
6.30 0.001399
6.31 0.001211
6.32 0.001028
6.33 0.000850
6.34 0.000678
6.35 0.000511
6.36 0.000349
6.37 0.000193
6.38 0.000042
6.39 -0.000103
6.40 -0.000243
6.41 -0.000377
6.42 -0.000506
6.43 -0.000629
6.44 -0.000746
6.45 -0.000858
6.46 -0.000965
6.47 -0.001065
6.48 -0.001160
6.49 -0.001250
6.50 -0.001334
6.51 -0.001412
6.52 -0.001484
6.53 -0.001551
6.54 -0.001612
6.55 -0.001667
6.56 -0.001716
6.57 -0.001760
6.58 -0.001798
6.59 -0.001830
6.60 -0.001856
6.61 -0.001877
6.62 -0.001892
6.63 -0.001902
6.64 -0.001905
6.65 -0.001904
6.66 -0.001897
6.67 -0.001884
6.68 -0.001866
6.69 -0.001842
6.70 -0.001813
6.71 -0.001778
6.72 -0.001738
6.73 -0.001693
6.74 -0.001642
6.75 -0.001586
6.76 -0.001526
6.77 -0.001460
6.78 -0.001389
6.79 -0.001314
6.80 -0.001233
6.81 -0.001149
6.82 -0.001060
6.83 -0.000967
6.84 -0.000870
6.85 -0.000769
6.86 -0.000665
6.87 -0.000557
6.88 -0.000446
6.89 -0.000332
6.90 -0.000216
6.91 -0.000097
6.92 0.000025
6.93 0.000148
6.94 0.000273
6.95 0.000400
6.96 0.000527
6.97 0.000656
6.98 0.000785
6.99 0.000914
7.00 0.001043
7.01 0.001172
7.02 0.001299
7.03 0.001426
7.04 0.001551
7.05 0.001673
7.06 0.001794
7.07 0.001912
7.08 0.002027
7.09 0.002139
7.10 0.002248
7.11 0.002354
7.12 0.002456
7.13 0.002555
7.14 0.002649
7.15 0.002741
7.16 0.002828
7.17 0.002912
7.18 0.002993
7.19 0.003069
7.20 0.003143
7.21 0.003212
7.22 0.003278
7.23 0.003340
7.24 0.003399
7.25 0.003454
7.26 0.003506
7.27 0.003554
7.28 0.003598
7.29 0.003639
7.30 0.003676
7.31 0.003709
7.32 0.003738
7.33 0.003763
7.34 0.003785
7.35 0.003802
7.36 0.003815
7.37 0.003824
7.38 0.003828
7.39 0.003827
7.40 0.003822
7.41 0.003812
7.42 0.003797
7.43 0.003777
7.44 0.003751
7.45 0.003720
7.46 0.003683
7.47 0.003639
7.48 0.003590
7.49 0.003534
7.50 0.003471
7.51 0.003401
7.52 0.003324
7.53 0.003239
7.54 0.003147
7.55 0.003047
7.56 0.002939
7.57 0.002823
7.58 0.002699
7.59 0.002566
7.60 0.002424
7.61 0.002274
7.62 0.002114
7.63 0.001946
7.64 0.001770
7.65 0.001584
7.66 0.001389
7.67 0.001186
7.68 0.000973
7.69 0.000752
7.70 0.000522
7.71 0.000283
7.72 0.000035
7.73 -0.000221
7.74 -0.000486
7.75 -0.000760
7.76 -0.001042
7.77 -0.001333
7.78 -0.001633
7.79 -0.001941
7.80 -0.002258
7.81 -0.002583
7.82 -0.002917
7.83 -0.003259
7.84 -0.003610
7.85 -0.003969
7.86 -0.004336
7.87 -0.004712
7.88 -0.005096
7.89 -0.005489
7.90 -0.005890
7.91 -0.006299
7.92 -0.006716
7.93 -0.007140
7.94 -0.007573
7.95 -0.008014
7.96 -0.008461
7.97 -0.008916
7.98 -0.009379
7.99 -0.009847
8.00 -0.010323
8.01 -0.010804
8.02 -0.011291
8.03 -0.011784
8.04 -0.012282
8.05 -0.012785
8.06 -0.013292
8.07 -0.013803
8.08 -0.014318
8.09 -0.014837
8.10 -0.015359
8.11 -0.015883
8.12 -0.016411
8.13 -0.016940
8.14 -0.017472
8.15 -0.018005
8.16 -0.018541
8.17 -0.019077
8.18 -0.019615
8.19 -0.020154
8.20 -0.020695
8.21 -0.021236
8.22 -0.021778
8.23 -0.022320
8.24 -0.022864
8.25 -0.023408
8.26 -0.023953
8.27 -0.024499
8.28 -0.025045
8.29 -0.025593
8.30 -0.026141
8.31 -0.026690
8.32 -0.027241
8.33 -0.027792
8.34 -0.028345
8.35 -0.028900
8.36 -0.029456
8.37 -0.030014
8.38 -0.030573
8.39 -0.031135
8.40 -0.031698
8.41 -0.032264
8.42 -0.032831
8.43 -0.033400
8.44 -0.033971
8.45 -0.034544
8.46 -0.035119
8.47 -0.035696
8.48 -0.036274
8.49 -0.036853
8.50 -0.037435
8.51 -0.038017
8.52 -0.038601
8.53 -0.039185
8.54 -0.039770
8.55 -0.040356
8.56 -0.040942
8.57 -0.041528
8.58 -0.042113
8.59 -0.042699
8.60 -0.043283
8.61 -0.043866
8.62 -0.044448
8.63 -0.045028
8.64 -0.045607
8.65 -0.046183
8.66 -0.046757
8.67 -0.047328
8.68 -0.047896
8.69 -0.048460
8.70 -0.049022
8.71 -0.049579
8.72 -0.050133
8.73 -0.050683
8.74 -0.051228
8.75 -0.051770
8.76 -0.052306
8.77 -0.052839
8.78 -0.053367
8.79 -0.053890
8.80 -0.054409
8.81 -0.054923
8.82 -0.055432
8.83 -0.055936
8.84 -0.056435
8.85 -0.056929
8.86 -0.057419
8.87 -0.057903
8.88 -0.058382
8.89 -0.058855
8.90 -0.059324
8.91 -0.059787
8.92 -0.060245
8.93 -0.060697
8.94 -0.061144
8.95 -0.061586
8.96 -0.062022
8.97 -0.062453
8.98 -0.062879
8.99 -0.063299
9.00 -0.063713
9.01 -0.064122
9.02 -0.064526
9.03 -0.064924
9.04 -0.065316
9.05 -0.065704
9.06 -0.066085
9.07 -0.066462
9.08 -0.066833
9.09 -0.067198
9.10 -0.067559
9.11 -0.067914
9.12 -0.068264
9.13 -0.068608
9.14 -0.068948
9.15 -0.069282
9.16 -0.069611
9.17 -0.069934
9.18 -0.070252
9.19 -0.070565
9.20 -0.070872
9.21 -0.071173
9.22 -0.071468
9.23 -0.071758
9.24 -0.072041
9.25 -0.072319
9.26 -0.072590
9.27 -0.072855
9.28 -0.073114
9.29 -0.073366
9.30 -0.073612
9.31 -0.073851
9.32 -0.074084
9.33 -0.074310
9.34 -0.074528
9.35 -0.074740
9.36 -0.074944
9.37 -0.075141
9.38 -0.075330
9.39 -0.075512
9.40 -0.075684
9.41 -0.075849
9.42 -0.076004
9.43 -0.076150
9.44 -0.076287
9.45 -0.076415
9.46 -0.076532
9.47 -0.076639
9.48 -0.076736
9.49 -0.076822
9.50 -0.076897
9.51 -0.076961
9.52 -0.077014
9.53 -0.077055
9.54 -0.077085
9.55 -0.077103
9.56 -0.077109
9.57 -0.077104
9.58 -0.077086
9.59 -0.077057
9.60 -0.077016
9.61 -0.076963
9.62 -0.076899
9.63 -0.076822
9.64 -0.076734
9.65 -0.076635
9.66 -0.076524
9.67 -0.076401
9.68 -0.076267
9.69 -0.076122
9.70 -0.075965
9.71 -0.075798
9.72 -0.075619
9.73 -0.075429
9.74 -0.075227
9.75 -0.075015
9.76 -0.074792
9.77 -0.074557
9.78 -0.074312
9.79 -0.074055
9.80 -0.073788
9.81 -0.073509
9.82 -0.073220
9.83 -0.072919
9.84 -0.072607
9.85 -0.072284
9.86 -0.071950
9.87 -0.071605
9.88 -0.071249
9.89 -0.070882
9.90 -0.070504
9.91 -0.070114
9.92 -0.069713
9.93 -0.069301
9.94 -0.068877
9.95 -0.068442
9.96 -0.067996
9.97 -0.067538
9.98 -0.067068
9.99 -0.066587
10.00 -0.066095
10.01 -0.065591
10.02 -0.065075
10.03 -0.064548
10.04 -0.064010
10.05 -0.063461
10.06 -0.062900
10.07 -0.062328
10.08 -0.061744
10.09 -0.061150
10.10 -0.060544
10.11 -0.059928
10.12 -0.059300
10.13 -0.058662
10.14 -0.058013
10.15 -0.057354
10.16 -0.056684
10.17 -0.056003
10.18 -0.055313
10.19 -0.054613
10.20 -0.053904
10.21 -0.053185
10.22 -0.052457
10.23 -0.051721
10.24 -0.050976
10.25 -0.050223
10.26 -0.049462
10.27 -0.048693
10.28 -0.047917
10.29 -0.047134
10.30 -0.046343
10.31 -0.045545
10.32 -0.044740
10.33 -0.043929
10.34 -0.043110
10.35 -0.042286
10.36 -0.041454
10.37 -0.040617
10.38 -0.039773
10.39 -0.038923
10.40 -0.038067
10.41 -0.037205
10.42 -0.036338
10.43 -0.035465
10.44 -0.034587
10.45 -0.033704
10.46 -0.032816
10.47 -0.031923
10.48 -0.031026
10.49 -0.030124
10.50 -0.029218
10.51 -0.028308
10.52 -0.027395
10.53 -0.026478
10.54 -0.025557
10.55 -0.024633
10.56 -0.023707
10.57 -0.022777
10.58 -0.021845
10.59 -0.020910
10.60 -0.019973
10.61 -0.019034
10.62 -0.018092
10.63 -0.017148
10.64 -0.016203
10.65 -0.015255
10.66 -0.014306
10.67 -0.013355
10.68 -0.012403
10.69 -0.011449
10.70 -0.010493
10.71 -0.009537
10.72 -0.008580
10.73 -0.007621
10.74 -0.006662
10.75 -0.005701
10.76 -0.004740
10.77 -0.003778
10.78 -0.002816
10.79 -0.001853
10.80 -0.000889
10.81 0.000076
10.82 0.001042
10.83 0.002008
10.84 0.002975
10.85 0.003944
10.86 0.004913
10.87 0.005884
10.88 0.006856
10.89 0.007829
10.90 0.008804
10.91 0.009780
10.92 0.010758
10.93 0.011737
10.94 0.012718
10.95 0.013701
10.96 0.014686
10.97 0.015672
10.98 0.016661
10.99 0.017651
11.00 0.018644
11.01 0.019639
11.02 0.020635
11.03 0.021634
11.04 0.022635
11.05 0.023638
11.06 0.024643
11.07 0.025649
11.08 0.026658
11.09 0.027669
11.10 0.028681
11.11 0.029695
11.12 0.030710
11.13 0.031727
11.14 0.032745
11.15 0.033763
11.16 0.034783
11.17 0.035803
11.18 0.036824
11.19 0.037845
11.20 0.038867
11.21 0.039888
11.22 0.040909
11.23 0.041929
11.24 0.042948
11.25 0.043967
11.26 0.044984
11.27 0.046000
11.28 0.047014
11.29 0.048027
11.30 0.049037
11.31 0.050046
11.32 0.051052
11.33 0.052056
11.34 0.053057
11.35 0.054056
11.36 0.055052
11.37 0.056045
11.38 0.057036
11.39 0.058024
11.40 0.059009
11.41 0.059991
11.42 0.060970
11.43 0.061946
11.44 0.062919
11.45 0.063889
11.46 0.064856
11.47 0.065820
11.48 0.066781
11.49 0.067738
11.50 0.068693
11.51 0.069644
11.52 0.070592
11.53 0.071536
11.54 0.072477
11.55 0.073414
11.56 0.074348
11.57 0.075279
11.58 0.076205
11.59 0.077128
11.60 0.078047
11.61 0.078962
11.62 0.079873
11.63 0.080779
11.64 0.081682
11.65 0.082580
11.66 0.083475
11.67 0.084364
11.68 0.085250
11.69 0.086130
11.70 0.087006
11.71 0.087878
11.72 0.088744
11.73 0.089606
11.74 0.090462
11.75 0.091313
11.76 0.092159
11.77 0.092999
11.78 0.093833
11.79 0.094661
11.80 0.095484
11.81 0.096299
11.82 0.097108
11.83 0.097911
11.84 0.098706
11.85 0.099494
11.86 0.100274
11.87 0.101046
11.88 0.101811
11.89 0.102567
11.90 0.103314
11.91 0.104052
11.92 0.104781
11.93 0.105501
11.94 0.106210
11.95 0.106909
11.96 0.107598
11.97 0.108276
11.98 0.108943
11.99 0.109598
12.00 0.110242
12.01 0.110874
12.02 0.111493
12.03 0.112100
12.04 0.112695
12.05 0.113276
12.06 0.113844
12.07 0.114399
12.08 0.114941
12.09 0.115468
12.10 0.115981
12.11 0.116481
12.12 0.116966
12.13 0.117436
12.14 0.117892
12.15 0.118333
12.16 0.118759
12.17 0.119170
12.18 0.119566
12.19 0.119946
12.20 0.120311
12.21 0.120661
12.22 0.120994
12.23 0.121312
12.24 0.121613
12.25 0.121899
12.26 0.122168
12.27 0.122421
12.28 0.122658
12.29 0.122878
12.30 0.123082
12.31 0.123269
12.32 0.123440
12.33 0.123594
12.34 0.123731
12.35 0.123851
12.36 0.123955
12.37 0.124042
12.38 0.124112
12.39 0.124166
12.40 0.124202
12.41 0.124222
12.42 0.124225
12.43 0.124212
12.44 0.124182
12.45 0.124135
12.46 0.124071
12.47 0.123991
12.48 0.123895
12.49 0.123782
12.50 0.123652
12.51 0.123507
12.52 0.123345
12.53 0.123167
12.54 0.122973
12.55 0.122762
12.56 0.122536
12.57 0.122294
12.58 0.122035
12.59 0.121761
12.60 0.121470
12.61 0.121164
12.62 0.120841
12.63 0.120503
12.64 0.120148
12.65 0.119778
12.66 0.119391
12.67 0.118989
12.68 0.118571
12.69 0.118136
12.70 0.117686
12.71 0.117220
12.72 0.116738
12.73 0.116240
12.74 0.115727
12.75 0.115198
12.76 0.114653
12.77 0.114092
12.78 0.113517
12.79 0.112925
12.80 0.112319
12.81 0.111697
12.82 0.111061
12.83 0.110409
12.84 0.109743
12.85 0.109061
12.86 0.108366
12.87 0.107655
12.88 0.106930
12.89 0.106191
12.90 0.105438
12.91 0.104670
12.92 0.103889
12.93 0.103093
12.94 0.102284
12.95 0.101461
12.96 0.100625
12.97 0.099775
12.98 0.098912
12.99 0.098036
13.00 0.097146
13.01 0.096244
13.02 0.095328
13.03 0.094400
13.04 0.093460
13.05 0.092507
13.06 0.091541
13.07 0.090564
13.08 0.089574
13.09 0.088573
13.10 0.087560
13.11 0.086535
13.12 0.085499
13.13 0.084451
13.14 0.083392
13.15 0.082323
13.16 0.081242
13.17 0.080151
13.18 0.079049
13.19 0.077937
13.20 0.076814
13.21 0.075682
13.22 0.074540
13.23 0.073388
13.24 0.072226
13.25 0.071056
13.26 0.069876
13.27 0.068688
13.28 0.067491
13.29 0.066285
13.30 0.065072
13.31 0.063850
13.32 0.062621
13.33 0.061384
13.34 0.060139
13.35 0.058888
13.36 0.057630
13.37 0.056365
13.38 0.055093
13.39 0.053815
13.40 0.052531
13.41 0.051241
13.42 0.049946
13.43 0.048645
13.44 0.047338
13.45 0.046027
13.46 0.044710
13.47 0.043389
13.48 0.042063
13.49 0.040733
13.50 0.039399
13.51 0.038060
13.52 0.036719
13.53 0.035373
13.54 0.034025
13.55 0.032673
13.56 0.031319
13.57 0.029962
13.58 0.028603
13.59 0.027241
13.60 0.025878
13.61 0.024513
13.62 0.023148
13.63 0.021781
13.64 0.020413
13.65 0.019045
13.66 0.017677
13.67 0.016308
13.68 0.014941
13.69 0.013573
13.70 0.012207
13.71 0.010842
13.72 0.009478
13.73 0.008117
13.74 0.006757
13.75 0.005399
13.76 0.004044
13.77 0.002691
13.78 0.001342
13.79 -0.000004
13.80 -0.001347
13.81 -0.002686
13.82 -0.004021
13.83 -0.005351
13.84 -0.006678
13.85 -0.007999
13.86 -0.009316
13.87 -0.010627
13.88 -0.011934
13.89 -0.013234
13.90 -0.014529
13.91 -0.015818
13.92 -0.017101
13.93 -0.018377
13.94 -0.019647
13.95 -0.020910
13.96 -0.022167
13.97 -0.023416
13.98 -0.024658
13.99 -0.025892
14.00 -0.027118
14.01 -0.028337
14.02 -0.029548
14.03 -0.030751
14.04 -0.031945
14.05 -0.033131
14.06 -0.034308
14.07 -0.035477
14.08 -0.036636
14.09 -0.037787
14.10 -0.038928
14.11 -0.040060
14.12 -0.041183
14.13 -0.042296
14.14 -0.043399
14.15 -0.044493
14.16 -0.045577
14.17 -0.046651
14.18 -0.047715
14.19 -0.048769
14.20 -0.049813
14.21 -0.050847
14.22 -0.051871
14.23 -0.052884
14.24 -0.053887
14.25 -0.054880
14.26 -0.055863
14.27 -0.056835
14.28 -0.057797
14.29 -0.058749
14.30 -0.059690
14.31 -0.060621
14.32 -0.061541
14.33 -0.062451
14.34 -0.063350
14.35 -0.064238
14.36 -0.065116
14.37 -0.065983
14.38 -0.066840
14.39 -0.067685
14.40 -0.068520
14.41 -0.069345
14.42 -0.070158
14.43 -0.070961
14.44 -0.071753
14.45 -0.072533
14.46 -0.073303
14.47 -0.074062
14.48 -0.074810
14.49 -0.075546
14.50 -0.076271
14.51 -0.076985
14.52 -0.077687
14.53 -0.078378
14.54 -0.079058
14.55 -0.079726
14.56 -0.080382
14.57 -0.081026
14.58 -0.081658
14.59 -0.082278
14.60 -0.082886
14.61 -0.083482
14.62 -0.084065
14.63 -0.084636
14.64 -0.085194
14.65 -0.085739
14.66 -0.086272
14.67 -0.086791
14.68 -0.087297
14.69 -0.087790
14.70 -0.088269
14.71 -0.088735
14.72 -0.089187
14.73 -0.089625
14.74 -0.090049
14.75 -0.090459
14.76 -0.090855
14.77 -0.091237
14.78 -0.091604
14.79 -0.091957
14.80 -0.092295
14.81 -0.092619
14.82 -0.092928
14.83 -0.093222
14.84 -0.093502
14.85 -0.093766
14.86 -0.094015
14.87 -0.094250
14.88 -0.094469
14.89 -0.094673
14.90 -0.094862
14.91 -0.095035
14.92 -0.095193
14.93 -0.095336
14.94 -0.095463
14.95 -0.095575
14.96 -0.095671
14.97 -0.095752
14.98 -0.095818
14.99 -0.095868
15.00 -0.095902
15.01 -0.095921
15.02 -0.095924
15.03 -0.095912
15.04 -0.095884
15.05 -0.095841
15.06 -0.095783
15.07 -0.095709
15.08 -0.095619
15.09 -0.095515
15.10 -0.095395
15.11 -0.095259
15.12 -0.095109
15.13 -0.094943
15.14 -0.094762
15.15 -0.094566
15.16 -0.094355
15.17 -0.094129
15.18 -0.093888
15.19 -0.093632
15.20 -0.093361
15.21 -0.093076
15.22 -0.092775
15.23 -0.092460
15.24 -0.092130
15.25 -0.091786
15.26 -0.091427
15.27 -0.091054
15.28 -0.090667
15.29 -0.090265
15.30 -0.089849
15.31 -0.089419
15.32 -0.088975
15.33 -0.088517
15.34 -0.088046
15.35 -0.087560
15.36 -0.087061
15.37 -0.086548
15.38 -0.086022
15.39 -0.085482
15.40 -0.084929
15.41 -0.084363
15.42 -0.083784
15.43 -0.083192
15.44 -0.082586
15.45 -0.081968
15.46 -0.081338
15.47 -0.080694
15.48 -0.080038
15.49 -0.079370
15.50 -0.078689
15.51 -0.077996
15.52 -0.077291
15.53 -0.076575
15.54 -0.075847
15.55 -0.075107
15.56 -0.074356
15.57 -0.073594
15.58 -0.072821
15.59 -0.072037
15.60 -0.071243
15.61 -0.070439
15.62 -0.069626
15.63 -0.068802
15.64 -0.067969
15.65 -0.067128
15.66 -0.066277
15.67 -0.065418
15.68 -0.064550
15.69 -0.063675
15.70 -0.062791
15.71 -0.061900
15.72 -0.061002
15.73 -0.060096
15.74 -0.059184
15.75 -0.058265
15.76 -0.057340
15.77 -0.056408
15.78 -0.055471
15.79 -0.054527
15.80 -0.053579
15.81 -0.052625
15.82 -0.051666
15.83 -0.050702
15.84 -0.049733
15.85 -0.048761
15.86 -0.047784
15.87 -0.046803
15.88 -0.045819
15.89 -0.044831
15.90 -0.043840
15.91 -0.042846
15.92 -0.041849
15.93 -0.040849
15.94 -0.039847
15.95 -0.038842
15.96 -0.037836
15.97 -0.036828
15.98 -0.035818
15.99 -0.034807
16.00 -0.033795
16.01 -0.032782
16.02 -0.031768
16.03 -0.030754
16.04 -0.029739
16.05 -0.028724
16.06 -0.027710
16.07 -0.026695
16.08 -0.025681
16.09 -0.024668
16.10 -0.023655
16.11 -0.022644
16.12 -0.021633
16.13 -0.020624
16.14 -0.019617
16.15 -0.018611
16.16 -0.017607
16.17 -0.016605
16.18 -0.015605
16.19 -0.014607
16.20 -0.013612
16.21 -0.012619
16.22 -0.011629
16.23 -0.010642
16.24 -0.009659
16.25 -0.008678
16.26 -0.007702
16.27 -0.006729
16.28 -0.005760
16.29 -0.004795
16.30 -0.003835
16.31 -0.002879
16.32 -0.001928
16.33 -0.000982
16.34 -0.000041
16.35 0.000894
16.36 0.001823
16.37 0.002747
16.38 0.003664
16.39 0.004574
16.40 0.005478
16.41 0.006375
16.42 0.007265
16.43 0.008148
16.44 0.009023
16.45 0.009890
16.46 0.010749
16.47 0.011599
16.48 0.012442
16.49 0.013275
16.50 0.014100
16.51 0.014915
16.52 0.015721
16.53 0.016518
16.54 0.017304
16.55 0.018081
16.56 0.018848
16.57 0.019604
16.58 0.020350
16.59 0.021085
16.60 0.021809
16.61 0.022522
16.62 0.023224
16.63 0.023914
16.64 0.024593
16.65 0.025260
16.66 0.025916
16.67 0.026559
16.68 0.027190
16.69 0.027810
16.70 0.028416
16.71 0.029011
16.72 0.029593
16.73 0.030162
16.74 0.030718
16.75 0.031262
16.76 0.031793
16.77 0.032310
16.78 0.032815
16.79 0.033306
16.80 0.033784
16.81 0.034249
16.82 0.034700
16.83 0.035138
16.84 0.035562
16.85 0.035972
16.86 0.036369
16.87 0.036752
16.88 0.037121
16.89 0.037477
16.90 0.037818
16.91 0.038146
16.92 0.038460
16.93 0.038760
16.94 0.039047
16.95 0.039319
16.96 0.039578
16.97 0.039822
16.98 0.040053
16.99 0.040270
17.00 0.040473
17.01 0.040662
17.02 0.040837
17.03 0.040999
17.04 0.041146
17.05 0.041280
17.06 0.041400
17.07 0.041506
17.08 0.041598
17.09 0.041676
17.10 0.041740
17.11 0.041790
17.12 0.041827
17.13 0.041850
17.14 0.041859
17.15 0.041854
17.16 0.041835
17.17 0.041802
17.18 0.041756
17.19 0.041696
17.20 0.041622
17.21 0.041535
17.22 0.041434
17.23 0.041319
17.24 0.041191
17.25 0.041050
17.26 0.040895
17.27 0.040727
17.28 0.040546
17.29 0.040352
17.30 0.040145
17.31 0.039926
17.32 0.039694
17.33 0.039449
17.34 0.039193
17.35 0.038924
17.36 0.038643
17.37 0.038351
17.38 0.038046
17.39 0.037731
17.40 0.037404
17.41 0.037067
17.42 0.036718
17.43 0.036359
17.44 0.035990
17.45 0.035611
17.46 0.035221
17.47 0.034822
17.48 0.034413
17.49 0.033994
17.50 0.033567
17.51 0.033130
17.52 0.032684
17.53 0.032229
17.54 0.031766
17.55 0.031295
17.56 0.030815
17.57 0.030327
17.58 0.029831
17.59 0.029328
17.60 0.028817
17.61 0.028299
17.62 0.027773
17.63 0.027241
17.64 0.026702
17.65 0.026156
17.66 0.025604
17.67 0.025046
17.68 0.024482
17.69 0.023913
17.70 0.023338
17.71 0.022757
17.72 0.022172
17.73 0.021582
17.74 0.020987
17.75 0.020387
17.76 0.019784
17.77 0.019176
17.78 0.018565
17.79 0.017950
17.80 0.017332
17.81 0.016711
17.82 0.016086
17.83 0.015460
17.84 0.014830
17.85 0.014199
17.86 0.013565
17.87 0.012929
17.88 0.012292
17.89 0.011654
17.90 0.011014
17.91 0.010373
17.92 0.009731
17.93 0.009089
17.94 0.008445
17.95 0.007802
17.96 0.007158
17.97 0.006513
17.98 0.005869
17.99 0.005225
18.00 0.004582
18.01 0.003938
18.02 0.003296
18.03 0.002654
18.04 0.002013
18.05 0.001374
18.06 0.000735
18.07 0.000098
18.08 -0.000537
18.09 -0.001171
18.10 -0.001802
18.11 -0.002432
18.12 -0.003060
18.13 -0.003685
18.14 -0.004308
18.15 -0.004928
18.16 -0.005545
18.17 -0.006160
18.18 -0.006772
18.19 -0.007381
18.20 -0.007988
18.21 -0.008591
18.22 -0.009191
18.23 -0.009787
18.24 -0.010380
18.25 -0.010970
18.26 -0.011557
18.27 -0.012139
18.28 -0.012719
18.29 -0.013294
18.30 -0.013865
18.31 -0.014432
18.32 -0.014995
18.33 -0.015554
18.34 -0.016109
18.35 -0.016659
18.36 -0.017205
18.37 -0.017746
18.38 -0.018282
18.39 -0.018814
18.40 -0.019340
18.41 -0.019862
18.42 -0.020379
18.43 -0.020890
18.44 -0.021397
18.45 -0.021898
18.46 -0.022394
18.47 -0.022885
18.48 -0.023370
18.49 -0.023850
18.50 -0.024324
18.51 -0.024792
18.52 -0.025255
18.53 -0.025712
18.54 -0.026162
18.55 -0.026607
18.56 -0.027046
18.57 -0.027479
18.58 -0.027905
18.59 -0.028326
18.60 -0.028739
18.61 -0.029147
18.62 -0.029547
18.63 -0.029941
18.64 -0.030329
18.65 -0.030710
18.66 -0.031083
18.67 -0.031450
18.68 -0.031810
18.69 -0.032163
18.70 -0.032508
18.71 -0.032847
18.72 -0.033178
18.73 -0.033501
18.74 -0.033817
18.75 -0.034126
18.76 -0.034427
18.77 -0.034720
18.78 -0.035006
18.79 -0.035283
18.80 -0.035553
18.81 -0.035814
18.82 -0.036068
18.83 -0.036313
18.84 -0.036550
18.85 -0.036779
18.86 -0.037000
18.87 -0.037212
18.88 -0.037416
18.89 -0.037611
18.90 -0.037797
18.91 -0.037976
18.92 -0.038145
18.93 -0.038306
18.94 -0.038459
18.95 -0.038602
18.96 -0.038737
18.97 -0.038864
18.98 -0.038981
18.99 -0.039090
19.00 -0.039190
19.01 -0.039282
19.02 -0.039364
19.03 -0.039438
19.04 -0.039503
19.05 -0.039558
19.06 -0.039605
19.07 -0.039643
19.08 -0.039671
19.09 -0.039691
19.10 -0.039701
19.11 -0.039701
19.12 -0.039693
19.13 -0.039675
19.14 -0.039647
19.15 -0.039610
19.16 -0.039563
19.17 -0.039507
19.18 -0.039441
19.19 -0.039365
19.20 -0.039279
19.21 -0.039184
19.22 -0.039079
19.23 -0.038964
19.24 -0.038839
19.25 -0.038704
19.26 -0.038559
19.27 -0.038404
19.28 -0.038240
19.29 -0.038065
19.30 -0.037881
19.31 -0.037686
19.32 -0.037482
19.33 -0.037267
19.34 -0.037043
19.35 -0.036808
19.36 -0.036564
19.37 -0.036310
19.38 -0.036046
19.39 -0.035772
19.40 -0.035488
19.41 -0.035195
19.42 -0.034892
19.43 -0.034579
19.44 -0.034256
19.45 -0.033924
19.46 -0.033583
19.47 -0.033232
19.48 -0.032871
19.49 -0.032502
19.50 -0.032123
19.51 -0.031734
19.52 -0.031337
19.53 -0.030931
19.54 -0.030515
19.55 -0.030091
19.56 -0.029659
19.57 -0.029217
19.58 -0.028767
19.59 -0.028309
19.60 -0.027843
19.61 -0.027368
19.62 -0.026886
19.63 -0.026396
19.64 -0.025899
19.65 -0.025394
19.66 -0.024882
19.67 -0.024363
19.68 -0.023838
19.69 -0.023305
19.70 -0.022767
19.71 -0.022222
19.72 -0.021672
19.73 -0.021115
19.74 -0.020553
19.75 -0.019986
19.76 -0.019413
19.77 -0.018836
19.78 -0.018253
19.79 -0.017666
19.80 -0.017074
19.81 -0.016477
19.82 -0.015877
19.83 -0.015272
19.84 -0.014664
19.85 -0.014052
19.86 -0.013437
19.87 -0.012818
19.88 -0.012196
19.89 -0.011571
19.90 -0.010944
19.91 -0.010314
19.92 -0.009682
19.93 -0.009047
19.94 -0.008411
19.95 -0.007773
19.96 -0.007133
19.97 -0.006492
19.98 -0.005849
19.99 -0.005205
20.00 -0.004561
20.01 -0.003916
20.02 -0.003270
20.03 -0.002623
20.04 -0.001976
20.05 -0.001329
20.06 -0.000682
20.07 -0.000035
20.08 0.000611
20.09 0.001257
20.10 0.001903
20.11 0.002548
20.12 0.003191
20.13 0.003834
20.14 0.004476
20.15 0.005116
20.16 0.005754
20.17 0.006391
20.18 0.007026
20.19 0.007659
20.20 0.008289
20.21 0.008918
20.22 0.009544
20.23 0.010167
20.24 0.010788
20.25 0.011405
20.26 0.012020
20.27 0.012631
20.28 0.013240
20.29 0.013845
20.30 0.014446
20.31 0.015043
20.32 0.015637
20.33 0.016227
20.34 0.016813
20.35 0.017395
20.36 0.017972
20.37 0.018545
20.38 0.019113
20.39 0.019677
20.40 0.020236
20.41 0.020790
20.42 0.021339
20.43 0.021883
20.44 0.022421
20.45 0.022954
20.46 0.023482
20.47 0.024004
20.48 0.024521
20.49 0.025031
20.50 0.025536
20.51 0.026036
20.52 0.026529
20.53 0.027016
20.54 0.027497
20.55 0.027972
20.56 0.028440
20.57 0.028902
20.58 0.029358
20.59 0.029808
20.60 0.030251
20.61 0.030687
20.62 0.031117
20.63 0.031540
20.64 0.031957
20.65 0.032367
20.66 0.032770
20.67 0.033166
20.68 0.033555
20.69 0.033937
20.70 0.034312
20.71 0.034680
20.72 0.035041
20.73 0.035395
20.74 0.035742
20.75 0.036081
20.76 0.036413
20.77 0.036739
20.78 0.037056
20.79 0.037367
20.80 0.037670
20.81 0.037966
20.82 0.038255
20.83 0.038536
20.84 0.038810
20.85 0.039076
20.86 0.039335
20.87 0.039587
20.88 0.039831
20.89 0.040068
20.90 0.040297
20.91 0.040519
20.92 0.040733
20.93 0.040940
20.94 0.041139
20.95 0.041330
20.96 0.041514
20.97 0.041691
20.98 0.041859
20.99 0.042021
21.00 0.042175
21.01 0.042321
21.02 0.042460
21.03 0.042591
21.04 0.042715
21.05 0.042832
21.06 0.042941
21.07 0.043043
21.08 0.043137
21.09 0.043224
21.10 0.043304
21.11 0.043377
21.12 0.043443
21.13 0.043501
21.14 0.043552
21.15 0.043597
21.16 0.043634
21.17 0.043665
21.18 0.043688
21.19 0.043705
21.20 0.043715
21.21 0.043718
21.22 0.043715
21.23 0.043705
21.24 0.043689
21.25 0.043666
21.26 0.043637
21.27 0.043601
21.28 0.043560
21.29 0.043512
21.30 0.043457
21.31 0.043397
21.32 0.043331
21.33 0.043258
21.34 0.043180
21.35 0.043096
21.36 0.043006
21.37 0.042910
21.38 0.042808
21.39 0.042701
21.40 0.042587
21.41 0.042469
21.42 0.042344
21.43 0.042215
21.44 0.042079
21.45 0.041939
21.46 0.041793
21.47 0.041642
21.48 0.041486
21.49 0.041324
21.50 0.041158
21.51 0.040987
21.52 0.040811
21.53 0.040630
21.54 0.040444
21.55 0.040254
21.56 0.040059
21.57 0.039859
21.58 0.039654
21.59 0.039446
21.60 0.039232
21.61 0.039014
21.62 0.038792
21.63 0.038565
21.64 0.038333
21.65 0.038098
21.66 0.037858
21.67 0.037613
21.68 0.037365
21.69 0.037112
21.70 0.036855
21.71 0.036593
21.72 0.036327
21.73 0.036058
21.74 0.035784
21.75 0.035506
21.76 0.035223
21.77 0.034937
21.78 0.034647
21.79 0.034352
21.80 0.034054
21.81 0.033752
21.82 0.033445
21.83 0.033135
21.84 0.032821
21.85 0.032504
21.86 0.032182
21.87 0.031856
21.88 0.031527
21.89 0.031195
21.90 0.030858
21.91 0.030518
21.92 0.030174
21.93 0.029827
21.94 0.029476
21.95 0.029122
21.96 0.028764
21.97 0.028403
21.98 0.028039
21.99 0.027671
22.00 0.027300
22.01 0.026926
22.02 0.026548
22.03 0.026167
22.04 0.025783
22.05 0.025396
22.06 0.025006
22.07 0.024613
22.08 0.024217
22.09 0.023817
22.10 0.023415
22.11 0.023010
22.12 0.022602
22.13 0.022191
22.14 0.021778
22.15 0.021361
22.16 0.020942
22.17 0.020521
22.18 0.020097
22.19 0.019670
22.20 0.019241
22.21 0.018810
22.22 0.018376
22.23 0.017940
22.24 0.017502
22.25 0.017062
22.26 0.016620
22.27 0.016176
22.28 0.015730
22.29 0.015282
22.30 0.014833
22.31 0.014382
22.32 0.013929
22.33 0.013475
22.34 0.013020
22.35 0.012563
22.36 0.012105
22.37 0.011647
22.38 0.011187
22.39 0.010726
22.40 0.010264
22.41 0.009802
22.42 0.009339
22.43 0.008876
22.44 0.008412
22.45 0.007948
22.46 0.007483
22.47 0.007019
22.48 0.006555
22.49 0.006091
22.50 0.005627
22.51 0.005163
22.52 0.004701
22.53 0.004238
22.54 0.003777
22.55 0.003317
22.56 0.002857
22.57 0.002399
22.58 0.001942
22.59 0.001487
22.60 0.001033
22.61 0.000581
22.62 0.000131
22.63 -0.000318
22.64 -0.000764
22.65 -0.001208
22.66 -0.001650
22.67 -0.002089
22.68 -0.002526
22.69 -0.002960
22.70 -0.003391
22.71 -0.003819
22.72 -0.004244
22.73 -0.004666
22.74 -0.005085
22.75 -0.005501
22.76 -0.005912
22.77 -0.006321
22.78 -0.006725
22.79 -0.007126
22.80 -0.007523
22.81 -0.007915
22.82 -0.008304
22.83 -0.008688
22.84 -0.009068
22.85 -0.009444
22.86 -0.009814
22.87 -0.010180
22.88 -0.010542
22.89 -0.010898
22.90 -0.011249
22.91 -0.011596
22.92 -0.011937
22.93 -0.012272
22.94 -0.012603
22.95 -0.012928
22.96 -0.013247
22.97 -0.013561
22.98 -0.013869
22.99 -0.014171
23.00 -0.014468
23.01 -0.014758
23.02 -0.015043
23.03 -0.015321
23.04 -0.015594
23.05 -0.015860
23.06 -0.016120
23.07 -0.016374
23.08 -0.016622
23.09 -0.016863
23.10 -0.017098
23.11 -0.017327
23.12 -0.017549
23.13 -0.017765
23.14 -0.017975
23.15 -0.018178
23.16 -0.018374
23.17 -0.018565
23.18 -0.018748
23.19 -0.018926
23.20 -0.019096
23.21 -0.019261
23.22 -0.019419
23.23 -0.019570
23.24 -0.019715
23.25 -0.019854
23.26 -0.019986
23.27 -0.020111
23.28 -0.020231
23.29 -0.020343
23.30 -0.020450
23.31 -0.020550
23.32 -0.020644
23.33 -0.020731
23.34 -0.020812
23.35 -0.020887
23.36 -0.020956
23.37 -0.021019
23.38 -0.021075
23.39 -0.021125
23.40 -0.021169
23.41 -0.021207
23.42 -0.021239
23.43 -0.021266
23.44 -0.021286
23.45 -0.021300
23.46 -0.021309
23.47 -0.021312
23.48 -0.021309
23.49 -0.021300
23.50 -0.021286
23.51 -0.021266
23.52 -0.021241
23.53 -0.021210
23.54 -0.021173
23.55 -0.021132
23.56 -0.021085
23.57 -0.021032
23.58 -0.020975
23.59 -0.020912
23.60 -0.020844
23.61 -0.020771
23.62 -0.020694
23.63 -0.020611
23.64 -0.020523
23.65 -0.020431
23.66 -0.020334
23.67 -0.020232
23.68 -0.020125
23.69 -0.020015
23.70 -0.019899
23.71 -0.019779
23.72 -0.019655
23.73 -0.019527
23.74 -0.019395
23.75 -0.019258
23.76 -0.019117
23.77 -0.018973
23.78 -0.018824
23.79 -0.018672
23.80 -0.018516
23.81 -0.018357
23.82 -0.018194
23.83 -0.018027
23.84 -0.017857
23.85 -0.017684
23.86 -0.017507
23.87 -0.017328
23.88 -0.017145
23.89 -0.016959
23.90 -0.016770
23.91 -0.016579
23.92 -0.016385
23.93 -0.016188
23.94 -0.015988
23.95 -0.015786
23.96 -0.015582
23.97 -0.015375
23.98 -0.015167
23.99 -0.014955
24.00 -0.014742
24.01 -0.014527
24.02 -0.014310
24.03 -0.014091
24.04 -0.013870
24.05 -0.013648
24.06 -0.013424
24.07 -0.013198
24.08 -0.012971
24.09 -0.012743
24.10 -0.012513
24.11 -0.012282
24.12 -0.012050
24.13 -0.011817
24.14 -0.011583
24.15 -0.011347
24.16 -0.011111
24.17 -0.010875
24.18 -0.010637
24.19 -0.010399
24.20 -0.010160
24.21 -0.009921
24.22 -0.009681
24.23 -0.009441
24.24 -0.009201
24.25 -0.008960
24.26 -0.008719
24.27 -0.008478
24.28 -0.008237
24.29 -0.007996
24.30 -0.007755
24.31 -0.007514
24.32 -0.007273
24.33 -0.007032
24.34 -0.006792
24.35 -0.006551
24.36 -0.006311
24.37 -0.006072
24.38 -0.005833
24.39 -0.005594
24.40 -0.005356
24.41 -0.005118
24.42 -0.004881
24.43 -0.004644
24.44 -0.004408
24.45 -0.004173
24.46 -0.003938
24.47 -0.003705
24.48 -0.003472
24.49 -0.003240
24.50 -0.003008
24.51 -0.002778
24.52 -0.002549
24.53 -0.002320
24.54 -0.002093
24.55 -0.001867
24.56 -0.001642
24.57 -0.001418
24.58 -0.001195
24.59 -0.000973
24.60 -0.000753
24.61 -0.000534
24.62 -0.000316
24.63 -0.000099
24.64 0.000116
24.65 0.000330
24.66 0.000542
24.67 0.000753
24.68 0.000962
24.69 0.001170
24.70 0.001376
24.71 0.001580
24.72 0.001783
24.73 0.001984
24.74 0.002184
24.75 0.002382
24.76 0.002578
24.77 0.002773
24.78 0.002965
24.79 0.003156
24.80 0.003346
24.81 0.003533
24.82 0.003719
24.83 0.003903
24.84 0.004085
24.85 0.004265
24.86 0.004443
24.87 0.004620
24.88 0.004795
24.89 0.004967
24.90 0.005138
24.91 0.005307
24.92 0.005473
24.93 0.005638
24.94 0.005801
24.95 0.005961
24.96 0.006120
24.97 0.006276
24.98 0.006430
24.99 0.006582
25.00 0.006731
25.01 0.006879
25.02 0.007024
25.03 0.007166
25.04 0.007306
25.05 0.007444
25.06 0.007579
25.07 0.007712
25.08 0.007842
25.09 0.007969
25.10 0.008094
25.11 0.008216
25.12 0.008335
25.13 0.008452
25.14 0.008565
25.15 0.008676
25.16 0.008784
25.17 0.008889
25.18 0.008991
25.19 0.009090
25.20 0.009186
25.21 0.009278
25.22 0.009368
25.23 0.009455
25.24 0.009538
25.25 0.009618
25.26 0.009695
25.27 0.009769
25.28 0.009839
25.29 0.009906
25.30 0.009970
25.31 0.010030
25.32 0.010087
25.33 0.010141
25.34 0.010191
25.35 0.010238
25.36 0.010281
25.37 0.010321
25.38 0.010358
25.39 0.010391
25.40 0.010421
25.41 0.010447
25.42 0.010470
25.43 0.010489
25.44 0.010505
25.45 0.010517
25.46 0.010526
25.47 0.010531
25.48 0.010533
25.49 0.010531
25.50 0.010526
25.51 0.010517
25.52 0.010505
25.53 0.010489
25.54 0.010469
25.55 0.010446
25.56 0.010420
25.57 0.010390
25.58 0.010357
25.59 0.010320
25.60 0.010280
25.61 0.010236
25.62 0.010188
25.63 0.010138
25.64 0.010083
25.65 0.010026
25.66 0.009964
25.67 0.009900
25.68 0.009832
25.69 0.009760
25.70 0.009685
25.71 0.009607
25.72 0.009525
25.73 0.009440
25.74 0.009351
25.75 0.009259
25.76 0.009164
25.77 0.009065
25.78 0.008963
25.79 0.008857
25.80 0.008748
25.81 0.008636
25.82 0.008520
25.83 0.008401
25.84 0.008279
25.85 0.008154
25.86 0.008025
25.87 0.007893
25.88 0.007757
25.89 0.007619
25.90 0.007477
25.91 0.007332
25.92 0.007183
25.93 0.007032
25.94 0.006878
25.95 0.006720
25.96 0.006559
25.97 0.006396
25.98 0.006229
25.99 0.006060
26.00 0.005887
26.01 0.005712
26.02 0.005534
26.03 0.005353
26.04 0.005170
26.05 0.004984
26.06 0.004795
26.07 0.004604
26.08 0.004410
26.09 0.004214
26.10 0.004016
26.11 0.003815
26.12 0.003612
26.13 0.003407
26.14 0.003200
26.15 0.002991
26.16 0.002780
26.17 0.002567
26.18 0.002352
26.19 0.002135
26.20 0.001917
26.21 0.001697
26.22 0.001476
26.23 0.001253
26.24 0.001029
26.25 0.000803
26.26 0.000576
26.27 0.000348
26.28 0.000119
26.29 -0.000112
26.30 -0.000343
26.31 -0.000575
26.32 -0.000809
26.33 -0.001043
26.34 -0.001277
26.35 -0.001512
26.36 -0.001748
26.37 -0.001984
26.38 -0.002221
26.39 -0.002458
26.40 -0.002695
26.41 -0.002932
26.42 -0.003169
26.43 -0.003406
26.44 -0.003643
26.45 -0.003880
26.46 -0.004116
26.47 -0.004352
26.48 -0.004588
26.49 -0.004823
26.50 -0.005057
26.51 -0.005291
26.52 -0.005524
26.53 -0.005756
26.54 -0.005988
26.55 -0.006218
26.56 -0.006447
26.57 -0.006675
26.58 -0.006902
26.59 -0.007128
26.60 -0.007352
26.61 -0.007575
26.62 -0.007796
26.63 -0.008016
26.64 -0.008235
26.65 -0.008451
26.66 -0.008666
26.67 -0.008880
26.68 -0.009091
26.69 -0.009301
26.70 -0.009509
26.71 -0.009714
26.72 -0.009918
26.73 -0.010120
26.74 -0.010320
26.75 -0.010517
26.76 -0.010713
26.77 -0.010906
26.78 -0.011097
26.79 -0.011286
26.80 -0.011472
26.81 -0.011656
26.82 -0.011838
26.83 -0.012017
26.84 -0.012193
26.85 -0.012368
26.86 -0.012539
26.87 -0.012708
26.88 -0.012875
26.89 -0.013039
26.90 -0.013200
26.91 -0.013359
26.92 -0.013515
26.93 -0.013669
26.94 -0.013819
26.95 -0.013967
26.96 -0.014112
26.97 -0.014255
26.98 -0.014395
26.99 -0.014532
27.00 -0.014666
27.01 -0.014797
27.02 -0.014926
27.03 -0.015052
27.04 -0.015175
27.05 -0.015295
27.06 -0.015413
27.07 -0.015528
27.08 -0.015639
27.09 -0.015749
27.10 -0.015855
27.11 -0.015958
27.12 -0.016059
27.13 -0.016157
27.14 -0.016252
27.15 -0.016344
27.16 -0.016433
27.17 -0.016520
27.18 -0.016604
27.19 -0.016685
27.20 -0.016763
27.21 -0.016838
27.22 -0.016911
27.23 -0.016980
27.24 -0.017047
27.25 -0.017112
27.26 -0.017173
27.27 -0.017231
27.28 -0.017287
27.29 -0.017340
27.30 -0.017390
27.31 -0.017437
27.32 -0.017482
27.33 -0.017523
27.34 -0.017562
27.35 -0.017598
27.36 -0.017631
27.37 -0.017661
27.38 -0.017689
27.39 -0.017714
27.40 -0.017736
27.41 -0.017755
27.42 -0.017771
27.43 -0.017785
27.44 -0.017795
27.45 -0.017803
27.46 -0.017808
27.47 -0.017811
27.48 -0.017810
27.49 -0.017807
27.50 -0.017801
27.51 -0.017792
27.52 -0.017780
27.53 -0.017766
27.54 -0.017749
27.55 -0.017729
27.56 -0.017706
27.57 -0.017680
27.58 -0.017652
27.59 -0.017621
27.60 -0.017587
27.61 -0.017551
27.62 -0.017512
27.63 -0.017470
27.64 -0.017425
27.65 -0.017378
27.66 -0.017328
27.67 -0.017276
27.68 -0.017221
27.69 -0.017163
27.70 -0.017102
27.71 -0.017039
27.72 -0.016974
27.73 -0.016905
27.74 -0.016835
27.75 -0.016761
27.76 -0.016685
27.77 -0.016607
27.78 -0.016526
27.79 -0.016443
27.80 -0.016357
27.81 -0.016269
27.82 -0.016178
27.83 -0.016086
27.84 -0.015990
27.85 -0.015893
27.86 -0.015793
27.87 -0.015690
27.88 -0.015586
27.89 -0.015479
27.90 -0.015370
27.91 -0.015259
27.92 -0.015146
27.93 -0.015030
27.94 -0.014912
27.95 -0.014793
27.96 -0.014671
27.97 -0.014547
27.98 -0.014421
27.99 -0.014293
28.00 -0.014163
28.01 -0.014031
28.02 -0.013897
28.03 -0.013761
28.04 -0.013623
28.05 -0.013483
28.06 -0.013342
28.07 -0.013199
28.08 -0.013053
28.09 -0.012906
28.10 -0.012758
28.11 -0.012607
28.12 -0.012455
28.13 -0.012301
28.14 -0.012145
28.15 -0.011988
28.16 -0.011829
28.17 -0.011668
28.18 -0.011506
28.19 -0.011343
28.20 -0.011177
28.21 -0.011011
28.22 -0.010842
28.23 -0.010673
28.24 -0.010502
28.25 -0.010329
28.26 -0.010156
28.27 -0.009980
28.28 -0.009804
28.29 -0.009626
28.30 -0.009447
28.31 -0.009267
28.32 -0.009086
28.33 -0.008903
28.34 -0.008719
28.35 -0.008534
28.36 -0.008348
28.37 -0.008161
28.38 -0.007972
28.39 -0.007783
28.40 -0.007592
28.41 -0.007401
28.42 -0.007209
28.43 -0.007015
28.44 -0.006821
28.45 -0.006626
28.46 -0.006430
28.47 -0.006233
28.48 -0.006035
28.49 -0.005836
28.50 -0.005637
28.51 -0.005437
28.52 -0.005237
28.53 -0.005035
28.54 -0.004834
28.55 -0.004631
28.56 -0.004428
28.57 -0.004225
28.58 -0.004021
28.59 -0.003817
28.60 -0.003613
28.61 -0.003408
28.62 -0.003203
28.63 -0.002998
28.64 -0.002793
28.65 -0.002587
28.66 -0.002381
28.67 -0.002176
28.68 -0.001970
28.69 -0.001764
28.70 -0.001559
28.71 -0.001354
28.72 -0.001148
28.73 -0.000943
28.74 -0.000739
28.75 -0.000534
28.76 -0.000330
28.77 -0.000127
28.78 0.000076
28.79 0.000279
28.80 0.000481
28.81 0.000682
28.82 0.000883
28.83 0.001083
28.84 0.001282
28.85 0.001480
28.86 0.001677
28.87 0.001874
28.88 0.002069
28.89 0.002263
28.90 0.002456
28.91 0.002648
28.92 0.002839
28.93 0.003028
28.94 0.003216
28.95 0.003403
28.96 0.003589
28.97 0.003773
28.98 0.003955
28.99 0.004136
29.00 0.004315
29.01 0.004493
29.02 0.004669
29.03 0.004843
29.04 0.005016
29.05 0.005186
29.06 0.005355
29.07 0.005522
29.08 0.005688
29.09 0.005851
29.10 0.006012
29.11 0.006172
29.12 0.006329
29.13 0.006484
29.14 0.006637
29.15 0.006789
29.16 0.006938
29.17 0.007085
29.18 0.007230
29.19 0.007372
29.20 0.007513
29.21 0.007651
29.22 0.007787
29.23 0.007921
29.24 0.008052
29.25 0.008181
29.26 0.008308
29.27 0.008432
29.28 0.008554
29.29 0.008674
29.30 0.008791
29.31 0.008906
29.32 0.009018
29.33 0.009128
29.34 0.009235
29.35 0.009340
29.36 0.009443
29.37 0.009542
29.38 0.009640
29.39 0.009734
29.40 0.009826
29.41 0.009916
29.42 0.010003
29.43 0.010087
29.44 0.010169
29.45 0.010248
29.46 0.010324
29.47 0.010398
29.48 0.010469
29.49 0.010538
29.50 0.010604
29.51 0.010667
29.52 0.010727
29.53 0.010785
29.54 0.010841
29.55 0.010893
29.56 0.010943
29.57 0.010991
29.58 0.011035
29.59 0.011077
29.60 0.011116
29.61 0.011153
29.62 0.011187
29.63 0.011218
29.64 0.011247
29.65 0.011273
29.66 0.011297
29.67 0.011317
29.68 0.011335
29.69 0.011351
29.70 0.011364
29.71 0.011374
29.72 0.011381
29.73 0.011386
29.74 0.011389
29.75 0.011388
29.76 0.011386
29.77 0.011380
29.78 0.011372
29.79 0.011362
29.80 0.011349
29.81 0.011334
29.82 0.011316
29.83 0.011295
29.84 0.011272
29.85 0.011247
29.86 0.011219
29.87 0.011189
29.88 0.011157
29.89 0.011122
29.90 0.011085
29.91 0.011045
29.92 0.011004
29.93 0.010959
29.94 0.010913
29.95 0.010865
29.96 0.010814
29.97 0.010761
29.98 0.010706
29.99 0.010649
30.00 0.010589
30.01 0.010528
30.02 0.010465
30.03 0.010399
30.04 0.010332
30.05 0.010263
30.06 0.010191
30.07 0.010118
30.08 0.010043
30.09 0.009967
30.10 0.009888
30.11 0.009808
30.12 0.009726
30.13 0.009642
30.14 0.009557
30.15 0.009469
30.16 0.009381
30.17 0.009291
30.18 0.009199
30.19 0.009105
30.20 0.009010
30.21 0.008914
30.22 0.008816
30.23 0.008717
30.24 0.008616
30.25 0.008514
30.26 0.008411
30.27 0.008306
30.28 0.008200
30.29 0.008092
30.30 0.007983
30.31 0.007873
30.32 0.007762
30.33 0.007650
30.34 0.007536
30.35 0.007421
30.36 0.007305
30.37 0.007188
30.38 0.007070
30.39 0.006951
30.40 0.006831
30.41 0.006710
30.42 0.006587
30.43 0.006464
30.44 0.006340
30.45 0.006215
30.46 0.006090
30.47 0.005963
30.48 0.005836
30.49 0.005707
30.50 0.005578
30.51 0.005449
30.52 0.005318
30.53 0.005187
30.54 0.005056
30.55 0.004923
30.56 0.004790
30.57 0.004657
30.58 0.004523
30.59 0.004388
30.60 0.004254
30.61 0.004118
30.62 0.003982
30.63 0.003846
30.64 0.003710
30.65 0.003573
30.66 0.003436
30.67 0.003299
30.68 0.003162
30.69 0.003024
30.70 0.002887
30.71 0.002749
30.72 0.002611
30.73 0.002474
30.74 0.002336
30.75 0.002198
30.76 0.002061
30.77 0.001924
30.78 0.001787
30.79 0.001650
30.80 0.001513
30.81 0.001377
30.82 0.001241
30.83 0.001105
30.84 0.000970
30.85 0.000836
30.86 0.000701
30.87 0.000568
30.88 0.000435
30.89 0.000302
30.90 0.000170
30.91 0.000039
30.92 -0.000091
30.93 -0.000221
30.94 -0.000350
30.95 -0.000478
30.96 -0.000606
30.97 -0.000732
30.98 -0.000858
30.99 -0.000982
31.00 -0.001106
31.01 -0.001229
31.02 -0.001350
31.03 -0.001471
31.04 -0.001591
31.05 -0.001709
31.06 -0.001826
31.07 -0.001943
31.08 -0.002058
31.09 -0.002171
31.10 -0.002284
31.11 -0.002395
31.12 -0.002506
31.13 -0.002614
31.14 -0.002722
31.15 -0.002828
31.16 -0.002933
31.17 -0.003036
31.18 -0.003139
31.19 -0.003239
31.20 -0.003338
31.21 -0.003436
31.22 -0.003533
31.23 -0.003628
31.24 -0.003721
31.25 -0.003813
31.26 -0.003903
31.27 -0.003992
31.28 -0.004079
31.29 -0.004165
31.30 -0.004249
31.31 -0.004331
31.32 -0.004412
31.33 -0.004491
31.34 -0.004568
31.35 -0.004644
31.36 -0.004718
31.37 -0.004790
31.38 -0.004860
31.39 -0.004929
31.40 -0.004996
31.41 -0.005061
31.42 -0.005124
31.43 -0.005186
31.44 -0.005245
31.45 -0.005303
31.46 -0.005359
31.47 -0.005414
31.48 -0.005466
31.49 -0.005516
31.50 -0.005565
31.51 -0.005612
31.52 -0.005657
31.53 -0.005700
31.54 -0.005741
31.55 -0.005780
31.56 -0.005817
31.57 -0.005853
31.58 -0.005886
31.59 -0.005918
31.60 -0.005948
31.61 -0.005975
31.62 -0.006001
31.63 -0.006025
31.64 -0.006047
31.65 -0.006068
31.66 -0.006086
31.67 -0.006102
31.68 -0.006117
31.69 -0.006130
31.70 -0.006140
31.71 -0.006149
31.72 -0.006156
31.73 -0.006161
31.74 -0.006164
31.75 -0.006166
31.76 -0.006165
31.77 -0.006163
31.78 -0.006158
31.79 -0.006152
31.80 -0.006144
31.81 -0.006134
31.82 -0.006122
31.83 -0.006109
31.84 -0.006093
31.85 -0.006076
31.86 -0.006057
31.87 -0.006036
31.88 -0.006013
31.89 -0.005989
31.90 -0.005963
31.91 -0.005935
31.92 -0.005905
31.93 -0.005873
31.94 -0.005840
31.95 -0.005805
31.96 -0.005768
31.97 -0.005730
31.98 -0.005690
31.99 -0.005648
32.00 -0.005604
32.01 -0.005559
32.02 -0.005513
32.03 -0.005465
32.04 -0.005415
32.05 -0.005364
32.06 -0.005311
32.07 -0.005257
32.08 -0.005201
32.09 -0.005144
32.10 -0.005085
32.11 -0.005026
32.12 -0.004964
32.13 -0.004902
32.14 -0.004838
32.15 -0.004773
32.16 -0.004706
32.17 -0.004638
32.18 -0.004570
32.19 -0.004499
32.20 -0.004428
32.21 -0.004356
32.22 -0.004283
32.23 -0.004208
32.24 -0.004133
32.25 -0.004056
32.26 -0.003979
32.27 -0.003900
32.28 -0.003820
32.29 -0.003740
32.30 -0.003659
32.31 -0.003576
32.32 -0.003493
32.33 -0.003409
32.34 -0.003324
32.35 -0.003239
32.36 -0.003152
32.37 -0.003065
32.38 -0.002977
32.39 -0.002888
32.40 -0.002799
32.41 -0.002708
32.42 -0.002617
32.43 -0.002526
32.44 -0.002433
32.45 -0.002340
32.46 -0.002247
32.47 -0.002152
32.48 -0.002058
32.49 -0.001962
32.50 -0.001866
32.51 -0.001770
32.52 -0.001673
32.53 -0.001575
32.54 -0.001477
32.55 -0.001379
32.56 -0.001280
32.57 -0.001180
32.58 -0.001081
32.59 -0.000981
32.60 -0.000880
32.61 -0.000779
32.62 -0.000678
32.63 -0.000577
32.64 -0.000475
32.65 -0.000373
32.66 -0.000270
32.67 -0.000167
32.68 -0.000065
32.69 0.000039
32.70 0.000142
32.71 0.000245
32.72 0.000349
32.73 0.000453
32.74 0.000557
32.75 0.000661
32.76 0.000766
32.77 0.000870
32.78 0.000975
32.79 0.001079
32.80 0.001184
32.81 0.001289
32.82 0.001394
32.83 0.001499
32.84 0.001604
32.85 0.001709
32.86 0.001814
32.87 0.001920
32.88 0.002025
32.89 0.002130
32.90 0.002235
32.91 0.002340
32.92 0.002444
32.93 0.002549
32.94 0.002654
32.95 0.002758
32.96 0.002863
32.97 0.002967
32.98 0.003071
32.99 0.003175
33.00 0.003278
33.01 0.003382
33.02 0.003485
33.03 0.003588
33.04 0.003691
33.05 0.003793
33.06 0.003896
33.07 0.003998
33.08 0.004099
33.09 0.004201
33.10 0.004301
33.11 0.004402
33.12 0.004502
33.13 0.004602
33.14 0.004701
33.15 0.004800
33.16 0.004898
33.17 0.004996
33.18 0.005093
33.19 0.005190
33.20 0.005286
33.21 0.005382
33.22 0.005477
33.23 0.005571
33.24 0.005664
33.25 0.005757
33.26 0.005849
33.27 0.005940
33.28 0.006031
33.29 0.006120
33.30 0.006209
33.31 0.006297
33.32 0.006384
33.33 0.006469
33.34 0.006554
33.35 0.006638
33.36 0.006721
33.37 0.006802
33.38 0.006883
33.39 0.006962
33.40 0.007041
33.41 0.007118
33.42 0.007194
33.43 0.007269
33.44 0.007342
33.45 0.007414
33.46 0.007485
33.47 0.007555
33.48 0.007623
33.49 0.007690
33.50 0.007756
33.51 0.007821
33.52 0.007884
33.53 0.007945
33.54 0.008006
33.55 0.008065
33.56 0.008122
33.57 0.008178
33.58 0.008233
33.59 0.008286
33.60 0.008337
33.61 0.008388
33.62 0.008436
33.63 0.008484
33.64 0.008529
33.65 0.008573
33.66 0.008616
33.67 0.008657
33.68 0.008697
33.69 0.008735
33.70 0.008771
33.71 0.008806
33.72 0.008840
33.73 0.008871
33.74 0.008901
33.75 0.008930
33.76 0.008957
33.77 0.008982
33.78 0.009006
33.79 0.009028
33.80 0.009049
33.81 0.009068
33.82 0.009086
33.83 0.009101
33.84 0.009116
33.85 0.009128
33.86 0.009140
33.87 0.009149
33.88 0.009157
33.89 0.009164
33.90 0.009168
33.91 0.009172
33.92 0.009174
33.93 0.009174
33.94 0.009173
33.95 0.009170
33.96 0.009165
33.97 0.009159
33.98 0.009152
33.99 0.009143
34.00 0.009133
34.01 0.009121
34.02 0.009108
34.03 0.009093
34.04 0.009076
34.05 0.009059
34.06 0.009039
34.07 0.009019
34.08 0.008997
34.09 0.008973
34.10 0.008948
34.11 0.008922
34.12 0.008894
34.13 0.008865
34.14 0.008835
34.15 0.008803
34.16 0.008770
34.17 0.008735
34.18 0.008699
34.19 0.008662
34.20 0.008623
34.21 0.008583
34.22 0.008542
34.23 0.008500
34.24 0.008456
34.25 0.008411
34.26 0.008364
34.27 0.008317
34.28 0.008268
34.29 0.008217
34.30 0.008166
34.31 0.008113
34.32 0.008060
34.33 0.008005
34.34 0.007948
34.35 0.007891
34.36 0.007832
34.37 0.007772
34.38 0.007711
34.39 0.007649
34.40 0.007585
34.41 0.007521
34.42 0.007455
34.43 0.007388
34.44 0.007320
34.45 0.007250
34.46 0.007180
34.47 0.007108
34.48 0.007035
34.49 0.006961
34.50 0.006886
34.51 0.006810
34.52 0.006733
34.53 0.006655
34.54 0.006575
34.55 0.006495
34.56 0.006413
34.57 0.006331
34.58 0.006247
34.59 0.006163
34.60 0.006077
34.61 0.005990
34.62 0.005903
34.63 0.005814
34.64 0.005725
34.65 0.005635
34.66 0.005544
34.67 0.005452
34.68 0.005359
34.69 0.005265
34.70 0.005171
34.71 0.005076
34.72 0.004980
34.73 0.004884
34.74 0.004787
34.75 0.004689
34.76 0.004591
34.77 0.004492
34.78 0.004393
34.79 0.004293
34.80 0.004193
34.81 0.004092
34.82 0.003991
34.83 0.003889
34.84 0.003787
34.85 0.003685
34.86 0.003583
34.87 0.003480
34.88 0.003377
34.89 0.003273
34.90 0.003170
34.91 0.003066
34.92 0.002962
34.93 0.002859
34.94 0.002754
34.95 0.002650
34.96 0.002546
34.97 0.002442
34.98 0.002338
34.99 0.002234
35.00 0.002130
35.01 0.002025
35.02 0.001922
35.03 0.001818
35.04 0.001714
35.05 0.001610
35.06 0.001507
35.07 0.001403
35.08 0.001300
35.09 0.001197
35.10 0.001095
35.11 0.000992
35.12 0.000890
35.13 0.000788
35.14 0.000686
35.15 0.000585
35.16 0.000484
35.17 0.000383
35.18 0.000282
35.19 0.000182
35.20 0.000082
35.21 -0.000017
35.22 -0.000117
35.23 -0.000215
35.24 -0.000314
35.25 -0.000412
35.26 -0.000509
35.27 -0.000606
35.28 -0.000703
35.29 -0.000799
35.30 -0.000895
35.31 -0.000991
35.32 -0.001086
35.33 -0.001180
35.34 -0.001274
35.35 -0.001368
35.36 -0.001461
35.37 -0.001554
35.38 -0.001646
35.39 -0.001738
35.40 -0.001829
35.41 -0.001920
35.42 -0.002010
35.43 -0.002100
35.44 -0.002189
35.45 -0.002278
35.46 -0.002366
35.47 -0.002454
35.48 -0.002541
35.49 -0.002627
35.50 -0.002713
35.51 -0.002799
35.52 -0.002884
35.53 -0.002969
35.54 -0.003053
35.55 -0.003136
35.56 -0.003219
35.57 -0.003301
35.58 -0.003383
35.59 -0.003464
35.60 -0.003544
35.61 -0.003624
35.62 -0.003704
35.63 -0.003782
35.64 -0.003861
35.65 -0.003938
35.66 -0.004015
35.67 -0.004091
35.68 -0.004167
35.69 -0.004242
35.70 -0.004316
35.71 -0.004389
35.72 -0.004462
35.73 -0.004534
35.74 -0.004606
35.75 -0.004676
35.76 -0.004746
35.77 -0.004815
35.78 -0.004883
35.79 -0.004951
35.80 -0.005018
35.81 -0.005083
35.82 -0.005148
35.83 -0.005212
35.84 -0.005275
35.85 -0.005337
35.86 -0.005398
35.87 -0.005459
35.88 -0.005518
35.89 -0.005576
35.90 -0.005633
35.91 -0.005689
35.92 -0.005744
35.93 -0.005798
35.94 -0.005851
35.95 -0.005902
35.96 -0.005953
35.97 -0.006002
35.98 -0.006050
35.99 -0.006097
36.00 -0.006142
36.01 -0.006187
36.02 -0.006230
36.03 -0.006272
36.04 -0.006312
36.05 -0.006351
36.06 -0.006389
36.07 -0.006426
36.08 -0.006461
36.09 -0.006495
36.10 -0.006527
36.11 -0.006558
36.12 -0.006588
36.13 -0.006616
36.14 -0.006643
36.15 -0.006668
36.16 -0.006692
36.17 -0.006715
36.18 -0.006736
36.19 -0.006756
36.20 -0.006774
36.21 -0.006791
36.22 -0.006807
36.23 -0.006821
36.24 -0.006833
36.25 -0.006844
36.26 -0.006854
36.27 -0.006862
36.28 -0.006869
36.29 -0.006874
36.30 -0.006878
36.31 -0.006881
36.32 -0.006882
36.33 -0.006881
36.34 -0.006879
36.35 -0.006876
36.36 -0.006871
36.37 -0.006865
36.38 -0.006858
36.39 -0.006849
36.40 -0.006838
36.41 -0.006827
36.42 -0.006814
36.43 -0.006799
36.44 -0.006783
36.45 -0.006766
36.46 -0.006748
36.47 -0.006728
36.48 -0.006707
36.49 -0.006684
36.50 -0.006660
36.51 -0.006635
36.52 -0.006609
36.53 -0.006581
36.54 -0.006552
36.55 -0.006522
36.56 -0.006490
36.57 -0.006457
36.58 -0.006423
36.59 -0.006388
36.60 -0.006351
36.61 -0.006314
36.62 -0.006274
36.63 -0.006234
36.64 -0.006193
36.65 -0.006150
36.66 -0.006106
36.67 -0.006061
36.68 -0.006015
36.69 -0.005968
36.70 -0.005919
36.71 -0.005869
36.72 -0.005819
36.73 -0.005767
36.74 -0.005714
36.75 -0.005660
36.76 -0.005604
36.77 -0.005548
36.78 -0.005491
36.79 -0.005433
36.80 -0.005373
36.81 -0.005313
36.82 -0.005252
36.83 -0.005190
36.84 -0.005127
36.85 -0.005062
36.86 -0.004997
36.87 -0.004932
36.88 -0.004865
36.89 -0.004797
36.90 -0.004729
36.91 -0.004660
36.92 -0.004590
36.93 -0.004519
36.94 -0.004448
36.95 -0.004376
36.96 -0.004303
36.97 -0.004230
36.98 -0.004156
36.99 -0.004081
37.00 -0.004006
37.01 -0.003930
37.02 -0.003854
37.03 -0.003777
37.04 -0.003700
37.05 -0.003623
37.06 -0.003545
37.07 -0.003467
37.08 -0.003388
37.09 -0.003309
37.10 -0.003230
37.11 -0.003151
37.12 -0.003071
37.13 -0.002992
37.14 -0.002912
37.15 -0.002832
37.16 -0.002752
37.17 -0.002672
37.18 -0.002592
37.19 -0.002512
37.20 -0.002432
37.21 -0.002352
37.22 -0.002272
37.23 -0.002193
37.24 -0.002113
37.25 -0.002034
37.26 -0.001955
37.27 -0.001876
37.28 -0.001797
37.29 -0.001719
37.30 -0.001641
37.31 -0.001563
37.32 -0.001485
37.33 -0.001408
37.34 -0.001332
37.35 -0.001255
37.36 -0.001179
37.37 -0.001104
37.38 -0.001029
37.39 -0.000954
37.40 -0.000880
37.41 -0.000806
37.42 -0.000733
37.43 -0.000660
37.44 -0.000588
37.45 -0.000516
37.46 -0.000444
37.47 -0.000374
37.48 -0.000303
37.49 -0.000233
37.50 -0.000164
37.51 -0.000095
37.52 -0.000027
37.53 0.000041
37.54 0.000108
37.55 0.000175
37.56 0.000241
37.57 0.000306
37.58 0.000372
37.59 0.000436
37.60 0.000500
37.61 0.000564
37.62 0.000627
37.63 0.000689
37.64 0.000751
37.65 0.000812
37.66 0.000873
37.67 0.000933
37.68 0.000993
37.69 0.001052
37.70 0.001110
37.71 0.001168
37.72 0.001226
37.73 0.001283
37.74 0.001339
37.75 0.001395
37.76 0.001450
37.77 0.001504
37.78 0.001558
37.79 0.001612
37.80 0.001664
37.81 0.001717
37.82 0.001768
37.83 0.001819
37.84 0.001870
37.85 0.001920
37.86 0.001969
37.87 0.002018
37.88 0.002066
37.89 0.002114
37.90 0.002161
37.91 0.002207
37.92 0.002253
37.93 0.002298
37.94 0.002343
37.95 0.002387
37.96 0.002430
37.97 0.002473
37.98 0.002515
37.99 0.002556
38.00 0.002597
38.01 0.002638
38.02 0.002678
38.03 0.002717
38.04 0.002755
38.05 0.002793
38.06 0.002830
38.07 0.002867
38.08 0.002903
38.09 0.002938
38.10 0.002973
38.11 0.003007
38.12 0.003041
38.13 0.003074
38.14 0.003106
38.15 0.003137
38.16 0.003168
38.17 0.003198
38.18 0.003227
38.19 0.003256
38.20 0.003284
38.21 0.003312
38.22 0.003338
38.23 0.003364
38.24 0.003389
38.25 0.003414
38.26 0.003438
38.27 0.003461
38.28 0.003483
38.29 0.003504
38.30 0.003525
38.31 0.003545
38.32 0.003564
38.33 0.003583
38.34 0.003600
38.35 0.003617
38.36 0.003633
38.37 0.003649
38.38 0.003663
38.39 0.003677
38.40 0.003690
38.41 0.003702
38.42 0.003713
38.43 0.003723
38.44 0.003733
38.45 0.003742
38.46 0.003749
38.47 0.003756
38.48 0.003763
38.49 0.003768
38.50 0.003772
38.51 0.003776
38.52 0.003779
38.53 0.003780
38.54 0.003781
38.55 0.003781
38.56 0.003780
38.57 0.003779
38.58 0.003776
38.59 0.003772
38.60 0.003768
38.61 0.003763
38.62 0.003756
38.63 0.003749
38.64 0.003741
38.65 0.003732
38.66 0.003722
38.67 0.003712
38.68 0.003700
38.69 0.003688
38.70 0.003674
38.71 0.003660
38.72 0.003645
38.73 0.003629
38.74 0.003612
38.75 0.003595
38.76 0.003576
38.77 0.003557
38.78 0.003537
38.79 0.003516
38.80 0.003494
38.81 0.003471
38.82 0.003448
38.83 0.003424
38.84 0.003399
38.85 0.003373
38.86 0.003346
38.87 0.003319
38.88 0.003291
38.89 0.003262
38.90 0.003233
38.91 0.003203
38.92 0.003172
38.93 0.003140
38.94 0.003108
38.95 0.003075
38.96 0.003041
38.97 0.003007
38.98 0.002972
38.99 0.002937
39.00 0.002901
39.01 0.002864
39.02 0.002827
39.03 0.002789
39.04 0.002751
39.05 0.002712
39.06 0.002673
39.07 0.002633
39.08 0.002593
39.09 0.002552
39.10 0.002511
39.11 0.002469
39.12 0.002427
39.13 0.002384
39.14 0.002341
39.15 0.002298
39.16 0.002254
39.17 0.002210
39.18 0.002166
39.19 0.002121
39.20 0.002076
39.21 0.002030
39.22 0.001985
39.23 0.001939
39.24 0.001892
39.25 0.001846
39.26 0.001799
39.27 0.001752
39.28 0.001705
39.29 0.001658
39.30 0.001611
39.31 0.001563
39.32 0.001515
39.33 0.001467
39.34 0.001419
39.35 0.001371
39.36 0.001323
39.37 0.001275
39.38 0.001227
39.39 0.001179
39.40 0.001130
39.41 0.001082
39.42 0.001034
39.43 0.000985
39.44 0.000937
39.45 0.000889
39.46 0.000841
39.47 0.000792
39.48 0.000744
39.49 0.000696
39.50 0.000649
39.51 0.000601
39.52 0.000553
39.53 0.000506
39.54 0.000458
39.55 0.000411
39.56 0.000364
39.57 0.000317
39.58 0.000270
39.59 0.000224
39.60 0.000178
39.61 0.000132
39.62 0.000086
39.63 0.000040
39.64 -0.000005
39.65 -0.000051
39.66 -0.000096
39.67 -0.000140
39.68 -0.000185
39.69 -0.000229
39.70 -0.000273
39.71 -0.000316
39.72 -0.000360
39.73 -0.000402
39.74 -0.000445
39.75 -0.000487
39.76 -0.000529
39.77 -0.000571
39.78 -0.000612
39.79 -0.000653
39.80 -0.000694
39.81 -0.000734
39.82 -0.000774
39.83 -0.000814
39.84 -0.000853
39.85 -0.000892
39.86 -0.000930
39.87 -0.000968
39.88 -0.001005
39.89 -0.001043
39.90 -0.001079
39.91 -0.001116
39.92 -0.001152
39.93 -0.001187
39.94 -0.001222
39.95 -0.001257
39.96 -0.001291
39.97 -0.001325
39.98 -0.001358
39.99 -0.001391
40.00 -0.001423
