# ®É¶¡ (s)    ¦ì²¾ (m)
0.00 0.000000
0.01 0.000000
0.02 -0.000000
0.03 -0.000001
0.04 -0.000002
0.05 -0.000004
0.06 -0.000007
0.07 -0.000009
0.08 -0.000013
0.09 -0.000017
0.10 -0.000021
0.11 -0.000026
0.12 -0.000031
0.13 -0.000037
0.14 -0.000043
0.15 -0.000050
0.16 -0.000057
0.17 -0.000064
0.18 -0.000072
0.19 -0.000081
0.20 -0.000090
0.21 -0.000099
0.22 -0.000109
0.23 -0.000120
0.24 -0.000130
0.25 -0.000141
0.26 -0.000153
0.27 -0.000165
0.28 -0.000177
0.29 -0.000190
0.30 -0.000203
0.31 -0.000216
0.32 -0.000230
0.33 -0.000244
0.34 -0.000259
0.35 -0.000273
0.36 -0.000288
0.37 -0.000303
0.38 -0.000319
0.39 -0.000335
0.40 -0.000351
0.41 -0.000368
0.42 -0.000385
0.43 -0.000402
0.44 -0.000420
0.45 -0.000438
0.46 -0.000456
0.47 -0.000474
0.48 -0.000493
0.49 -0.000511
0.50 -0.000530
0.51 -0.000549
0.52 -0.000569
0.53 -0.000588
0.54 -0.000608
0.55 -0.000627
0.56 -0.000647
0.57 -0.000667
0.58 -0.000688
0.59 -0.000708
0.60 -0.000729
0.61 -0.000750
0.62 -0.000770
0.63 -0.000791
0.64 -0.000812
0.65 -0.000833
0.66 -0.000855
0.67 -0.000876
0.68 -0.000898
0.69 -0.000919
0.70 -0.000941
0.71 -0.000962
0.72 -0.000984
0.73 -0.001005
0.74 -0.001026
0.75 -0.001047
0.76 -0.001067
0.77 -0.001088
0.78 -0.001108
0.79 -0.001128
0.80 -0.001149
0.81 -0.001170
0.82 -0.001191
0.83 -0.001211
0.84 -0.001232
0.85 -0.001252
0.86 -0.001272
0.87 -0.001293
0.88 -0.001313
0.89 -0.001334
0.90 -0.001354
0.91 -0.001374
0.92 -0.001393
0.93 -0.001412
0.94 -0.001431
0.95 -0.001449
0.96 -0.001467
0.97 -0.001485
0.98 -0.001503
0.99 -0.001521
1.00 -0.001539
1.01 -0.001557
1.02 -0.001575
1.03 -0.001592
1.04 -0.001610
1.05 -0.001627
1.06 -0.001643
1.07 -0.001660
1.08 -0.001676
1.09 -0.001692
1.10 -0.001709
1.11 -0.001725
1.12 -0.001741
1.13 -0.001758
1.14 -0.001774
1.15 -0.001790
1.16 -0.001806
1.17 -0.001821
1.18 -0.001837
1.19 -0.001852
1.20 -0.001867
1.21 -0.001881
1.22 -0.001894
1.23 -0.001907
1.24 -0.001918
1.25 -0.001928
1.26 -0.001936
1.27 -0.001944
1.28 -0.001952
1.29 -0.001959
1.30 -0.001967
1.31 -0.001974
1.32 -0.001981
1.33 -0.001987
1.34 -0.001994
1.35 -0.001999
1.36 -0.002004
1.37 -0.002008
1.38 -0.002011
1.39 -0.002014
1.40 -0.002015
1.41 -0.002015
1.42 -0.002015
1.43 -0.002015
1.44 -0.002014
1.45 -0.002012
1.46 -0.002010
1.47 -0.002008
1.48 -0.002008
1.49 -0.002008
1.50 -0.002008
1.51 -0.002007
1.52 -0.002005
1.53 -0.002003
1.54 -0.002001
1.55 -0.001997
1.56 -0.001993
1.57 -0.001987
1.58 -0.001981
1.59 -0.001975
1.60 -0.001969
1.61 -0.001963
1.62 -0.001957
1.63 -0.001950
1.64 -0.001942
1.65 -0.001932
1.66 -0.001921
1.67 -0.001908
1.68 -0.001895
1.69 -0.001881
1.70 -0.001866
1.71 -0.001852
1.72 -0.001837
1.73 -0.001821
1.74 -0.001805
1.75 -0.001788
1.76 -0.001769
1.77 -0.001750
1.78 -0.001730
1.79 -0.001710
1.80 -0.001690
1.81 -0.001670
1.82 -0.001650
1.83 -0.001630
1.84 -0.001610
1.85 -0.001589
1.86 -0.001566
1.87 -0.001543
1.88 -0.001519
1.89 -0.001494
1.90 -0.001468
1.91 -0.001442
1.92 -0.001416
1.93 -0.001390
1.94 -0.001365
1.95 -0.001339
1.96 -0.001312
1.97 -0.001284
1.98 -0.001255
1.99 -0.001225
2.00 -0.001192
2.01 -0.001159
2.02 -0.001125
2.03 -0.001091
2.04 -0.001058
2.05 -0.001025
2.06 -0.000991
2.07 -0.000956
2.08 -0.000920
2.09 -0.000884
2.10 -0.000846
2.11 -0.000807
2.12 -0.000769
2.13 -0.000729
2.14 -0.000690
2.15 -0.000650
2.16 -0.000611
2.17 -0.000570
2.18 -0.000528
2.19 -0.000485
2.20 -0.000441
2.21 -0.000396
2.22 -0.000351
2.23 -0.000307
2.24 -0.000263
2.25 -0.000219
2.26 -0.000175
2.27 -0.000132
2.28 -0.000088
2.29 -0.000044
2.30 0.000001
2.31 0.000049
2.32 0.000099
2.33 0.000152
2.34 0.000206
2.35 0.000260
2.36 0.000315
2.37 0.000370
2.38 0.000425
2.39 0.000480
2.40 0.000534
2.41 0.000588
2.42 0.000642
2.43 0.000695
2.44 0.000748
2.45 0.000802
2.46 0.000857
2.47 0.000912
2.48 0.000968
2.49 0.001024
2.50 0.001080
2.51 0.001134
2.52 0.001187
2.53 0.001239
2.54 0.001291
2.55 0.001344
2.56 0.001398
2.57 0.001454
2.58 0.001514
2.59 0.001577
2.60 0.001643
2.61 0.001712
2.62 0.001783
2.63 0.001857
2.64 0.001932
2.65 0.002008
2.66 0.002084
2.67 0.002158
2.68 0.002230
2.69 0.002301
2.70 0.002369
2.71 0.002434
2.72 0.002496
2.73 0.002555
2.74 0.002613
2.75 0.002673
2.76 0.002735
2.77 0.002802
2.78 0.002873
2.79 0.002949
2.80 0.003028
2.81 0.003108
2.82 0.003187
2.83 0.003266
2.84 0.003345
2.85 0.003425
2.86 0.003507
2.87 0.003592
2.88 0.003680
2.89 0.003772
2.90 0.003869
2.91 0.003971
2.92 0.004079
2.93 0.004191
2.94 0.004306
2.95 0.004425
2.96 0.004546
2.97 0.004670
2.98 0.004797
2.99 0.004924
3.00 0.005051
3.01 0.005174
3.02 0.005293
3.03 0.005406
3.04 0.005518
3.05 0.005632
3.06 0.005752
3.07 0.005878
3.08 0.006007
3.09 0.006138
3.10 0.006270
3.11 0.006404
3.12 0.006541
3.13 0.006683
3.14 0.006830
3.15 0.006983
3.16 0.007142
3.17 0.007307
3.18 0.007476
3.19 0.007649
3.20 0.007825
3.21 0.008004
3.22 0.008187
3.23 0.008370
3.24 0.008550
3.25 0.008727
3.26 0.008901
3.27 0.009075
3.28 0.009250
3.29 0.009424
3.30 0.009597
3.31 0.009767
3.32 0.009937
3.33 0.010107
3.34 0.010281
3.35 0.010458
3.36 0.010638
3.37 0.010821
3.38 0.011005
3.39 0.011188
3.40 0.011370
3.41 0.011554
3.42 0.011744
3.43 0.011943
3.44 0.012150
3.45 0.012365
3.46 0.012587
3.47 0.012815
3.48 0.013048
3.49 0.013282
3.50 0.013514
3.51 0.013738
3.52 0.013954
3.53 0.014163
3.54 0.014365
3.55 0.014562
3.56 0.014755
3.57 0.014946
3.58 0.015133
3.59 0.015317
3.60 0.015499
3.61 0.015681
3.62 0.015866
3.63 0.016054
3.64 0.016248
3.65 0.016449
3.66 0.016655
3.67 0.016862
3.68 0.017066
3.69 0.017261
3.70 0.017446
3.71 0.017622
3.72 0.017790
3.73 0.017957
3.74 0.018128
3.75 0.018304
3.76 0.018488
3.77 0.018677
3.78 0.018871
3.79 0.019068
3.80 0.019268
3.81 0.019467
3.82 0.019657
3.83 0.019828
3.84 0.019973
3.85 0.020091
3.86 0.020189
3.87 0.020279
3.88 0.020371
3.89 0.020475
3.90 0.020592
3.91 0.020722
3.92 0.020861
3.93 0.021004
3.94 0.021151
3.95 0.021296
3.96 0.021438
3.97 0.021573
3.98 0.021700
3.99 0.021819
4.00 0.021934
4.01 0.022047
4.02 0.022164
4.03 0.022286
4.04 0.022413
4.05 0.022545
4.06 0.022679
4.07 0.022814
4.08 0.022947
4.09 0.023074
4.10 0.023188
4.11 0.023282
4.12 0.023351
4.13 0.023395
4.14 0.023418
4.15 0.023433
4.16 0.023448
4.17 0.023472
4.18 0.023513
4.19 0.023575
4.20 0.023656
4.21 0.023750
4.22 0.023851
4.23 0.023953
4.24 0.024053
4.25 0.024151
4.26 0.024245
4.27 0.024331
4.28 0.024403
4.29 0.024459
4.30 0.024498
4.31 0.024519
4.32 0.024526
4.33 0.024515
4.34 0.024485
4.35 0.024435
4.36 0.024367
4.37 0.024290
4.38 0.024215
4.39 0.024156
4.40 0.024124
4.41 0.024121
4.42 0.024144
4.43 0.024184
4.44 0.024228
4.45 0.024256
4.46 0.024253
4.47 0.024205
4.48 0.024105
4.49 0.023950
4.50 0.023741
4.51 0.023483
4.52 0.023189
4.53 0.022871
4.54 0.022548
4.55 0.022235
4.56 0.021948
4.57 0.021702
4.58 0.021508
4.59 0.021371
4.60 0.021290
4.61 0.021257
4.62 0.021260
4.63 0.021288
4.64 0.021334
4.65 0.021394
4.66 0.021458
4.67 0.021513
4.68 0.021539
4.69 0.021514
4.70 0.021416
4.71 0.021227
4.72 0.020933
4.73 0.020528
4.74 0.020016
4.75 0.019408
4.76 0.018717
4.77 0.017956
4.78 0.017136
4.79 0.016265
4.80 0.015344
4.81 0.014372
4.82 0.013338
4.83 0.012233
4.84 0.011059
4.85 0.009830
4.86 0.008568
4.87 0.007292
4.88 0.006018
4.89 0.004747
4.90 0.003480
4.91 0.002214
4.92 0.000951
4.93 -0.000304
4.94 -0.001544
4.95 -0.002771
4.96 -0.003996
4.97 -0.005241
4.98 -0.006525
4.99 -0.007864
5.00 -0.009262
5.01 -0.010716
5.02 -0.012222
5.03 -0.013772
5.04 -0.015347
5.05 -0.016920
5.06 -0.018455
5.07 -0.019918
5.08 -0.021285
5.09 -0.022550
5.10 -0.023726
5.11 -0.024835
5.12 -0.025893
5.13 -0.026904
5.14 -0.027864
5.15 -0.028766
5.16 -0.029607
5.17 -0.030389
5.18 -0.031115
5.19 -0.031786
5.20 -0.032407
5.21 -0.032991
5.22 -0.033558
5.23 -0.034133
5.24 -0.034733
5.25 -0.035371
5.26 -0.036050
5.27 -0.036772
5.28 -0.037534
5.29 -0.038340
5.30 -0.039193
5.31 -0.040091
5.32 -0.041025
5.33 -0.041977
5.34 -0.042921
5.35 -0.043840
5.36 -0.044721
5.37 -0.045555
5.38 -0.046332
5.39 -0.047041
5.40 -0.047677
5.41 -0.048246
5.42 -0.048768
5.43 -0.049267
5.44 -0.049767
5.45 -0.050287
5.46 -0.050831
5.47 -0.051392
5.48 -0.051950
5.49 -0.052476
5.50 -0.052941
5.51 -0.053324
5.52 -0.053616
5.53 -0.053822
5.54 -0.053954
5.55 -0.054028
5.56 -0.054052
5.57 -0.054035
5.58 -0.053980
5.59 -0.053896
5.60 -0.053785
5.61 -0.053647
5.62 -0.053473
5.63 -0.053250
5.64 -0.052966
5.65 -0.052607
5.66 -0.052160
5.67 -0.051610
5.68 -0.050948
5.69 -0.050174
5.70 -0.049300
5.71 -0.048339
5.72 -0.047301
5.73 -0.046190
5.74 -0.045006
5.75 -0.043746
5.76 -0.042404
5.77 -0.040982
5.78 -0.039486
5.79 -0.037933
5.80 -0.036338
5.81 -0.034714
5.82 -0.033066
5.83 -0.031383
5.84 -0.029644
5.85 -0.027819
5.86 -0.025872
5.87 -0.023772
5.88 -0.021496
5.89 -0.019031
5.90 -0.016385
5.91 -0.013578
5.92 -0.010645
5.93 -0.007630
5.94 -0.004578
5.95 -0.001537
5.96 0.001448
5.97 0.004339
5.98 0.007107
5.99 0.009728
6.00 0.012190
6.01 0.014488
6.02 0.016624
6.03 0.018606
6.04 0.020441
6.05 0.022133
6.06 0.023679
6.07 0.025070
6.08 0.026301
6.09 0.027386
6.10 0.028362
6.11 0.029280
6.12 0.030195
6.13 0.031152
6.14 0.032184
6.15 0.033307
6.16 0.034521
6.17 0.035816
6.18 0.037180
6.19 0.038606
6.20 0.040088
6.21 0.041621
6.22 0.043198
6.23 0.044803
6.24 0.046417
6.25 0.048017
6.26 0.049579
6.27 0.051082
6.28 0.052509
6.29 0.053845
6.30 0.055076
6.31 0.056186
6.32 0.057165
6.33 0.058009
6.34 0.058724
6.35 0.059329
6.36 0.059840
6.37 0.060272
6.38 0.060633
6.39 0.060928
6.40 0.061159
6.41 0.061336
6.42 0.061475
6.43 0.061599
6.44 0.061737
6.45 0.061912
6.46 0.062141
6.47 0.062426
6.48 0.062762
6.49 0.063135
6.50 0.063530
6.51 0.063930
6.52 0.064318
6.53 0.064671
6.54 0.064963
6.55 0.065170
6.56 0.065273
6.57 0.065268
6.58 0.065167
6.59 0.064999
6.60 0.064802
6.61 0.064610
6.62 0.064445
6.63 0.064317
6.64 0.064223
6.65 0.064155
6.66 0.064098
6.67 0.064034
6.68 0.063941
6.69 0.063802
6.70 0.063601
6.71 0.063322
6.72 0.062948
6.73 0.062454
6.74 0.061817
6.75 0.061021
6.76 0.060054
6.77 0.058917
6.78 0.057620
6.79 0.056181
6.80 0.054620
6.81 0.052956
6.82 0.051195
6.83 0.049340
6.84 0.047387
6.85 0.045332
6.86 0.043173
6.87 0.040904
6.88 0.038517
6.89 0.036005
6.90 0.033368
6.91 0.030607
6.92 0.027723
6.93 0.024711
6.94 0.021561
6.95 0.018262
6.96 0.014804
6.97 0.011183
6.98 0.007394
6.99 0.003435
7.00 -0.000682
7.01 -0.004920
7.02 -0.009211
7.03 -0.013459
7.04 -0.017551
7.05 -0.021380
7.06 -0.024854
7.07 -0.027909
7.08 -0.030510
7.09 -0.032650
7.10 -0.034345
7.11 -0.035632
7.12 -0.036559
7.13 -0.037181
7.14 -0.037545
7.15 -0.037694
7.16 -0.037672
7.17 -0.037539
7.18 -0.037360
7.19 -0.037191
7.20 -0.037073
7.21 -0.037029
7.22 -0.037072
7.23 -0.037206
7.24 -0.037426
7.25 -0.037722
7.26 -0.038080
7.27 -0.038491
7.28 -0.038952
7.29 -0.039473
7.30 -0.040084
7.31 -0.040821
7.32 -0.041723
7.33 -0.042813
7.34 -0.044094
7.35 -0.045548
7.36 -0.047148
7.37 -0.048869
7.38 -0.050698
7.39 -0.052634
7.40 -0.054687
7.41 -0.056868
7.42 -0.059186
7.43 -0.061643
7.44 -0.064230
7.45 -0.066928
7.46 -0.069718
7.47 -0.072585
7.48 -0.075520
7.49 -0.078508
7.50 -0.081531
7.51 -0.084562
7.52 -0.087563
7.53 -0.090492
7.54 -0.093303
7.55 -0.095956
7.56 -0.098417
7.57 -0.100667
7.58 -0.102693
7.59 -0.104491
7.60 -0.106054
7.61 -0.107378
7.62 -0.108460
7.63 -0.109308
7.64 -0.109945
7.65 -0.110408
7.66 -0.110747
7.67 -0.111010
7.68 -0.111236
7.69 -0.111455
7.70 -0.111685
7.71 -0.111933
7.72 -0.112194
7.73 -0.112460
7.74 -0.112718
7.75 -0.112961
7.76 -0.113188
7.77 -0.113398
7.78 -0.113600
7.79 -0.113806
7.80 -0.114034
7.81 -0.114309
7.82 -0.114647
7.83 -0.115053
7.84 -0.115504
7.85 -0.115955
7.86 -0.116347
7.87 -0.116631
7.88 -0.116766
7.89 -0.116720
7.90 -0.116464
7.91 -0.115968
7.92 -0.115212
7.93 -0.114185
7.94 -0.112887
7.95 -0.111320
7.96 -0.109486
7.97 -0.107381
7.98 -0.105003
7.99 -0.102353
8.00 -0.099449
8.01 -0.096331
8.02 -0.093056
8.03 -0.089683
8.04 -0.086260
8.05 -0.082825
8.06 -0.079412
8.07 -0.076057
8.08 -0.072798
8.09 -0.069679
8.10 -0.066745
8.11 -0.064031
8.12 -0.061556
8.13 -0.059324
8.14 -0.057324
8.15 -0.055538
8.16 -0.053957
8.17 -0.052580
8.18 -0.051414
8.19 -0.050470
8.20 -0.049760
8.21 -0.049292
8.22 -0.049074
8.23 -0.049111
8.24 -0.049410
8.25 -0.049975
8.26 -0.050808
8.27 -0.051909
8.28 -0.053264
8.29 -0.054850
8.30 -0.056625
8.31 -0.058538
8.32 -0.060533
8.33 -0.062553
8.34 -0.064541
8.35 -0.066448
8.36 -0.068232
8.37 -0.069859
8.38 -0.071299
8.39 -0.072526
8.40 -0.073522
8.41 -0.074284
8.42 -0.074822
8.43 -0.075152
8.44 -0.075290
8.45 -0.075247
8.46 -0.075024
8.47 -0.074611
8.48 -0.073988
8.49 -0.073127
8.50 -0.072009
8.51 -0.070633
8.52 -0.069012
8.53 -0.067170
8.54 -0.065133
8.55 -0.062924
8.56 -0.060562
8.57 -0.058065
8.58 -0.055456
8.59 -0.052757
8.60 -0.049992
8.61 -0.047179
8.62 -0.044338
8.63 -0.041490
8.64 -0.038657
8.65 -0.035872
8.66 -0.033175
8.67 -0.030612
8.68 -0.028224
8.69 -0.026038
8.70 -0.024071
8.71 -0.022331
8.72 -0.020824
8.73 -0.019545
8.74 -0.018484
8.75 -0.017621
8.76 -0.016928
8.77 -0.016372
8.78 -0.015918
8.79 -0.015529
8.80 -0.015174
8.81 -0.014826
8.82 -0.014464
8.83 -0.014078
8.84 -0.013670
8.85 -0.013258
8.86 -0.012867
8.87 -0.012523
8.88 -0.012245
8.89 -0.012040
8.90 -0.011908
8.91 -0.011844
8.92 -0.011834
8.93 -0.011860
8.94 -0.011902
8.95 -0.011948
8.96 -0.011990
8.97 -0.012028
8.98 -0.012071
8.99 -0.012137
9.00 -0.012249
9.01 -0.012431
9.02 -0.012702
9.03 -0.013068
9.04 -0.013528
9.05 -0.014071
9.06 -0.014675
9.07 -0.015311
9.08 -0.015937
9.09 -0.016516
9.10 -0.017010
9.11 -0.017388
9.12 -0.017623
9.13 -0.017689
9.14 -0.017565
9.15 -0.017243
9.16 -0.016728
9.17 -0.016040
9.18 -0.015203
9.19 -0.014252
9.20 -0.013229
9.21 -0.012180
9.22 -0.011143
9.23 -0.010147
9.24 -0.009205
9.25 -0.008315
9.26 -0.007463
9.27 -0.006623
9.28 -0.005751
9.29 -0.004794
9.30 -0.003693
9.31 -0.002398
9.32 -0.000869
9.33 0.000918
9.34 0.002971
9.35 0.005287
9.36 0.007850
9.37 0.010641
9.38 0.013642
9.39 0.016825
9.40 0.020156
9.41 0.023588
9.42 0.027077
9.43 0.030583
9.44 0.034080
9.45 0.037539
9.46 0.040927
9.47 0.044201
9.48 0.047320
9.49 0.050247
9.50 0.052951
9.51 0.055401
9.52 0.057570
9.53 0.059435
9.54 0.060993
9.55 0.062254
9.56 0.063235
9.57 0.063959
9.58 0.064451
9.59 0.064735
9.60 0.064840
9.61 0.064793
9.62 0.064623
9.63 0.064364
9.64 0.064050
9.65 0.063718
9.66 0.063403
9.67 0.063138
9.68 0.062942
9.69 0.062824
9.70 0.062782
9.71 0.062810
9.72 0.062907
9.73 0.063082
9.74 0.063346
9.75 0.063710
9.76 0.064173
9.77 0.064726
9.78 0.065349
9.79 0.066009
9.80 0.066681
9.81 0.067348
9.82 0.068014
9.83 0.068692
9.84 0.069401
9.85 0.070163
9.86 0.071006
9.87 0.071959
9.88 0.073045
9.89 0.074269
9.90 0.075609
9.91 0.077025
9.92 0.078466
9.93 0.079885
9.94 0.081237
9.95 0.082493
9.96 0.083630
9.97 0.084636
9.98 0.085511
9.99 0.086259
10.00 0.086894
10.01 0.087439
10.02 0.087918
10.03 0.088360
10.04 0.088784
10.05 0.089197
10.06 0.089596
10.07 0.089968
10.08 0.090288
10.09 0.090528
10.10 0.090654
10.11 0.090632
10.12 0.090428
10.13 0.090012
10.14 0.089358
10.15 0.088442
10.16 0.087248
10.17 0.085766
10.18 0.084005
10.19 0.081999
10.20 0.079813
10.21 0.077540
10.22 0.075281
10.23 0.073129
10.24 0.071146
10.25 0.069372
10.26 0.067825
10.27 0.066514
10.28 0.065436
10.29 0.064579
10.30 0.063910
10.31 0.063388
10.32 0.062967
10.33 0.062606
10.34 0.062277
10.35 0.061954
10.36 0.061610
10.37 0.061211
10.38 0.060727
10.39 0.060139
10.40 0.059440
10.41 0.058632
10.42 0.057721
10.43 0.056714
10.44 0.055616
10.45 0.054432
10.46 0.053171
10.47 0.051847
10.48 0.050485
10.49 0.049115
10.50 0.047763
10.51 0.046447
10.52 0.045183
10.53 0.043984
10.54 0.042867
10.55 0.041849
10.56 0.040946
10.57 0.040166
10.58 0.039511
10.59 0.038976
10.60 0.038547
10.61 0.038201
10.62 0.037915
10.63 0.037663
10.64 0.037422
10.65 0.037169
10.66 0.036888
10.67 0.036574
10.68 0.036239
10.69 0.035907
10.70 0.035610
10.71 0.035380
10.72 0.035245
10.73 0.035227
10.74 0.035350
10.75 0.035636
10.76 0.036106
10.77 0.036779
10.78 0.037673
10.79 0.038794
10.80 0.040138
10.81 0.041687
10.82 0.043407
10.83 0.045258
10.84 0.047199
10.85 0.049194
10.86 0.051213
10.87 0.053230
10.88 0.055226
10.89 0.057187
10.90 0.059106
10.91 0.060989
10.92 0.062846
10.93 0.064688
10.94 0.066515
10.95 0.068314
10.96 0.070063
10.97 0.071739
10.98 0.073327
10.99 0.074816
11.00 0.076198
11.01 0.077460
11.02 0.078583
11.03 0.079549
11.04 0.080343
11.05 0.080958
11.06 0.081390
11.07 0.081640
11.08 0.081709
11.09 0.081603
11.10 0.081329
11.11 0.080899
11.12 0.080327
11.13 0.079626
11.14 0.078805
11.15 0.077869
11.16 0.076818
11.17 0.075655
11.18 0.074380
11.19 0.072998
11.20 0.071519
11.21 0.069961
11.22 0.068354
11.23 0.066732
11.24 0.065130
11.25 0.063579
11.26 0.062103
11.27 0.060727
11.28 0.059478
11.29 0.058379
11.30 0.057458
11.31 0.056737
11.32 0.056236
11.33 0.055953
11.34 0.055858
11.35 0.055900
11.36 0.056030
11.37 0.056222
11.38 0.056473
11.39 0.056792
11.40 0.057182
11.41 0.057633
11.42 0.058123
11.43 0.058630
11.44 0.059134
11.45 0.059620
11.46 0.060080
11.47 0.060510
11.48 0.060910
11.49 0.061272
11.50 0.061584
11.51 0.061831
11.52 0.062007
11.53 0.062113
11.54 0.062154
11.55 0.062143
11.56 0.062092
11.57 0.062013
11.58 0.061921
11.59 0.061826
11.60 0.061735
11.61 0.061643
11.62 0.061550
11.63 0.061454
11.64 0.061355
11.65 0.061247
11.66 0.061114
11.67 0.060930
11.68 0.060663
11.69 0.060284
11.70 0.059768
11.71 0.059102
11.72 0.058285
11.73 0.057325
11.74 0.056229
11.75 0.054999
11.76 0.053634
11.77 0.052131
11.78 0.050495
11.79 0.048735
11.80 0.046859
11.81 0.044866
11.82 0.042750
11.83 0.040500
11.84 0.038113
11.85 0.035588
11.86 0.032932
11.87 0.030151
11.88 0.027254
11.89 0.024253
11.90 0.021167
11.91 0.018021
11.92 0.014835
11.93 0.011626
11.94 0.008402
11.95 0.005170
11.96 0.001942
11.97 -0.001268
11.98 -0.004437
11.99 -0.007544
12.00 -0.010573
12.01 -0.013512
12.02 -0.016354
12.03 -0.019090
12.04 -0.021716
12.05 -0.024233
12.06 -0.026645
12.07 -0.028963
12.08 -0.031195
12.09 -0.033349
12.10 -0.035425
12.11 -0.037426
12.12 -0.039357
12.13 -0.041232
12.14 -0.043068
12.15 -0.044879
12.16 -0.046674
12.17 -0.048452
12.18 -0.050207
12.19 -0.051927
12.20 -0.053606
12.21 -0.055238
12.22 -0.056821
12.23 -0.058352
12.24 -0.059827
12.25 -0.061238
12.26 -0.062578
12.27 -0.063842
12.28 -0.065029
12.29 -0.066142
12.30 -0.067188
12.31 -0.068171
12.32 -0.069094
12.33 -0.069958
12.34 -0.070761
12.35 -0.071500
12.36 -0.072169
12.37 -0.072765
12.38 -0.073284
12.39 -0.073724
12.40 -0.074086
12.41 -0.074375
12.42 -0.074595
12.43 -0.074749
12.44 -0.074840
12.45 -0.074871
12.46 -0.074851
12.47 -0.074796
12.48 -0.074727
12.49 -0.074668
12.50 -0.074643
12.51 -0.074671
12.52 -0.074765
12.53 -0.074934
12.54 -0.075183
12.55 -0.075521
12.56 -0.075956
12.57 -0.076491
12.58 -0.077116
12.59 -0.077813
12.60 -0.078558
12.61 -0.079334
12.62 -0.080131
12.63 -0.080947
12.64 -0.081781
12.65 -0.082627
12.66 -0.083472
12.67 -0.084302
12.68 -0.085099
12.69 -0.085844
12.70 -0.086512
12.71 -0.087083
12.72 -0.087540
12.73 -0.087882
12.74 -0.088117
12.75 -0.088262
12.76 -0.088332
12.77 -0.088342
12.78 -0.088307
12.79 -0.088244
12.80 -0.088170
12.81 -0.088099
12.82 -0.088041
12.83 -0.088001
12.84 -0.087975
12.85 -0.087956
12.86 -0.087929
12.87 -0.087881
12.88 -0.087805
12.89 -0.087706
12.90 -0.087595
12.91 -0.087486
12.92 -0.087386
12.93 -0.087298
12.94 -0.087223
12.95 -0.087165
12.96 -0.087123
12.97 -0.087088
12.98 -0.087041
12.99 -0.086960
13.00 -0.086830
13.01 -0.086655
13.02 -0.086445
13.03 -0.086214
13.04 -0.085967
13.05 -0.085704
13.06 -0.085425
13.07 -0.085132
13.08 -0.084833
13.09 -0.084536
13.10 -0.084241
13.11 -0.083944
13.12 -0.083636
13.13 -0.083306
13.14 -0.082946
13.15 -0.082548
13.16 -0.082103
13.17 -0.081603
13.18 -0.081039
13.19 -0.080405
13.20 -0.079700
13.21 -0.078927
13.22 -0.078095
13.23 -0.077215
13.24 -0.076298
13.25 -0.075353
13.26 -0.074387
13.27 -0.073406
13.28 -0.072412
13.29 -0.071406
13.30 -0.070386
13.31 -0.069349
13.32 -0.068299
13.33 -0.067242
13.34 -0.066190
13.35 -0.065156
13.36 -0.064149
13.37 -0.063179
13.38 -0.062246
13.39 -0.061348
13.40 -0.060480
13.41 -0.059638
13.42 -0.058814
13.43 -0.057996
13.44 -0.057173
13.45 -0.056332
13.46 -0.055463
13.47 -0.054561
13.48 -0.053623
13.49 -0.052643
13.50 -0.051613
13.51 -0.050527
13.52 -0.049378
13.53 -0.048167
13.54 -0.046889
13.55 -0.045543
13.56 -0.044129
13.57 -0.042649
13.58 -0.041106
13.59 -0.039499
13.60 -0.037828
13.61 -0.036093
13.62 -0.034297
13.63 -0.032450
13.64 -0.030565
13.65 -0.028657
13.66 -0.026737
13.67 -0.024815
13.68 -0.022898
13.69 -0.020992
13.70 -0.019103
13.71 -0.017239
13.72 -0.015407
13.73 -0.013606
13.74 -0.011832
13.75 -0.010076
13.76 -0.008333
13.77 -0.006600
13.78 -0.004881
13.79 -0.003181
13.80 -0.001501
13.81 0.000154
13.82 0.001778
13.83 0.003367
13.84 0.004912
13.85 0.006408
13.86 0.007855
13.87 0.009256
13.88 0.010616
13.89 0.011945
13.90 0.013249
13.91 0.014535
13.92 0.015805
13.93 0.017056
13.94 0.018289
13.95 0.019501
13.96 0.020692
13.97 0.021862
13.98 0.023010
13.99 0.024131
14.00 0.025219
14.01 0.026270
14.02 0.027279
14.03 0.028246
14.04 0.029171
14.05 0.030055
14.06 0.030898
14.07 0.031699
14.08 0.032451
14.09 0.033146
14.10 0.033778
14.11 0.034344
14.12 0.034838
14.13 0.035258
14.14 0.035598
14.15 0.035855
14.16 0.036024
14.17 0.036104
14.18 0.036097
14.19 0.036011
14.20 0.035859
14.21 0.035660
14.22 0.035427
14.23 0.035177
14.24 0.034921
14.25 0.034669
14.26 0.034428
14.27 0.034202
14.28 0.033990
14.29 0.033790
14.30 0.033598
14.31 0.033406
14.32 0.033207
14.33 0.032997
14.34 0.032776
14.35 0.032552
14.36 0.032335
14.37 0.032140
14.38 0.031982
14.39 0.031874
14.40 0.031824
14.41 0.031836
14.42 0.031907
14.43 0.032031
14.44 0.032203
14.45 0.032422
14.46 0.032684
14.47 0.032991
14.48 0.033344
14.49 0.033751
14.50 0.034220
14.51 0.034762
14.52 0.035385
14.53 0.036093
14.54 0.036886
14.55 0.037762
14.56 0.038717
14.57 0.039745
14.58 0.040842
14.59 0.042003
14.60 0.043223
14.61 0.044496
14.62 0.045815
14.63 0.047175
14.64 0.048569
14.65 0.049992
14.66 0.051441
14.67 0.052912
14.68 0.054400
14.69 0.055898
14.70 0.057395
14.71 0.058883
14.72 0.060351
14.73 0.061791
14.74 0.063191
14.75 0.064544
14.76 0.065847
14.77 0.067099
14.78 0.068304
14.79 0.069466
14.80 0.070589
14.81 0.071680
14.82 0.072749
14.83 0.073804
14.84 0.074853
14.85 0.075897
14.86 0.076933
14.87 0.077955
14.88 0.078956
14.89 0.079925
14.90 0.080856
14.91 0.081743
14.92 0.082582
14.93 0.083372
14.94 0.084114
14.95 0.084811
14.96 0.085464
14.97 0.086077
14.98 0.086649
14.99 0.087177
15.00 0.087658
15.01 0.088088
15.02 0.088463
15.03 0.088785
15.04 0.089059
15.05 0.089296
15.06 0.089509
15.07 0.089709
15.08 0.089904
15.09 0.090102
15.10 0.090308
15.11 0.090524
15.12 0.090747
15.13 0.090971
15.14 0.091187
15.15 0.091385
15.16 0.091553
15.17 0.091687
15.18 0.091784
15.19 0.091849
15.20 0.091887
15.21 0.091903
15.22 0.091902
15.23 0.091890
15.24 0.091870
15.25 0.091846
15.26 0.091817
15.27 0.091784
15.28 0.091745
15.29 0.091702
15.30 0.091653
15.31 0.091596
15.32 0.091527
15.33 0.091444
15.34 0.091347
15.35 0.091239
15.36 0.091127
15.37 0.091014
15.38 0.090907
15.39 0.090809
15.40 0.090721
15.41 0.090641
15.42 0.090559
15.43 0.090468
15.44 0.090357
15.45 0.090213
15.46 0.090021
15.47 0.089762
15.48 0.089420
15.49 0.088980
15.50 0.088431
15.51 0.087760
15.52 0.086959
15.53 0.086019
15.54 0.084933
15.55 0.083695
15.56 0.082305
15.57 0.080769
15.58 0.079102
15.59 0.077327
15.60 0.075468
15.61 0.073555
15.62 0.071610
15.63 0.069654
15.64 0.067706
15.65 0.065779
15.66 0.063887
15.67 0.062042
15.68 0.060253
15.69 0.058520
15.70 0.056839
15.71 0.055195
15.72 0.053575
15.73 0.051963
15.74 0.050352
15.75 0.048737
15.76 0.047112
15.77 0.045472
15.78 0.043815
15.79 0.042145
15.80 0.040475
15.81 0.038817
15.82 0.037186
15.83 0.035590
15.84 0.034037
15.85 0.032529
15.86 0.031067
15.87 0.029647
15.88 0.028260
15.89 0.026893
15.90 0.025534
15.91 0.024172
15.92 0.022796
15.93 0.021397
15.94 0.019966
15.95 0.018500
15.96 0.017002
15.97 0.015480
15.98 0.013950
15.99 0.012426
16.00 0.010921
16.01 0.009446
16.02 0.008009
16.03 0.006623
16.04 0.005296
16.05 0.004032
16.06 0.002826
16.07 0.001667
16.08 0.000541
16.09 -0.000559
16.10 -0.001638
16.11 -0.002692
16.12 -0.003721
16.13 -0.004725
16.14 -0.005709
16.15 -0.006681
16.16 -0.007654
16.17 -0.008641
16.18 -0.009656
16.19 -0.010707
16.20 -0.011805
16.21 -0.012963
16.22 -0.014190
16.23 -0.015496
16.24 -0.016887
16.25 -0.018360
16.26 -0.019910
16.27 -0.021526
16.28 -0.023201
16.29 -0.024929
16.30 -0.026709
16.31 -0.028543
16.32 -0.030435
16.33 -0.032388
16.34 -0.034398
16.35 -0.036455
16.36 -0.038543
16.37 -0.040649
16.38 -0.042761
16.39 -0.044868
16.40 -0.046965
16.41 -0.049045
16.42 -0.051104
16.43 -0.053139
16.44 -0.055154
16.45 -0.057151
16.46 -0.059137
16.47 -0.061118
16.48 -0.063099
16.49 -0.065084
16.50 -0.067075
16.51 -0.069068
16.52 -0.071058
16.53 -0.073038
16.54 -0.075001
16.55 -0.076940
16.56 -0.078847
16.57 -0.080713
16.58 -0.082528
16.59 -0.084284
16.60 -0.085973
16.61 -0.087588
16.62 -0.089125
16.63 -0.090584
16.64 -0.091967
16.65 -0.093280
16.66 -0.094533
16.67 -0.095736
16.68 -0.096898
16.69 -0.098028
16.70 -0.099134
16.71 -0.100226
16.72 -0.101311
16.73 -0.102394
16.74 -0.103473
16.75 -0.104548
16.76 -0.105612
16.77 -0.106661
16.78 -0.107686
16.79 -0.108676
16.80 -0.109621
16.81 -0.110508
16.82 -0.111326
16.83 -0.112066
16.84 -0.112720
16.85 -0.113288
16.86 -0.113779
16.87 -0.114205
16.88 -0.114582
16.89 -0.114925
16.90 -0.115245
16.91 -0.115553
16.92 -0.115855
16.93 -0.116155
16.94 -0.116451
16.95 -0.116736
16.96 -0.117004
16.97 -0.117249
16.98 -0.117475
16.99 -0.117689
17.00 -0.117904
17.01 -0.118135
17.02 -0.118392
17.03 -0.118680
17.04 -0.118996
17.05 -0.119335
17.06 -0.119690
17.07 -0.120055
17.08 -0.120425
17.09 -0.120795
17.10 -0.121160
17.11 -0.121513
17.12 -0.121847
17.13 -0.122154
17.14 -0.122426
17.15 -0.122658
17.16 -0.122850
17.17 -0.123001
17.18 -0.123110
17.19 -0.123173
17.20 -0.123180
17.21 -0.123119
17.22 -0.122972
17.23 -0.122727
17.24 -0.122374
17.25 -0.121911
17.26 -0.121341
17.27 -0.120666
17.28 -0.119889
17.29 -0.119014
17.30 -0.118044
17.31 -0.116982
17.32 -0.115834
17.33 -0.114604
17.34 -0.113293
17.35 -0.111906
17.36 -0.110446
17.37 -0.108925
17.38 -0.107353
17.39 -0.105745
17.40 -0.104113
17.41 -0.102468
17.42 -0.100824
17.43 -0.099193
17.44 -0.097590
17.45 -0.096029
17.46 -0.094518
17.47 -0.093060
17.48 -0.091653
17.49 -0.090290
17.50 -0.088965
17.51 -0.087670
17.52 -0.086397
17.53 -0.085137
17.54 -0.083873
17.55 -0.082590
17.56 -0.081273
17.57 -0.079910
17.58 -0.078493
17.59 -0.077014
17.60 -0.075473
17.61 -0.073871
17.62 -0.072213
17.63 -0.070511
17.64 -0.068777
17.65 -0.067027
17.66 -0.065277
17.67 -0.063537
17.68 -0.061814
17.69 -0.060108
17.70 -0.058415
17.71 -0.056728
17.72 -0.055038
17.73 -0.053332
17.74 -0.051595
17.75 -0.049816
17.76 -0.047990
17.77 -0.046118
17.78 -0.044206
17.79 -0.042267
17.80 -0.040317
17.81 -0.038371
17.82 -0.036448
17.83 -0.034566
17.84 -0.032740
17.85 -0.030982
17.86 -0.029302
17.87 -0.027708
17.88 -0.026199
17.89 -0.024768
17.90 -0.023406
17.91 -0.022099
17.92 -0.020837
17.93 -0.019611
17.94 -0.018409
17.95 -0.017220
17.96 -0.016035
17.97 -0.014845
17.98 -0.013644
17.99 -0.012426
18.00 -0.011188
18.01 -0.009926
18.02 -0.008638
18.03 -0.007326
18.04 -0.005997
18.05 -0.004662
18.06 -0.003339
18.07 -0.002046
18.08 -0.000799
18.09 0.000386
18.10 0.001499
18.11 0.002530
18.12 0.003474
18.13 0.004329
18.14 0.005097
18.15 0.005786
18.16 0.006406
18.17 0.006970
18.18 0.007492
18.19 0.007986
18.20 0.008469
18.21 0.008959
18.22 0.009473
18.23 0.010023
18.24 0.010617
18.25 0.011258
18.26 0.011943
18.27 0.012668
18.28 0.013423
18.29 0.014203
18.30 0.014997
18.31 0.015798
18.32 0.016596
18.33 0.017383
18.34 0.018149
18.35 0.018882
18.36 0.019573
18.37 0.020216
18.38 0.020810
18.39 0.021361
18.40 0.021878
18.41 0.022372
18.42 0.022858
18.43 0.023344
18.44 0.023839
18.45 0.024350
18.46 0.024883
18.47 0.025446
18.48 0.026044
18.49 0.026677
18.50 0.027338
18.51 0.028023
18.52 0.028723
18.53 0.029434
18.54 0.030151
18.55 0.030869
18.56 0.031586
18.57 0.032303
18.58 0.033020
18.59 0.033738
18.60 0.034462
18.61 0.035191
18.62 0.035929
18.63 0.036674
18.64 0.037427
18.65 0.038188
18.66 0.038958
18.67 0.039737
18.68 0.040528
18.69 0.041332
18.70 0.042152
18.71 0.042990
18.72 0.043845
18.73 0.044717
18.74 0.045602
18.75 0.046497
18.76 0.047395
18.77 0.048292
18.78 0.049181
18.79 0.050059
18.80 0.050919
18.81 0.051757
18.82 0.052567
18.83 0.053347
18.84 0.054093
18.85 0.054802
18.86 0.055470
18.87 0.056093
18.88 0.056671
18.89 0.057204
18.90 0.057693
18.91 0.058141
18.92 0.058554
18.93 0.058943
18.94 0.059321
18.95 0.059705
18.96 0.060110
18.97 0.060546
18.98 0.061025
18.99 0.061552
19.00 0.062135
19.01 0.062776
19.02 0.063478
19.03 0.064239
19.04 0.065058
19.05 0.065930
19.06 0.066851
19.07 0.067813
19.08 0.068809
19.09 0.069830
19.10 0.070869
19.11 0.071915
19.12 0.072959
19.13 0.073986
19.14 0.074985
19.15 0.075948
19.16 0.076867
19.17 0.077744
19.18 0.078580
19.19 0.079382
19.20 0.080156
19.21 0.080906
19.22 0.081635
19.23 0.082346
19.24 0.083043
19.25 0.083732
19.26 0.084413
19.27 0.085083
19.28 0.085735
19.29 0.086358
19.30 0.086942
19.31 0.087476
19.32 0.087955
19.33 0.088376
19.34 0.088741
19.35 0.089055
19.36 0.089325
19.37 0.089558
19.38 0.089761
19.39 0.089938
19.40 0.090091
19.41 0.090222
19.42 0.090327
19.43 0.090403
19.44 0.090447
19.45 0.090455
19.46 0.090421
19.47 0.090342
19.48 0.090212
19.49 0.090031
19.50 0.089795
19.51 0.089504
19.52 0.089153
19.53 0.088736
19.54 0.088248
19.55 0.087681
19.56 0.087027
19.57 0.086276
19.58 0.085419
19.59 0.084446
19.60 0.083353
19.61 0.082141
19.62 0.080814
19.63 0.079380
19.64 0.077858
19.65 0.076269
19.66 0.074642
19.67 0.073007
19.68 0.071390
19.69 0.069813
19.70 0.068286
19.71 0.066814
19.72 0.065393
19.73 0.064019
19.74 0.062682
19.75 0.061373
19.76 0.060080
19.77 0.058789
19.78 0.057485
19.79 0.056159
19.80 0.054803
19.81 0.053415
19.82 0.051993
19.83 0.050538
19.84 0.049053
19.85 0.047541
19.86 0.046008
19.87 0.044462
19.88 0.042914
19.89 0.041371
19.90 0.039843
19.91 0.038336
19.92 0.036855
19.93 0.035407
19.94 0.033997
19.95 0.032628
19.96 0.031302
19.97 0.030015
19.98 0.028765
19.99 0.027545
20.00 0.026352
20.01 0.025176
20.02 0.024008
20.03 0.022841
20.04 0.021668
20.05 0.020481
20.06 0.019277
20.07 0.018052
20.08 0.016805
20.09 0.015538
20.10 0.014253
20.11 0.012957
20.12 0.011654
20.13 0.010349
20.14 0.009047
20.15 0.007757
20.16 0.006484
20.17 0.005235
20.18 0.004011
20.19 0.002813
20.20 0.001640
20.21 0.000491
20.22 -0.000635
20.23 -0.001741
20.24 -0.002829
20.25 -0.003902
20.26 -0.004966
20.27 -0.006024
20.28 -0.007080
20.29 -0.008138
20.30 -0.009198
20.31 -0.010260
20.32 -0.011320
20.33 -0.012378
20.34 -0.013434
20.35 -0.014485
20.36 -0.015532
20.37 -0.016576
20.38 -0.017614
20.39 -0.018646
20.40 -0.019667
20.41 -0.020670
20.42 -0.021648
20.43 -0.022589
20.44 -0.023482
20.45 -0.024319
20.46 -0.025098
20.47 -0.025818
20.48 -0.026487
20.49 -0.027110
20.50 -0.027698
20.51 -0.028258
20.52 -0.028801
20.53 -0.029332
20.54 -0.029859
20.55 -0.030384
20.56 -0.030907
20.57 -0.031427
20.58 -0.031939
20.59 -0.032440
20.60 -0.032927
20.61 -0.033399
20.62 -0.033858
20.63 -0.034305
20.64 -0.034740
20.65 -0.035162
20.66 -0.035573
20.67 -0.035971
20.68 -0.036353
20.69 -0.036719
20.70 -0.037065
20.71 -0.037391
20.72 -0.037694
20.73 -0.037972
20.74 -0.038221
20.75 -0.038443
20.76 -0.038639
20.77 -0.038816
20.78 -0.038979
20.79 -0.039137
20.80 -0.039295
20.81 -0.039462
20.82 -0.039642
20.83 -0.039839
20.84 -0.040052
20.85 -0.040280
20.86 -0.040517
20.87 -0.040761
20.88 -0.041004
20.89 -0.041240
20.90 -0.041458
20.91 -0.041653
20.92 -0.041819
20.93 -0.041955
20.94 -0.042060
20.95 -0.042132
20.96 -0.042171
20.97 -0.042179
20.98 -0.042154
20.99 -0.042100
21.00 -0.042016
21.01 -0.041902
21.02 -0.041758
21.03 -0.041585
21.04 -0.041384
21.05 -0.041158
21.06 -0.040909
21.07 -0.040641
21.08 -0.040354
21.09 -0.040050
21.10 -0.039729
21.11 -0.039395
21.12 -0.039049
21.13 -0.038693
21.14 -0.038323
21.15 -0.037934
21.16 -0.037522
21.17 -0.037084
21.18 -0.036620
21.19 -0.036133
21.20 -0.035627
21.21 -0.035107
21.22 -0.034582
21.23 -0.034061
21.24 -0.033551
21.25 -0.033060
21.26 -0.032596
21.27 -0.032162
21.28 -0.031760
21.29 -0.031389
21.30 -0.031046
21.31 -0.030730
21.32 -0.030435
21.33 -0.030157
21.34 -0.029890
21.35 -0.029626
21.36 -0.029353
21.37 -0.029064
21.38 -0.028748
21.39 -0.028400
21.40 -0.028015
21.41 -0.027591
21.42 -0.027130
21.43 -0.026638
21.44 -0.026123
21.45 -0.025594
21.46 -0.025064
21.47 -0.024545
21.48 -0.024050
21.49 -0.023587
21.50 -0.023166
21.51 -0.022792
21.52 -0.022469
21.53 -0.022197
21.54 -0.021974
21.55 -0.021795
21.56 -0.021657
21.57 -0.021556
21.58 -0.021490
21.59 -0.021454
21.60 -0.021444
21.61 -0.021453
21.62 -0.021477
21.63 -0.021511
21.64 -0.021553
21.65 -0.021601
21.66 -0.021658
21.67 -0.021725
21.68 -0.021805
21.69 -0.021899
21.70 -0.022007
21.71 -0.022125
21.72 -0.022251
21.73 -0.022378
21.74 -0.022501
21.75 -0.022618
21.76 -0.022724
21.77 -0.022818
21.78 -0.022897
21.79 -0.022965
21.80 -0.023024
21.81 -0.023075
21.82 -0.023122
21.83 -0.023166
21.84 -0.023207
21.85 -0.023246
21.86 -0.023284
21.87 -0.023321
21.88 -0.023356
21.89 -0.023390
21.90 -0.023424
21.91 -0.023459
21.92 -0.023496
21.93 -0.023538
21.94 -0.023585
21.95 -0.023636
21.96 -0.023691
21.97 -0.023750
21.98 -0.023815
21.99 -0.023885
22.00 -0.023960
22.01 -0.024040
22.02 -0.024124
22.03 -0.024211
22.04 -0.024298
22.05 -0.024380
22.06 -0.024453
22.07 -0.024511
22.08 -0.024550
22.09 -0.024568
22.10 -0.024562
22.11 -0.024530
22.12 -0.024472
22.13 -0.024385
22.14 -0.024270
22.15 -0.024129
22.16 -0.023964
22.17 -0.023776
22.18 -0.023570
22.19 -0.023348
22.20 -0.023112
22.21 -0.022859
22.22 -0.022588
22.23 -0.022292
22.24 -0.021964
22.25 -0.021602
22.26 -0.021203
22.27 -0.020771
22.28 -0.020309
22.29 -0.019822
22.30 -0.019315
22.31 -0.018792
22.32 -0.018258
22.33 -0.017716
22.34 -0.017168
22.35 -0.016612
22.36 -0.016048
22.37 -0.015473
22.38 -0.014879
22.39 -0.014260
22.40 -0.013607
22.41 -0.012912
22.42 -0.012171
22.43 -0.011382
22.44 -0.010546
22.45 -0.009663
22.46 -0.008738
22.47 -0.007776
22.48 -0.006785
22.49 -0.005768
22.50 -0.004732
22.51 -0.003680
22.52 -0.002615
22.53 -0.001540
22.54 -0.000458
22.55 0.000630
22.56 0.001726
22.57 0.002827
22.58 0.003935
22.59 0.005049
22.60 0.006170
22.61 0.007295
22.62 0.008421
22.63 0.009545
22.64 0.010664
22.65 0.011774
22.66 0.012873
22.67 0.013959
22.68 0.015031
22.69 0.016091
22.70 0.017138
22.71 0.018177
22.72 0.019209
22.73 0.020238
22.74 0.021266
22.75 0.022297
22.76 0.023332
22.77 0.024374
22.78 0.025424
22.79 0.026481
22.80 0.027545
22.81 0.028613
22.82 0.029682
22.83 0.030746
22.84 0.031801
22.85 0.032841
22.86 0.033862
22.87 0.034864
22.88 0.035847
22.89 0.036811
22.90 0.037757
22.91 0.038686
22.92 0.039600
22.93 0.040497
22.94 0.041375
22.95 0.042230
22.96 0.043056
22.97 0.043846
22.98 0.044597
22.99 0.045307
23.00 0.045975
23.01 0.046601
23.02 0.047189
23.03 0.047740
23.04 0.048258
23.05 0.048743
23.06 0.049198
23.07 0.049622
23.08 0.050015
23.09 0.050375
23.10 0.050699
23.11 0.050986
23.12 0.051232
23.13 0.051439
23.14 0.051607
23.15 0.051743
23.16 0.051851
23.17 0.051937
23.18 0.052007
23.19 0.052063
23.20 0.052107
23.21 0.052139
23.22 0.052158
23.23 0.052161
23.24 0.052147
23.25 0.052114
23.26 0.052065
23.27 0.051998
23.28 0.051914
23.29 0.051811
23.30 0.051689
23.31 0.051547
23.32 0.051383
23.33 0.051196
23.34 0.050984
23.35 0.050746
23.36 0.050482
23.37 0.050194
23.38 0.049884
23.39 0.049556
23.40 0.049214
23.41 0.048863
23.42 0.048508
23.43 0.048153
23.44 0.047799
23.45 0.047446
23.46 0.047093
23.47 0.046741
23.48 0.046390
23.49 0.046038
23.50 0.045682
23.51 0.045319
23.52 0.044944
23.53 0.044554
23.54 0.044149
23.55 0.043730
23.56 0.043297
23.57 0.042850
23.58 0.042391
23.59 0.041921
23.60 0.041441
23.61 0.040955
23.62 0.040461
23.63 0.039961
23.64 0.039452
23.65 0.038932
23.66 0.038397
23.67 0.037846
23.68 0.037278
23.69 0.036693
23.70 0.036097
23.71 0.035493
23.72 0.034884
23.73 0.034276
23.74 0.033670
23.75 0.033069
23.76 0.032470
23.77 0.031871
23.78 0.031267
23.79 0.030653
23.80 0.030026
23.81 0.029382
23.82 0.028718
23.83 0.028034
23.84 0.027331
23.85 0.026614
23.86 0.025886
23.87 0.025155
23.88 0.024426
23.89 0.023706
23.90 0.022998
23.91 0.022302
23.92 0.021617
23.93 0.020941
23.94 0.020270
23.95 0.019605
23.96 0.018942
23.97 0.018281
23.98 0.017621
23.99 0.016962
24.00 0.016302
24.01 0.015643
24.02 0.014982
24.03 0.014320
24.04 0.013658
24.05 0.012996
24.06 0.012334
24.07 0.011674
24.08 0.011018
24.09 0.010367
24.10 0.009724
24.11 0.009092
24.12 0.008473
24.13 0.007869
24.14 0.007279
24.15 0.006699
24.16 0.006127
24.17 0.005562
24.18 0.005003
24.19 0.004455
24.20 0.003920
24.21 0.003400
24.22 0.002898
24.23 0.002412
24.24 0.001940
24.25 0.001482
24.26 0.001037
24.27 0.000606
24.28 0.000191
24.29 -0.000205
24.30 -0.000583
24.31 -0.000944
24.32 -0.001289
24.33 -0.001619
24.34 -0.001934
24.35 -0.002238
24.36 -0.002533
24.37 -0.002821
24.38 -0.003107
24.39 -0.003394
24.40 -0.003681
24.41 -0.003968
24.42 -0.004252
24.43 -0.004530
24.44 -0.004799
24.45 -0.005059
24.46 -0.005310
24.47 -0.005552
24.48 -0.005787
24.49 -0.006015
24.50 -0.006239
24.51 -0.006460
24.52 -0.006678
24.53 -0.006896
24.54 -0.007115
24.55 -0.007337
24.56 -0.007564
24.57 -0.007799
24.58 -0.008044
24.59 -0.008298
24.60 -0.008562
24.61 -0.008834
24.62 -0.009110
24.63 -0.009384
24.64 -0.009649
24.65 -0.009899
24.66 -0.010128
24.67 -0.010333
24.68 -0.010512
24.69 -0.010663
24.70 -0.010786
24.71 -0.010886
24.72 -0.010968
24.73 -0.011037
24.74 -0.011099
24.75 -0.011157
24.76 -0.011215
24.77 -0.011275
24.78 -0.011340
24.79 -0.011412
24.80 -0.011488
24.81 -0.011568
24.82 -0.011652
24.83 -0.011742
24.84 -0.011839
24.85 -0.011946
24.86 -0.012062
24.87 -0.012191
24.88 -0.012334
24.89 -0.012496
24.90 -0.012679
24.91 -0.012884
24.92 -0.013112
24.93 -0.013361
24.94 -0.013631
24.95 -0.013919
24.96 -0.014224
24.97 -0.014546
24.98 -0.014887
24.99 -0.015247
25.00 -0.015628
25.01 -0.016031
25.02 -0.016454
25.03 -0.016896
25.04 -0.017352
25.05 -0.017816
25.06 -0.018283
25.07 -0.018748
25.08 -0.019207
25.09 -0.019659
25.10 -0.020104
25.11 -0.020542
25.12 -0.020974
25.13 -0.021400
25.14 -0.021821
25.15 -0.022239
25.16 -0.022654
25.17 -0.023066
25.18 -0.023476
25.19 -0.023881
25.20 -0.024280
25.21 -0.024671
25.22 -0.025053
25.23 -0.025426
25.24 -0.025789
25.25 -0.026141
25.26 -0.026481
25.27 -0.026808
25.28 -0.027122
25.29 -0.027424
25.30 -0.027711
25.31 -0.027983
25.32 -0.028238
25.33 -0.028478
25.34 -0.028702
25.35 -0.028913
25.36 -0.029113
25.37 -0.029304
25.38 -0.029488
25.39 -0.029668
25.40 -0.029845
25.41 -0.030020
25.42 -0.030195
25.43 -0.030369
25.44 -0.030540
25.45 -0.030709
25.46 -0.030874
25.47 -0.031035
25.48 -0.031191
25.49 -0.031341
25.50 -0.031484
25.51 -0.031620
25.52 -0.031748
25.53 -0.031869
25.54 -0.031982
25.55 -0.032088
25.56 -0.032188
25.57 -0.032282
25.58 -0.032373
25.59 -0.032462
25.60 -0.032552
25.61 -0.032644
25.62 -0.032739
25.63 -0.032836
25.64 -0.032935
25.65 -0.033036
25.66 -0.033136
25.67 -0.033237
25.68 -0.033339
25.69 -0.033444
25.70 -0.033551
25.71 -0.033660
25.72 -0.033774
25.73 -0.033893
25.74 -0.034017
25.75 -0.034145
25.76 -0.034274
25.77 -0.034404
25.78 -0.034532
25.79 -0.034656
25.80 -0.034775
25.81 -0.034886
25.82 -0.034987
25.83 -0.035079
25.84 -0.035160
25.85 -0.035229
25.86 -0.035284
25.87 -0.035324
25.88 -0.035346
25.89 -0.035346
25.90 -0.035321
25.91 -0.035269
25.92 -0.035188
25.93 -0.035079
25.94 -0.034942
25.95 -0.034778
25.96 -0.034587
25.97 -0.034372
25.98 -0.034134
25.99 -0.033874
26.00 -0.033593
26.01 -0.033294
26.02 -0.032977
26.03 -0.032641
26.04 -0.032285
26.05 -0.031908
26.06 -0.031509
26.07 -0.031087
26.08 -0.030645
26.09 -0.030183
26.10 -0.029704
26.11 -0.029210
26.12 -0.028704
26.13 -0.028191
26.14 -0.027672
26.15 -0.027154
26.16 -0.026638
26.17 -0.026129
26.18 -0.025627
26.19 -0.025132
26.20 -0.024640
26.21 -0.024145
26.22 -0.023642
26.23 -0.023126
26.24 -0.022592
26.25 -0.022038
26.26 -0.021463
26.27 -0.020869
26.28 -0.020256
26.29 -0.019626
26.30 -0.018981
26.31 -0.018324
26.32 -0.017656
26.33 -0.016977
26.34 -0.016288
26.35 -0.015588
26.36 -0.014878
26.37 -0.014158
26.38 -0.013428
26.39 -0.012689
26.40 -0.011943
26.41 -0.011194
26.42 -0.010446
26.43 -0.009704
26.44 -0.008967
26.45 -0.008235
26.46 -0.007506
26.47 -0.006781
26.48 -0.006061
26.49 -0.005345
26.50 -0.004637
26.51 -0.003939
26.52 -0.003252
26.53 -0.002578
26.54 -0.001919
26.55 -0.001276
26.56 -0.000649
26.57 -0.000037
26.58 0.000561
26.59 0.001149
26.60 0.001728
26.61 0.002295
26.62 0.002851
26.63 0.003392
26.64 0.003919
26.65 0.004429
26.66 0.004921
26.67 0.005395
26.68 0.005851
26.69 0.006290
26.70 0.006713
26.71 0.007124
26.72 0.007523
26.73 0.007912
26.74 0.008293
26.75 0.008668
26.76 0.009036
26.77 0.009397
26.78 0.009749
26.79 0.010092
26.80 0.010422
26.81 0.010740
26.82 0.011043
26.83 0.011328
26.84 0.011594
26.85 0.011840
26.86 0.012067
26.87 0.012276
26.88 0.012469
26.89 0.012649
26.90 0.012818
26.91 0.012977
26.92 0.013129
26.93 0.013271
26.94 0.013403
26.95 0.013524
26.96 0.013633
26.97 0.013729
26.98 0.013810
26.99 0.013879
27.00 0.013934
27.01 0.013977
27.02 0.014007
27.03 0.014026
27.04 0.014037
27.05 0.014042
27.06 0.014044
27.07 0.014043
27.08 0.014041
27.09 0.014038
27.10 0.014035
27.11 0.014032
27.12 0.014030
27.13 0.014028
27.14 0.014027
27.15 0.014028
27.16 0.014031
27.17 0.014036
27.18 0.014043
27.19 0.014054
27.20 0.014069
27.21 0.014089
27.22 0.014113
27.23 0.014141
27.24 0.014171
27.25 0.014204
27.26 0.014241
27.27 0.014282
27.28 0.014325
27.29 0.014371
27.30 0.014420
27.31 0.014470
27.32 0.014519
27.33 0.014567
27.34 0.014613
27.35 0.014657
27.36 0.014702
27.37 0.014748
27.38 0.014797
27.39 0.014850
27.40 0.014909
27.41 0.014974
27.42 0.015043
27.43 0.015117
27.44 0.015195
27.45 0.015277
27.46 0.015361
27.47 0.015444
27.48 0.015522
27.49 0.015592
27.50 0.015652
27.51 0.015702
27.52 0.015740
27.53 0.015769
27.54 0.015790
27.55 0.015808
27.56 0.015822
27.57 0.015834
27.58 0.015846
27.59 0.015860
27.60 0.015877
27.61 0.015897
27.62 0.015918
27.63 0.015937
27.64 0.015953
27.65 0.015963
27.66 0.015967
27.67 0.015964
27.68 0.015952
27.69 0.015934
27.70 0.015910
27.71 0.015880
27.72 0.015846
27.73 0.015805
27.74 0.015759
27.75 0.015706
27.76 0.015647
27.77 0.015582
27.78 0.015511
27.79 0.015433
27.80 0.015349
27.81 0.015258
27.82 0.015162
27.83 0.015062
27.84 0.014961
27.85 0.014861
27.86 0.014765
27.87 0.014675
27.88 0.014592
27.89 0.014514
27.90 0.014442
27.91 0.014375
27.92 0.014311
27.93 0.014248
27.94 0.014184
27.95 0.014118
27.96 0.014048
27.97 0.013975
27.98 0.013900
27.99 0.013823
28.00 0.013746
28.01 0.013669
28.02 0.013591
28.03 0.013512
28.04 0.013433
28.05 0.013355
28.06 0.013277
28.07 0.013201
28.08 0.013128
28.09 0.013059
28.10 0.012996
28.11 0.012936
28.12 0.012878
28.13 0.012818
28.14 0.012754
28.15 0.012684
28.16 0.012606
28.17 0.012517
28.18 0.012416
28.19 0.012306
28.20 0.012188
28.21 0.012068
28.22 0.011949
28.23 0.011837
28.24 0.011734
28.25 0.011643
28.26 0.011563
28.27 0.011492
28.28 0.011429
28.29 0.011372
28.30 0.011320
28.31 0.011272
28.32 0.011224
28.33 0.011176
28.34 0.011128
28.35 0.011079
28.36 0.011030
28.37 0.010978
28.38 0.010924
28.39 0.010863
28.40 0.010794
28.41 0.010713
28.42 0.010618
28.43 0.010506
28.44 0.010377
28.45 0.010232
28.46 0.010070
28.47 0.009894
28.48 0.009703
28.49 0.009499
28.50 0.009284
28.51 0.009059
28.52 0.008825
28.53 0.008583
28.54 0.008334
28.55 0.008079
28.56 0.007819
28.57 0.007557
28.58 0.007291
28.59 0.007025
28.60 0.006758
28.61 0.006489
28.62 0.006217
28.63 0.005939
28.64 0.005653
28.65 0.005356
28.66 0.005046
28.67 0.004724
28.68 0.004388
28.69 0.004040
28.70 0.003681
28.71 0.003313
28.72 0.002935
28.73 0.002547
28.74 0.002147
28.75 0.001736
28.76 0.001314
28.77 0.000881
28.78 0.000436
28.79 -0.000018
28.80 -0.000478
28.81 -0.000941
28.82 -0.001405
28.83 -0.001867
28.84 -0.002325
28.85 -0.002778
28.86 -0.003226
28.87 -0.003671
28.88 -0.004113
28.89 -0.004552
28.90 -0.004988
28.91 -0.005422
28.92 -0.005853
28.93 -0.006282
28.94 -0.006707
28.95 -0.007128
28.96 -0.007543
28.97 -0.007952
28.98 -0.008354
28.99 -0.008746
29.00 -0.009128
29.01 -0.009497
29.02 -0.009853
29.03 -0.010196
29.04 -0.010522
29.05 -0.010830
29.06 -0.011119
29.07 -0.011390
29.08 -0.011643
29.09 -0.011881
29.10 -0.012108
29.11 -0.012326
29.12 -0.012537
29.13 -0.012744
29.14 -0.012949
29.15 -0.013153
29.16 -0.013359
29.17 -0.013569
29.18 -0.013786
29.19 -0.014009
29.20 -0.014238
29.21 -0.014471
29.22 -0.014705
29.23 -0.014936
29.24 -0.015159
29.25 -0.015372
29.26 -0.015573
29.27 -0.015764
29.28 -0.015947
29.29 -0.016124
29.30 -0.016297
29.31 -0.016469
29.32 -0.016640
29.33 -0.016809
29.34 -0.016977
29.35 -0.017141
29.36 -0.017300
29.37 -0.017456
29.38 -0.017606
29.39 -0.017751
29.40 -0.017888
29.41 -0.018019
29.42 -0.018142
29.43 -0.018256
29.44 -0.018359
29.45 -0.018449
29.46 -0.018525
29.47 -0.018590
29.48 -0.018645
29.49 -0.018693
29.50 -0.018734
29.51 -0.018772
29.52 -0.018808
29.53 -0.018847
29.54 -0.018891
29.55 -0.018941
29.56 -0.018996
29.57 -0.019055
29.58 -0.019116
29.59 -0.019178
29.60 -0.019238
29.61 -0.019296
29.62 -0.019349
29.63 -0.019397
29.64 -0.019438
29.65 -0.019470
29.66 -0.019491
29.67 -0.019499
29.68 -0.019494
29.69 -0.019474
29.70 -0.019440
29.71 -0.019395
29.72 -0.019339
29.73 -0.019278
29.74 -0.019213
29.75 -0.019146
29.76 -0.019080
29.77 -0.019016
29.78 -0.018955
29.79 -0.018896
29.80 -0.018836
29.81 -0.018770
29.82 -0.018697
29.83 -0.018614
29.84 -0.018520
29.85 -0.018417
29.86 -0.018304
29.87 -0.018181
29.88 -0.018050
29.89 -0.017909
29.90 -0.017761
29.91 -0.017607
29.92 -0.017447
29.93 -0.017282
29.94 -0.017109
29.95 -0.016927
29.96 -0.016738
29.97 -0.016542
29.98 -0.016339
29.99 -0.016130
30.00 -0.015916
30.01 -0.015697
30.02 -0.015474
30.03 -0.015248
30.04 -0.015020
30.05 -0.014791
30.06 -0.014561
30.07 -0.014331
30.08 -0.014104
30.09 -0.013881
30.10 -0.013664
30.11 -0.013454
30.12 -0.013252
30.13 -0.013058
30.14 -0.012872
30.15 -0.012693
30.16 -0.012520
30.17 -0.012354
30.18 -0.012194
30.19 -0.012041
30.20 -0.011894
30.21 -0.011754
30.22 -0.011620
30.23 -0.011491
30.24 -0.011366
30.25 -0.011243
30.26 -0.011120
30.27 -0.010995
30.28 -0.010867
30.29 -0.010734
30.30 -0.010595
30.31 -0.010451
30.32 -0.010304
30.33 -0.010154
30.34 -0.010003
30.35 -0.009850
30.36 -0.009696
30.37 -0.009540
30.38 -0.009383
30.39 -0.009221
30.40 -0.009056
30.41 -0.008886
30.42 -0.008714
30.43 -0.008542
30.44 -0.008371
30.45 -0.008203
30.46 -0.008038
30.47 -0.007877
30.48 -0.007718
30.49 -0.007559
30.50 -0.007397
30.51 -0.007229
30.52 -0.007053
30.53 -0.006868
30.54 -0.006674
30.55 -0.006468
30.56 -0.006252
30.57 -0.006026
30.58 -0.005790
30.59 -0.005544
30.60 -0.005289
30.61 -0.005026
30.62 -0.004758
30.63 -0.004485
30.64 -0.004208
30.65 -0.003928
30.66 -0.003645
30.67 -0.003359
30.68 -0.003071
30.69 -0.002781
30.70 -0.002489
30.71 -0.002194
30.72 -0.001896
30.73 -0.001594
30.74 -0.001289
30.75 -0.000980
30.76 -0.000666
30.77 -0.000348
30.78 -0.000026
30.79 0.000297
30.80 0.000621
30.81 0.000945
30.82 0.001267
30.83 0.001585
30.84 0.001901
30.85 0.002211
30.86 0.002517
30.87 0.002819
30.88 0.003118
30.89 0.003416
30.90 0.003714
30.91 0.004013
30.92 0.004311
30.93 0.004609
30.94 0.004905
30.95 0.005199
30.96 0.005488
30.97 0.005771
30.98 0.006046
30.99 0.006311
31.00 0.006566
31.01 0.006810
31.02 0.007043
31.03 0.007267
31.04 0.007484
31.05 0.007697
31.06 0.007907
31.07 0.008115
31.08 0.008322
31.09 0.008525
31.10 0.008726
31.11 0.008924
31.12 0.009118
31.13 0.009309
31.14 0.009496
31.15 0.009679
31.16 0.009858
31.17 0.010035
31.18 0.010208
31.19 0.010379
31.20 0.010548
31.21 0.010716
31.22 0.010884
31.23 0.011055
31.24 0.011230
31.25 0.011411
31.26 0.011596
31.27 0.011787
31.28 0.011981
31.29 0.012177
31.30 0.012371
31.31 0.012564
31.32 0.012752
31.33 0.012934
31.34 0.013109
31.35 0.013277
31.36 0.013438
31.37 0.013593
31.38 0.013743
31.39 0.013888
31.40 0.014029
31.41 0.014166
31.42 0.014297
31.43 0.014421
31.44 0.014535
31.45 0.014639
31.46 0.014733
31.47 0.014819
31.48 0.014898
31.49 0.014973
31.50 0.015045
31.51 0.015117
31.52 0.015191
31.53 0.015265
31.54 0.015341
31.55 0.015416
31.56 0.015489
31.57 0.015559
31.58 0.015624
31.59 0.015682
31.60 0.015734
31.61 0.015779
31.62 0.015817
31.63 0.015849
31.64 0.015876
31.65 0.015900
31.66 0.015922
31.67 0.015943
31.68 0.015962
31.69 0.015980
31.70 0.015998
31.71 0.016014
31.72 0.016030
31.73 0.016046
31.74 0.016063
31.75 0.016081
31.76 0.016101
31.77 0.016121
31.78 0.016143
31.79 0.016166
31.80 0.016190
31.81 0.016212
31.82 0.016231
31.83 0.016245
31.84 0.016250
31.85 0.016246
31.86 0.016230
31.87 0.016202
31.88 0.016161
31.89 0.016106
31.90 0.016039
31.91 0.015962
31.92 0.015875
31.93 0.015783
31.94 0.015687
31.95 0.015587
31.96 0.015484
31.97 0.015378
31.98 0.015268
31.99 0.015154
32.00 0.015036
32.01 0.014911
32.02 0.014778
32.03 0.014636
32.04 0.014485
32.05 0.014323
32.06 0.014149
32.07 0.013964
32.08 0.013769
32.09 0.013566
32.10 0.013356
32.11 0.013142
32.12 0.012923
32.13 0.012703
32.14 0.012481
32.15 0.012262
32.16 0.012048
32.17 0.011841
32.18 0.011642
32.19 0.011449
32.20 0.011262
32.21 0.011082
32.22 0.010909
32.23 0.010743
32.24 0.010585
32.25 0.010433
32.26 0.010289
32.27 0.010152
32.28 0.010020
32.29 0.009895
32.30 0.009776
32.31 0.009665
32.32 0.009560
32.33 0.009460
32.34 0.009364
32.35 0.009270
32.36 0.009179
32.37 0.009090
32.38 0.009000
32.39 0.008907
32.40 0.008811
32.41 0.008711
32.42 0.008605
32.43 0.008494
32.44 0.008381
32.45 0.008265
32.46 0.008148
32.47 0.008030
32.48 0.007913
32.49 0.007797
32.50 0.007684
32.51 0.007576
32.52 0.007471
32.53 0.007370
32.54 0.007272
32.55 0.007176
32.56 0.007084
32.57 0.006995
32.58 0.006908
32.59 0.006821
32.60 0.006733
32.61 0.006644
32.62 0.006554
32.63 0.006465
32.64 0.006377
32.65 0.006291
32.66 0.006210
32.67 0.006134
32.68 0.006065
32.69 0.006004
32.70 0.005954
32.71 0.005913
32.72 0.005880
32.73 0.005854
32.74 0.005833
32.75 0.005814
32.76 0.005797
32.77 0.005777
32.78 0.005753
32.79 0.005721
32.80 0.005681
32.81 0.005633
32.82 0.005574
32.83 0.005506
32.84 0.005430
32.85 0.005348
32.86 0.005261
32.87 0.005171
32.88 0.005081
32.89 0.004991
32.90 0.004904
32.91 0.004820
32.92 0.004742
32.93 0.004670
32.94 0.004606
32.95 0.004549
32.96 0.004500
32.97 0.004456
32.98 0.004415
32.99 0.004372
33.00 0.004325
33.01 0.004268
33.02 0.004200
33.03 0.004115
33.04 0.004015
33.05 0.003899
33.06 0.003768
33.07 0.003626
33.08 0.003473
33.09 0.003314
33.10 0.003149
33.11 0.002982
33.12 0.002813
33.13 0.002642
33.14 0.002466
33.15 0.002285
33.16 0.002097
33.17 0.001899
33.18 0.001688
33.19 0.001464
33.20 0.001224
33.21 0.000967
33.22 0.000692
33.23 0.000400
33.24 0.000094
33.25 -0.000220
33.26 -0.000537
33.27 -0.000853
33.28 -0.001166
33.29 -0.001472
33.30 -0.001770
33.31 -0.002058
33.32 -0.002335
33.33 -0.002603
33.34 -0.002862
33.35 -0.003113
33.36 -0.003357
33.37 -0.003595
33.38 -0.003826
33.39 -0.004049
33.40 -0.004265
33.41 -0.004473
33.42 -0.004672
33.43 -0.004863
33.44 -0.005046
33.45 -0.005223
33.46 -0.005393
33.47 -0.005559
33.48 -0.005722
33.49 -0.005883
33.50 -0.006044
33.51 -0.006204
33.52 -0.006365
33.53 -0.006524
33.54 -0.006683
33.55 -0.006838
33.56 -0.006988
33.57 -0.007133
33.58 -0.007272
33.59 -0.007406
33.60 -0.007533
33.61 -0.007656
33.62 -0.007776
33.63 -0.007894
33.64 -0.008011
33.65 -0.008126
33.66 -0.008241
33.67 -0.008355
33.68 -0.008466
33.69 -0.008573
33.70 -0.008672
33.71 -0.008762
33.72 -0.008842
33.73 -0.008913
33.74 -0.008973
33.75 -0.009022
33.76 -0.009062
33.77 -0.009092
33.78 -0.009116
33.79 -0.009134
33.80 -0.009149
33.81 -0.009159
33.82 -0.009167
33.83 -0.009172
33.84 -0.009176
33.85 -0.009177
33.86 -0.009176
33.87 -0.009172
33.88 -0.009166
33.89 -0.009159
33.90 -0.009150
33.91 -0.009139
33.92 -0.009128
33.93 -0.009116
33.94 -0.009101
33.95 -0.009085
33.96 -0.009066
33.97 -0.009045
33.98 -0.009022
33.99 -0.008995
34.00 -0.008964
34.01 -0.008929
34.02 -0.008890
34.03 -0.008847
34.04 -0.008801
34.05 -0.008755
34.06 -0.008710
34.07 -0.008670
34.08 -0.008636
34.09 -0.008609
34.10 -0.008588
34.11 -0.008569
34.12 -0.008553
34.13 -0.008536
34.14 -0.008517
34.15 -0.008495
34.16 -0.008470
34.17 -0.008445
34.18 -0.008419
34.19 -0.008395
34.20 -0.008372
34.21 -0.008351
34.22 -0.008331
34.23 -0.008312
34.24 -0.008295
34.25 -0.008279
34.26 -0.008262
34.27 -0.008246
34.28 -0.008231
34.29 -0.008219
34.30 -0.008214
34.31 -0.008218
34.32 -0.008232
34.33 -0.008258
34.34 -0.008294
34.35 -0.008338
34.36 -0.008387
34.37 -0.008439
34.38 -0.008493
34.39 -0.008547
34.40 -0.008599
34.41 -0.008646
34.42 -0.008688
34.43 -0.008725
34.44 -0.008758
34.45 -0.008787
34.46 -0.008812
34.47 -0.008833
34.48 -0.008847
34.49 -0.008855
34.50 -0.008856
34.51 -0.008848
34.52 -0.008832
34.53 -0.008808
34.54 -0.008775
34.55 -0.008733
34.56 -0.008682
34.57 -0.008620
34.58 -0.008547
34.59 -0.008462
34.60 -0.008364
34.61 -0.008252
34.62 -0.008124
34.63 -0.007979
34.64 -0.007819
34.65 -0.007644
34.66 -0.007457
34.67 -0.007259
34.68 -0.007053
34.69 -0.006840
34.70 -0.006622
34.71 -0.006401
34.72 -0.006177
34.73 -0.005952
34.74 -0.005725
34.75 -0.005498
34.76 -0.005273
34.77 -0.005049
34.78 -0.004829
34.79 -0.004612
34.80 -0.004396
34.81 -0.004183
34.82 -0.003972
34.83 -0.003764
34.84 -0.003559
34.85 -0.003355
34.86 -0.003152
34.87 -0.002950
34.88 -0.002750
34.89 -0.002551
34.90 -0.002354
34.91 -0.002158
34.92 -0.001963
34.93 -0.001772
34.94 -0.001585
34.95 -0.001405
34.96 -0.001233
34.97 -0.001069
34.98 -0.000914
34.99 -0.000767
35.00 -0.000627
35.01 -0.000493
35.02 -0.000365
35.03 -0.000243
35.04 -0.000129
35.05 -0.000023
35.06 0.000075
35.07 0.000165
35.08 0.000247
35.09 0.000323
35.10 0.000393
35.11 0.000457
35.12 0.000519
35.13 0.000580
35.14 0.000639
35.15 0.000699
35.16 0.000758
35.17 0.000816
35.18 0.000871
35.19 0.000924
35.20 0.000973
35.21 0.001017
35.22 0.001056
35.23 0.001089
35.24 0.001113
35.25 0.001130
35.26 0.001142
35.27 0.001147
35.28 0.001150
35.29 0.001150
35.30 0.001148
35.31 0.001145
35.32 0.001141
35.33 0.001135
35.34 0.001126
35.35 0.001114
35.36 0.001097
35.37 0.001076
35.38 0.001051
35.39 0.001023
35.40 0.000993
35.41 0.000964
35.42 0.000935
35.43 0.000907
35.44 0.000880
35.45 0.000856
35.46 0.000835
35.47 0.000817
35.48 0.000803
35.49 0.000792
35.50 0.000783
35.51 0.000777
35.52 0.000773
35.53 0.000771
35.54 0.000770
35.55 0.000768
35.56 0.000767
35.57 0.000767
35.58 0.000769
35.59 0.000776
35.60 0.000791
35.61 0.000814
35.62 0.000848
35.63 0.000890
35.64 0.000942
35.65 0.001002
35.66 0.001073
35.67 0.001153
35.68 0.001244
35.69 0.001343
35.70 0.001452
35.71 0.001568
35.72 0.001693
35.73 0.001826
35.74 0.001967
35.75 0.002117
35.76 0.002275
35.77 0.002442
35.78 0.002617
35.79 0.002800
35.80 0.002990
35.81 0.003186
35.82 0.003386
35.83 0.003590
35.84 0.003797
35.85 0.004009
35.86 0.004223
35.87 0.004440
35.88 0.004658
35.89 0.004877
35.90 0.005095
35.91 0.005313
35.92 0.005530
35.93 0.005747
35.94 0.005965
35.95 0.006182
35.96 0.006399
35.97 0.006614
35.98 0.006827
35.99 0.007036
36.00 0.007240
36.01 0.007439
36.02 0.007632
36.03 0.007818
36.04 0.007995
36.05 0.008163
36.06 0.008322
36.07 0.008471
36.08 0.008608
36.09 0.008733
36.10 0.008848
36.11 0.008955
36.12 0.009053
36.13 0.009145
36.14 0.009232
36.15 0.009314
36.16 0.009391
36.17 0.009466
36.18 0.009539
36.19 0.009610
36.20 0.009682
36.21 0.009753
36.22 0.009823
36.23 0.009889
36.24 0.009951
36.25 0.010007
36.26 0.010058
36.27 0.010101
36.28 0.010136
36.29 0.010162
36.30 0.010180
36.31 0.010187
36.32 0.010185
36.33 0.010175
36.34 0.010159
36.35 0.010136
36.36 0.010109
36.37 0.010076
36.38 0.010039
36.39 0.009999
36.40 0.009959
36.41 0.009920
36.42 0.009883
36.43 0.009850
36.44 0.009822
36.45 0.009799
36.46 0.009780
36.47 0.009763
36.48 0.009749
36.49 0.009737
36.50 0.009728
36.51 0.009720
36.52 0.009711
36.53 0.009699
36.54 0.009685
36.55 0.009669
36.56 0.009652
36.57 0.009633
36.58 0.009613
36.59 0.009589
36.60 0.009563
36.61 0.009534
36.62 0.009502
36.63 0.009468
36.64 0.009434
36.65 0.009400
36.66 0.009367
36.67 0.009333
36.68 0.009298
36.69 0.009260
36.70 0.009217
36.71 0.009169
36.72 0.009116
36.73 0.009056
36.74 0.008989
36.75 0.008915
36.76 0.008834
36.77 0.008744
36.78 0.008646
36.79 0.008541
36.80 0.008429
36.81 0.008310
36.82 0.008183
36.83 0.008049
36.84 0.007909
36.85 0.007763
36.86 0.007612
36.87 0.007458
36.88 0.007298
36.89 0.007132
36.90 0.006961
36.91 0.006784
36.92 0.006600
36.93 0.006408
36.94 0.006208
36.95 0.005999
36.96 0.005780
36.97 0.005550
36.98 0.005309
36.99 0.005059
37.00 0.004801
37.01 0.004538
37.02 0.004272
37.03 0.004002
37.04 0.003730
37.05 0.003457
37.06 0.003183
37.07 0.002908
37.08 0.002634
37.09 0.002360
37.10 0.002085
37.11 0.001809
37.12 0.001531
37.13 0.001251
37.14 0.000972
37.15 0.000693
37.16 0.000416
37.17 0.000141
37.18 -0.000131
37.19 -0.000400
37.20 -0.000665
37.21 -0.000923
37.22 -0.001174
37.23 -0.001417
37.24 -0.001648
37.25 -0.001869
37.26 -0.002077
37.27 -0.002272
37.28 -0.002454
37.29 -0.002623
37.30 -0.002780
37.31 -0.002927
37.32 -0.003063
37.33 -0.003189
37.34 -0.003304
37.35 -0.003409
37.36 -0.003505
37.37 -0.003593
37.38 -0.003674
37.39 -0.003749
37.40 -0.003818
37.41 -0.003878
37.42 -0.003931
37.43 -0.003975
37.44 -0.004011
37.45 -0.004037
37.46 -0.004054
37.47 -0.004064
37.48 -0.004066
37.49 -0.004062
37.50 -0.004053
37.51 -0.004041
37.52 -0.004025
37.53 -0.004006
37.54 -0.003982
37.55 -0.003955
37.56 -0.003925
37.57 -0.003893
37.58 -0.003859
37.59 -0.003825
37.60 -0.003789
37.61 -0.003755
37.62 -0.003722
37.63 -0.003693
37.64 -0.003668
37.65 -0.003647
37.66 -0.003632
37.67 -0.003623
37.68 -0.003616
37.69 -0.003612
37.70 -0.003607
37.71 -0.003602
37.72 -0.003595
37.73 -0.003586
37.74 -0.003575
37.75 -0.003562
37.76 -0.003549
37.77 -0.003534
37.78 -0.003520
37.79 -0.003506
37.80 -0.003493
37.81 -0.003481
37.82 -0.003468
37.83 -0.003454
37.84 -0.003438
37.85 -0.003420
37.86 -0.003401
37.87 -0.003381
37.88 -0.003361
37.89 -0.003342
37.90 -0.003324
37.91 -0.003307
37.92 -0.003293
37.93 -0.003282
37.94 -0.003275
37.95 -0.003271
37.96 -0.003269
37.97 -0.003269
37.98 -0.003274
37.99 -0.003282
38.00 -0.003293
38.01 -0.003305
38.02 -0.003319
38.03 -0.003335
38.04 -0.003354
38.05 -0.003374
38.06 -0.003396
38.07 -0.003421
38.08 -0.003449
38.09 -0.003483
38.10 -0.003522
38.11 -0.003568
38.12 -0.003620
38.13 -0.003679
38.14 -0.003742
38.15 -0.003809
38.16 -0.003877
38.17 -0.003946
38.18 -0.004017
38.19 -0.004087
38.20 -0.004156
38.21 -0.004224
38.22 -0.004291
38.23 -0.004358
38.24 -0.004426
38.25 -0.004495
38.26 -0.004565
38.27 -0.004636
38.28 -0.004709
38.29 -0.004784
38.30 -0.004859
38.31 -0.004934
38.32 -0.005009
38.33 -0.005084
38.34 -0.005159
38.35 -0.005234
38.36 -0.005309
38.37 -0.005386
38.38 -0.005465
38.39 -0.005547
38.40 -0.005632
38.41 -0.005718
38.42 -0.005806
38.43 -0.005894
38.44 -0.005981
38.45 -0.006068
38.46 -0.006154
38.47 -0.006238
38.48 -0.006319
38.49 -0.006398
38.50 -0.006472
38.51 -0.006543
38.52 -0.006610
38.53 -0.006675
38.54 -0.006738
38.55 -0.006798
38.56 -0.006854
38.57 -0.006908
38.58 -0.006958
38.59 -0.007004
38.60 -0.007044
38.61 -0.007078
38.62 -0.007106
38.63 -0.007127
38.64 -0.007142
38.65 -0.007153
38.66 -0.007157
38.67 -0.007157
38.68 -0.007153
38.69 -0.007145
38.70 -0.007134
38.71 -0.007120
38.72 -0.007103
38.73 -0.007085
38.74 -0.007063
38.75 -0.007038
38.76 -0.007008
38.77 -0.006975
38.78 -0.006939
38.79 -0.006900
38.80 -0.006858
38.81 -0.006813
38.82 -0.006764
38.83 -0.006712
38.84 -0.006656
38.85 -0.006596
38.86 -0.006531
38.87 -0.006461
38.88 -0.006386
38.89 -0.006306
38.90 -0.006221
38.91 -0.006131
38.92 -0.006038
38.93 -0.005941
38.94 -0.005842
38.95 -0.005741
38.96 -0.005641
38.97 -0.005540
38.98 -0.005438
38.99 -0.005336
39.00 -0.005233
39.01 -0.005131
39.02 -0.005029
39.03 -0.004927
39.04 -0.004825
39.05 -0.004724
39.06 -0.004621
39.07 -0.004518
39.08 -0.004415
39.09 -0.004310
39.10 -0.004204
39.11 -0.004097
39.12 -0.003987
39.13 -0.003876
39.14 -0.003762
39.15 -0.003646
39.16 -0.003526
39.17 -0.003403
39.18 -0.003279
39.19 -0.003153
39.20 -0.003025
39.21 -0.002896
39.22 -0.002768
39.23 -0.002640
39.24 -0.002513
39.25 -0.002387
39.26 -0.002261
39.27 -0.002136
39.28 -0.002011
39.29 -0.001887
39.30 -0.001764
39.31 -0.001642
39.32 -0.001521
39.33 -0.001401
39.34 -0.001284
39.35 -0.001168
39.36 -0.001053
39.37 -0.000940
39.38 -0.000829
39.39 -0.000718
39.40 -0.000610
39.41 -0.000503
39.42 -0.000398
39.43 -0.000295
39.44 -0.000194
39.45 -0.000096
39.46 -0.000001
39.47 0.000091
39.48 0.000180
39.49 0.000266
39.50 0.000350
39.51 0.000432
39.52 0.000512
39.53 0.000590
39.54 0.000666
39.55 0.000741
39.56 0.000815
39.57 0.000887
39.58 0.000958
39.59 0.001028
39.60 0.001098
39.61 0.001166
39.62 0.001234
39.63 0.001300
39.64 0.001366
39.65 0.001431
39.66 0.001496
39.67 0.001559
39.68 0.001621
39.69 0.001681
39.70 0.001740
39.71 0.001797
39.72 0.001852
39.73 0.001906
39.74 0.001959
39.75 0.002009
39.76 0.002059
39.77 0.002107
39.78 0.002155
39.79 0.002201
39.80 0.002247
39.81 0.002292
39.82 0.002337
39.83 0.002380
39.84 0.002424
39.85 0.002466
39.86 0.002507
39.87 0.002548
39.88 0.002587
39.89 0.002625
39.90 0.002662
39.91 0.002698
39.92 0.002733
39.93 0.002766
39.94 0.002799
39.95 0.002830
39.96 0.002860
39.97 0.002889
39.98 0.002917
39.99 0.002945
40.00 0.002971
