# ®É¶¡ (s)    ¦ì²¾ (m)
0.00 0.000000
0.01 0.000000
0.02 -0.000000
0.03 -0.000001
0.04 -0.000002
0.05 -0.000004
0.06 -0.000007
0.07 -0.000009
0.08 -0.000013
0.09 -0.000017
0.10 -0.000021
0.11 -0.000026
0.12 -0.000031
0.13 -0.000037
0.14 -0.000043
0.15 -0.000050
0.16 -0.000057
0.17 -0.000065
0.18 -0.000073
0.19 -0.000082
0.20 -0.000091
0.21 -0.000100
0.22 -0.000110
0.23 -0.000121
0.24 -0.000131
0.25 -0.000143
0.26 -0.000154
0.27 -0.000166
0.28 -0.000179
0.29 -0.000192
0.30 -0.000205
0.31 -0.000219
0.32 -0.000233
0.33 -0.000247
0.34 -0.000262
0.35 -0.000277
0.36 -0.000292
0.37 -0.000308
0.38 -0.000324
0.39 -0.000340
0.40 -0.000357
0.41 -0.000374
0.42 -0.000391
0.43 -0.000409
0.44 -0.000427
0.45 -0.000446
0.46 -0.000465
0.47 -0.000483
0.48 -0.000502
0.49 -0.000522
0.50 -0.000541
0.51 -0.000561
0.52 -0.000581
0.53 -0.000601
0.54 -0.000621
0.55 -0.000641
0.56 -0.000662
0.57 -0.000683
0.58 -0.000704
0.59 -0.000725
0.60 -0.000747
0.61 -0.000768
0.62 -0.000790
0.63 -0.000812
0.64 -0.000834
0.65 -0.000856
0.66 -0.000878
0.67 -0.000900
0.68 -0.000923
0.69 -0.000945
0.70 -0.000968
0.71 -0.000990
0.72 -0.001013
0.73 -0.001035
0.74 -0.001058
0.75 -0.001080
0.76 -0.001101
0.77 -0.001123
0.78 -0.001144
0.79 -0.001166
0.80 -0.001187
0.81 -0.001209
0.82 -0.001231
0.83 -0.001253
0.84 -0.001275
0.85 -0.001297
0.86 -0.001319
0.87 -0.001340
0.88 -0.001362
0.89 -0.001384
0.90 -0.001405
0.91 -0.001427
0.92 -0.001447
0.93 -0.001468
0.94 -0.001488
0.95 -0.001507
0.96 -0.001527
0.97 -0.001546
0.98 -0.001566
0.99 -0.001585
1.00 -0.001605
1.01 -0.001624
1.02 -0.001643
1.03 -0.001663
1.04 -0.001681
1.05 -0.001700
1.06 -0.001718
1.07 -0.001736
1.08 -0.001754
1.09 -0.001772
1.10 -0.001790
1.11 -0.001808
1.12 -0.001826
1.13 -0.001843
1.14 -0.001861
1.15 -0.001879
1.16 -0.001896
1.17 -0.001913
1.18 -0.001930
1.19 -0.001947
1.20 -0.001964
1.21 -0.001979
1.22 -0.001994
1.23 -0.002008
1.24 -0.002021
1.25 -0.002032
1.26 -0.002042
1.27 -0.002052
1.28 -0.002061
1.29 -0.002070
1.30 -0.002079
1.31 -0.002088
1.32 -0.002096
1.33 -0.002104
1.34 -0.002112
1.35 -0.002119
1.36 -0.002125
1.37 -0.002131
1.38 -0.002136
1.39 -0.002139
1.40 -0.002142
1.41 -0.002143
1.42 -0.002145
1.43 -0.002146
1.44 -0.002146
1.45 -0.002145
1.46 -0.002145
1.47 -0.002144
1.48 -0.002145
1.49 -0.002146
1.50 -0.002147
1.51 -0.002147
1.52 -0.002147
1.53 -0.002146
1.54 -0.002145
1.55 -0.002142
1.56 -0.002138
1.57 -0.002134
1.58 -0.002129
1.59 -0.002124
1.60 -0.002119
1.61 -0.002114
1.62 -0.002109
1.63 -0.002103
1.64 -0.002095
1.65 -0.002086
1.66 -0.002075
1.67 -0.002063
1.68 -0.002051
1.69 -0.002037
1.70 -0.002023
1.71 -0.002009
1.72 -0.001995
1.73 -0.001980
1.74 -0.001964
1.75 -0.001947
1.76 -0.001929
1.77 -0.001909
1.78 -0.001890
1.79 -0.001870
1.80 -0.001850
1.81 -0.001830
1.82 -0.001810
1.83 -0.001791
1.84 -0.001770
1.85 -0.001749
1.86 -0.001726
1.87 -0.001703
1.88 -0.001678
1.89 -0.001653
1.90 -0.001627
1.91 -0.001600
1.92 -0.001574
1.93 -0.001548
1.94 -0.001522
1.95 -0.001495
1.96 -0.001468
1.97 -0.001440
1.98 -0.001410
1.99 -0.001378
2.00 -0.001345
2.01 -0.001311
2.02 -0.001276
2.03 -0.001241
2.04 -0.001207
2.05 -0.001172
2.06 -0.001137
2.07 -0.001101
2.08 -0.001064
2.09 -0.001026
2.10 -0.000987
2.11 -0.000947
2.12 -0.000907
2.13 -0.000866
2.14 -0.000825
2.15 -0.000784
2.16 -0.000742
2.17 -0.000700
2.18 -0.000656
2.19 -0.000611
2.20 -0.000565
2.21 -0.000519
2.22 -0.000472
2.23 -0.000425
2.24 -0.000378
2.25 -0.000332
2.26 -0.000286
2.27 -0.000241
2.28 -0.000195
2.29 -0.000148
2.30 -0.000100
2.31 -0.000050
2.32 0.000003
2.33 0.000058
2.34 0.000115
2.35 0.000172
2.36 0.000230
2.37 0.000288
2.38 0.000346
2.39 0.000404
2.40 0.000461
2.41 0.000518
2.42 0.000575
2.43 0.000631
2.44 0.000688
2.45 0.000745
2.46 0.000803
2.47 0.000862
2.48 0.000922
2.49 0.000982
2.50 0.001041
2.51 0.001099
2.52 0.001155
2.53 0.001211
2.54 0.001267
2.55 0.001324
2.56 0.001382
2.57 0.001442
2.58 0.001506
2.59 0.001573
2.60 0.001643
2.61 0.001716
2.62 0.001792
2.63 0.001870
2.64 0.001949
2.65 0.002030
2.66 0.002110
2.67 0.002189
2.68 0.002265
2.69 0.002340
2.70 0.002413
2.71 0.002483
2.72 0.002550
2.73 0.002614
2.74 0.002677
2.75 0.002741
2.76 0.002808
2.77 0.002880
2.78 0.002956
2.79 0.003037
2.80 0.003121
2.81 0.003206
2.82 0.003291
2.83 0.003375
2.84 0.003459
2.85 0.003544
2.86 0.003631
2.87 0.003722
2.88 0.003815
2.89 0.003913
2.90 0.004015
2.91 0.004123
2.92 0.004237
2.93 0.004355
2.94 0.004476
2.95 0.004600
2.96 0.004727
2.97 0.004858
2.98 0.004991
2.99 0.005125
3.00 0.005257
3.01 0.005387
3.02 0.005512
3.03 0.005632
3.04 0.005751
3.05 0.005872
3.06 0.005998
3.07 0.006131
3.08 0.006267
3.09 0.006405
3.10 0.006544
3.11 0.006685
3.12 0.006829
3.13 0.006978
3.14 0.007133
3.15 0.007294
3.16 0.007461
3.17 0.007634
3.18 0.007810
3.19 0.007991
3.20 0.008175
3.21 0.008363
3.22 0.008554
3.23 0.008745
3.24 0.008934
3.25 0.009119
3.26 0.009302
3.27 0.009485
3.28 0.009669
3.29 0.009853
3.30 0.010035
3.31 0.010214
3.32 0.010393
3.33 0.010573
3.34 0.010756
3.35 0.010943
3.36 0.011133
3.37 0.011326
3.38 0.011520
3.39 0.011713
3.40 0.011905
3.41 0.012099
3.42 0.012300
3.43 0.012509
3.44 0.012727
3.45 0.012953
3.46 0.013186
3.47 0.013425
3.48 0.013669
3.49 0.013915
3.50 0.014158
3.51 0.014394
3.52 0.014621
3.53 0.014841
3.54 0.015056
3.55 0.015265
3.56 0.015470
3.57 0.015673
3.58 0.015872
3.59 0.016069
3.60 0.016263
3.61 0.016458
3.62 0.016655
3.63 0.016856
3.64 0.017063
3.65 0.017276
3.66 0.017495
3.67 0.017715
3.68 0.017931
3.69 0.018140
3.70 0.018338
3.71 0.018526
3.72 0.018708
3.73 0.018888
3.74 0.019072
3.75 0.019262
3.76 0.019459
3.77 0.019661
3.78 0.019868
3.79 0.020079
3.80 0.020292
3.81 0.020504
3.82 0.020708
3.83 0.020893
3.84 0.021052
3.85 0.021183
3.86 0.021295
3.87 0.021397
3.88 0.021503
3.89 0.021620
3.90 0.021750
3.91 0.021893
3.92 0.022045
3.93 0.022201
3.94 0.022360
3.95 0.022519
3.96 0.022673
3.97 0.022821
3.98 0.022961
3.99 0.023093
4.00 0.023220
4.01 0.023346
4.02 0.023475
4.03 0.023609
4.04 0.023749
4.05 0.023892
4.06 0.024039
4.07 0.024186
4.08 0.024331
4.09 0.024469
4.10 0.024595
4.11 0.024701
4.12 0.024782
4.13 0.024837
4.14 0.024872
4.15 0.024897
4.16 0.024923
4.17 0.024958
4.18 0.025010
4.19 0.025081
4.20 0.025173
4.21 0.025277
4.22 0.025388
4.23 0.025499
4.24 0.025609
4.25 0.025716
4.26 0.025820
4.27 0.025915
4.28 0.025997
4.29 0.026062
4.30 0.026109
4.31 0.026140
4.32 0.026154
4.33 0.026152
4.34 0.026130
4.35 0.026088
4.36 0.026027
4.37 0.025957
4.38 0.025889
4.39 0.025837
4.40 0.025810
4.41 0.025813
4.42 0.025842
4.43 0.025888
4.44 0.025936
4.45 0.025970
4.46 0.025972
4.47 0.025929
4.48 0.025833
4.49 0.025682
4.50 0.025476
4.51 0.025222
4.52 0.024930
4.53 0.024615
4.54 0.024293
4.55 0.023981
4.56 0.023694
4.57 0.023448
4.58 0.023253
4.59 0.023115
4.60 0.023033
4.61 0.022998
4.62 0.022999
4.63 0.023025
4.64 0.023069
4.65 0.023127
4.66 0.023189
4.67 0.023241
4.68 0.023264
4.69 0.023237
4.70 0.023136
4.71 0.022944
4.72 0.022646
4.73 0.022237
4.74 0.021720
4.75 0.021106
4.76 0.020408
4.77 0.019640
4.78 0.018811
4.79 0.017929
4.80 0.016998
4.81 0.016013
4.82 0.014965
4.83 0.013845
4.84 0.012654
4.85 0.011407
4.86 0.010125
4.87 0.008828
4.88 0.007530
4.89 0.006235
4.90 0.004942
4.91 0.003648
4.92 0.002355
4.93 0.001070
4.94 -0.000203
4.95 -0.001464
4.96 -0.002725
4.97 -0.004006
4.98 -0.005329
4.99 -0.006708
5.00 -0.008147
5.01 -0.009645
5.02 -0.011196
5.03 -0.012792
5.04 -0.014416
5.05 -0.016039
5.06 -0.017627
5.07 -0.019143
5.08 -0.020565
5.09 -0.021887
5.10 -0.023121
5.11 -0.024290
5.12 -0.025408
5.13 -0.026480
5.14 -0.027503
5.15 -0.028468
5.16 -0.029372
5.17 -0.030219
5.18 -0.031010
5.19 -0.031747
5.20 -0.032435
5.21 -0.033085
5.22 -0.033719
5.23 -0.034360
5.24 -0.035029
5.25 -0.035734
5.26 -0.036482
5.27 -0.037272
5.28 -0.038104
5.29 -0.038979
5.30 -0.039901
5.31 -0.040870
5.32 -0.041876
5.33 -0.042899
5.34 -0.043916
5.35 -0.044908
5.36 -0.045863
5.37 -0.046771
5.38 -0.047622
5.39 -0.048406
5.40 -0.049116
5.41 -0.049761
5.42 -0.050357
5.43 -0.050931
5.44 -0.051506
5.45 -0.052100
5.46 -0.052719
5.47 -0.053355
5.48 -0.053987
5.49 -0.054588
5.50 -0.055127
5.51 -0.055584
5.52 -0.055949
5.53 -0.056228
5.54 -0.056433
5.55 -0.056578
5.56 -0.056673
5.57 -0.056726
5.58 -0.056741
5.59 -0.056724
5.60 -0.056681
5.61 -0.056608
5.62 -0.056498
5.63 -0.056339
5.64 -0.056118
5.65 -0.055820
5.66 -0.055433
5.67 -0.054941
5.68 -0.054334
5.69 -0.053615
5.70 -0.052794
5.71 -0.051883
5.72 -0.050893
5.73 -0.049828
5.74 -0.048687
5.75 -0.047467
5.76 -0.046164
5.77 -0.044777
5.78 -0.043314
5.79 -0.041790
5.80 -0.040222
5.81 -0.038623
5.82 -0.036995
5.83 -0.035330
5.84 -0.033606
5.85 -0.031792
5.86 -0.029853
5.87 -0.027758
5.88 -0.025482
5.89 -0.023015
5.90 -0.020361
5.91 -0.017543
5.92 -0.014594
5.93 -0.011558
5.94 -0.008481
5.95 -0.005411
5.96 -0.002391
5.97 0.000539
5.98 0.003350
5.99 0.006019
6.00 0.008532
6.01 0.010886
6.02 0.013080
6.03 0.015124
6.04 0.017024
6.05 0.018785
6.06 0.020402
6.07 0.021865
6.08 0.023172
6.09 0.024335
6.10 0.025391
6.11 0.026391
6.12 0.027388
6.13 0.028430
6.14 0.029549
6.15 0.030761
6.16 0.032065
6.17 0.033453
6.18 0.034912
6.19 0.036435
6.20 0.038016
6.21 0.039651
6.22 0.041331
6.23 0.043042
6.24 0.044765
6.25 0.046476
6.26 0.048151
6.27 0.049768
6.28 0.051313
6.29 0.052768
6.30 0.054120
6.31 0.055353
6.32 0.056455
6.33 0.057424
6.34 0.058266
6.35 0.058997
6.36 0.059636
6.37 0.060197
6.38 0.060687
6.39 0.061110
6.40 0.061471
6.41 0.061777
6.42 0.062045
6.43 0.062299
6.44 0.062566
6.45 0.062872
6.46 0.063230
6.47 0.063645
6.48 0.064110
6.49 0.064613
6.50 0.065138
6.51 0.065668
6.52 0.066186
6.53 0.066669
6.54 0.067091
6.55 0.067428
6.56 0.067661
6.57 0.067785
6.58 0.067812
6.59 0.067772
6.60 0.067702
6.61 0.067635
6.62 0.067596
6.63 0.067592
6.64 0.067622
6.65 0.067677
6.66 0.067742
6.67 0.067798
6.68 0.067826
6.69 0.067806
6.70 0.067723
6.71 0.067561
6.72 0.067302
6.73 0.066922
6.74 0.066399
6.75 0.065713
6.76 0.064855
6.77 0.063824
6.78 0.062631
6.79 0.061293
6.80 0.059831
6.81 0.058262
6.82 0.056593
6.83 0.054826
6.84 0.052959
6.85 0.050986
6.86 0.048906
6.87 0.046711
6.88 0.044394
6.89 0.041948
6.90 0.039373
6.91 0.036669
6.92 0.033837
6.93 0.030873
6.94 0.027766
6.95 0.024505
6.96 0.021080
6.97 0.017486
6.98 0.013718
6.99 0.009774
7.00 0.005666
7.01 0.001431
7.02 -0.002864
7.03 -0.007121
7.04 -0.011230
7.05 -0.015081
7.06 -0.018583
7.07 -0.021670
7.08 -0.024309
7.09 -0.026491
7.10 -0.028231
7.11 -0.029565
7.12 -0.030543
7.13 -0.031217
7.14 -0.031635
7.15 -0.031838
7.16 -0.031874
7.17 -0.031798
7.18 -0.031676
7.19 -0.031566
7.20 -0.031507
7.21 -0.031524
7.22 -0.031628
7.23 -0.031825
7.24 -0.032109
7.25 -0.032469
7.26 -0.032894
7.27 -0.033372
7.28 -0.033902
7.29 -0.034494
7.30 -0.035176
7.31 -0.035986
7.32 -0.036964
7.33 -0.038132
7.34 -0.039492
7.35 -0.041028
7.36 -0.042713
7.37 -0.044522
7.38 -0.046441
7.39 -0.048471
7.40 -0.050620
7.41 -0.052901
7.42 -0.055322
7.43 -0.057887
7.44 -0.060584
7.45 -0.063396
7.46 -0.066304
7.47 -0.069294
7.48 -0.072355
7.49 -0.075473
7.50 -0.078631
7.51 -0.081800
7.52 -0.084944
7.53 -0.088020
7.54 -0.090981
7.55 -0.093788
7.56 -0.096407
7.57 -0.098818
7.58 -0.101008
7.59 -0.102971
7.60 -0.104702
7.61 -0.106196
7.62 -0.107450
7.63 -0.108471
7.64 -0.109281
7.65 -0.109919
7.66 -0.110433
7.67 -0.110871
7.68 -0.111272
7.69 -0.111667
7.70 -0.112072
7.71 -0.112495
7.72 -0.112932
7.73 -0.113373
7.74 -0.113807
7.75 -0.114226
7.76 -0.114628
7.77 -0.115014
7.78 -0.115390
7.79 -0.115771
7.80 -0.116175
7.81 -0.116624
7.82 -0.117137
7.83 -0.117717
7.84 -0.118342
7.85 -0.118967
7.86 -0.119533
7.87 -0.119991
7.88 -0.120299
7.89 -0.120426
7.90 -0.120341
7.91 -0.120015
7.92 -0.119428
7.93 -0.118568
7.94 -0.117435
7.95 -0.116030
7.96 -0.114354
7.97 -0.112405
7.98 -0.110178
7.99 -0.107676
8.00 -0.104915
8.01 -0.101936
8.02 -0.098795
8.03 -0.095550
8.04 -0.092251
8.05 -0.088934
8.06 -0.085633
8.07 -0.082385
8.08 -0.079228
8.09 -0.076208
8.10 -0.073366
8.11 -0.070739
8.12 -0.068348
8.13 -0.066196
8.14 -0.064271
8.15 -0.062558
8.16 -0.061046
8.17 -0.059735
8.18 -0.058633
8.19 -0.057750
8.20 -0.057098
8.21 -0.056688
8.22 -0.056525
8.23 -0.056616
8.24 -0.056968
8.25 -0.057586
8.26 -0.058471
8.27 -0.059624
8.28 -0.061032
8.29 -0.062671
8.30 -0.064500
8.31 -0.066468
8.32 -0.068520
8.33 -0.070597
8.34 -0.072644
8.35 -0.074610
8.36 -0.076455
8.37 -0.078144
8.38 -0.079647
8.39 -0.080936
8.40 -0.081995
8.41 -0.082820
8.42 -0.083420
8.43 -0.083811
8.44 -0.084009
8.45 -0.084025
8.46 -0.083860
8.47 -0.083504
8.48 -0.082934
8.49 -0.082125
8.50 -0.081057
8.51 -0.079727
8.52 -0.078149
8.53 -0.076347
8.54 -0.074347
8.55 -0.072170
8.56 -0.069836
8.57 -0.067363
8.58 -0.064774
8.59 -0.062090
8.60 -0.059335
8.61 -0.056528
8.62 -0.053688
8.63 -0.050836
8.64 -0.047995
8.65 -0.045197
8.66 -0.042482
8.67 -0.039898
8.68 -0.037483
8.69 -0.035268
8.70 -0.033267
8.71 -0.031491
8.72 -0.029943
8.73 -0.028622
8.74 -0.027516
8.75 -0.026605
8.76 -0.025863
8.77 -0.025257
8.78 -0.024750
8.79 -0.024307
8.80 -0.023896
8.81 -0.023491
8.82 -0.023072
8.83 -0.022626
8.84 -0.022158
8.85 -0.021684
8.86 -0.021230
8.87 -0.020822
8.88 -0.020478
8.89 -0.020206
8.90 -0.020007
8.91 -0.019875
8.92 -0.019796
8.93 -0.019752
8.94 -0.019725
8.95 -0.019700
8.96 -0.019670
8.97 -0.019637
8.98 -0.019608
8.99 -0.019601
9.00 -0.019640
9.01 -0.019749
9.02 -0.019947
9.03 -0.020240
9.04 -0.020626
9.05 -0.021096
9.06 -0.021628
9.07 -0.022191
9.08 -0.022746
9.09 -0.023253
9.10 -0.023676
9.11 -0.023984
9.12 -0.024148
9.13 -0.024143
9.14 -0.023948
9.15 -0.023555
9.16 -0.022968
9.17 -0.022207
9.18 -0.021296
9.19 -0.020270
9.20 -0.019171
9.21 -0.018044
9.22 -0.016928
9.23 -0.015852
9.24 -0.014829
9.25 -0.013856
9.26 -0.012922
9.27 -0.011997
9.28 -0.011040
9.29 -0.009997
9.30 -0.008809
9.31 -0.007425
9.32 -0.005806
9.33 -0.003928
9.34 -0.001780
9.35 0.000632
9.36 0.003293
9.37 0.006187
9.38 0.009292
9.39 0.012584
9.40 0.016026
9.41 0.019574
9.42 0.023182
9.43 0.026811
9.44 0.030434
9.45 0.034024
9.46 0.037545
9.47 0.040957
9.48 0.044216
9.49 0.047287
9.50 0.050136
9.51 0.052735
9.52 0.055054
9.53 0.057071
9.54 0.058782
9.55 0.060196
9.56 0.061331
9.57 0.062209
9.58 0.062854
9.59 0.063292
9.60 0.063549
9.61 0.063652
9.62 0.063632
9.63 0.063521
9.64 0.063354
9.65 0.063167
9.66 0.062995
9.67 0.062870
9.68 0.062814
9.69 0.062834
9.70 0.062929
9.71 0.063091
9.72 0.063322
9.73 0.063629
9.74 0.064024
9.75 0.064517
9.76 0.065109
9.77 0.065790
9.78 0.066539
9.79 0.067325
9.80 0.068121
9.81 0.068913
9.82 0.069702
9.83 0.070502
9.84 0.071332
9.85 0.072215
9.86 0.073177
9.87 0.074249
9.88 0.075453
9.89 0.076794
9.90 0.078251
9.91 0.079784
9.92 0.081343
9.93 0.082878
9.94 0.084347
9.95 0.085718
9.96 0.086970
9.97 0.088091
9.98 0.089079
9.99 0.089940
10.00 0.090686
10.01 0.091340
10.02 0.091929
10.03 0.092477
10.04 0.093005
10.05 0.093522
10.06 0.094023
10.07 0.094494
10.08 0.094912
10.09 0.095248
10.10 0.095468
10.11 0.095538
10.12 0.095423
10.13 0.095094
10.14 0.094523
10.15 0.093688
10.16 0.092571
10.17 0.091162
10.18 0.089470
10.19 0.087527
10.20 0.085400
10.21 0.083181
10.22 0.080971
10.23 0.078862
10.24 0.076918
10.25 0.075178
10.26 0.073661
10.27 0.072376
10.28 0.071321
10.29 0.070481
10.30 0.069828
10.31 0.069319
10.32 0.068906
10.33 0.068553
10.34 0.068228
10.35 0.067906
10.36 0.067561
10.37 0.067158
10.38 0.066668
10.39 0.066070
10.40 0.065358
10.41 0.064535
10.42 0.063605
10.43 0.062576
10.44 0.061452
10.45 0.060240
10.46 0.058946
10.47 0.057586
10.48 0.056184
10.49 0.054770
10.50 0.053371
10.51 0.052004
10.52 0.050685
10.53 0.049428
10.54 0.048250
10.55 0.047168
10.56 0.046198
10.57 0.045347
10.58 0.044620
10.59 0.044009
10.60 0.043502
10.61 0.043077
10.62 0.042709
10.63 0.042373
10.64 0.042046
10.65 0.041705
10.66 0.041335
10.67 0.040929
10.68 0.040501
10.69 0.040074
10.70 0.039680
10.71 0.039351
10.72 0.039115
10.73 0.038996
10.74 0.039016
10.75 0.039198
10.76 0.039562
10.77 0.040131
10.78 0.040919
10.79 0.041934
10.80 0.043174
10.81 0.044619
10.82 0.046235
10.83 0.047984
10.84 0.049824
10.85 0.051721
10.86 0.053642
10.87 0.055563
10.88 0.057464
10.89 0.059332
10.90 0.061160
10.91 0.062954
10.92 0.064723
10.93 0.066478
10.94 0.068220
10.95 0.069936
10.96 0.071603
10.97 0.073199
10.98 0.074708
10.99 0.076120
11.00 0.077426
11.01 0.078613
11.02 0.079662
11.03 0.080555
11.04 0.081277
11.05 0.081820
11.06 0.082180
11.07 0.082359
11.08 0.082357
11.09 0.082179
11.10 0.081833
11.11 0.081331
11.12 0.080685
11.13 0.079910
11.14 0.079014
11.15 0.078002
11.16 0.076874
11.17 0.075631
11.18 0.074276
11.19 0.072812
11.20 0.071250
11.21 0.069607
11.22 0.067913
11.23 0.066202
11.24 0.064511
11.25 0.062867
11.26 0.061298
11.27 0.059828
11.28 0.058482
11.29 0.057287
11.30 0.056268
11.31 0.055450
11.32 0.054851
11.33 0.054470
11.34 0.054277
11.35 0.054223
11.36 0.054257
11.37 0.054354
11.38 0.054512
11.39 0.054738
11.40 0.055037
11.41 0.055397
11.42 0.055799
11.43 0.056220
11.44 0.056639
11.45 0.057042
11.46 0.057420
11.47 0.057770
11.48 0.058091
11.49 0.058377
11.50 0.058614
11.51 0.058788
11.52 0.058892
11.53 0.058927
11.54 0.058900
11.55 0.058821
11.56 0.058703
11.57 0.058560
11.58 0.058404
11.59 0.058248
11.60 0.058096
11.61 0.057945
11.62 0.057794
11.63 0.057642
11.64 0.057488
11.65 0.057327
11.66 0.057142
11.67 0.056908
11.68 0.056593
11.69 0.056166
11.70 0.055604
11.71 0.054893
11.72 0.054032
11.73 0.053028
11.74 0.051890
11.75 0.050618
11.76 0.049211
11.77 0.047667
11.78 0.045989
11.79 0.044188
11.80 0.042270
11.81 0.040236
11.82 0.038077
11.83 0.035785
11.84 0.033353
11.85 0.030785
11.86 0.028083
11.87 0.025256
11.88 0.022311
11.89 0.019261
11.90 0.016125
11.91 0.012927
11.92 0.009688
11.93 0.006424
11.94 0.003144
11.95 -0.000145
11.96 -0.003433
11.97 -0.006703
11.98 -0.009934
11.99 -0.013104
12.00 -0.016197
12.01 -0.019202
12.02 -0.022110
12.03 -0.024913
12.04 -0.027606
12.05 -0.030190
12.06 -0.032670
12.07 -0.035056
12.08 -0.037357
12.09 -0.039578
12.10 -0.041721
12.11 -0.043789
12.12 -0.045786
12.13 -0.047727
12.14 -0.049627
12.15 -0.051503
12.16 -0.053361
12.17 -0.055202
12.18 -0.057017
12.19 -0.058798
12.20 -0.060536
12.21 -0.062226
12.22 -0.063866
12.23 -0.065452
12.24 -0.066981
12.25 -0.068445
12.26 -0.069836
12.27 -0.071149
12.28 -0.072383
12.29 -0.073542
12.30 -0.074631
12.31 -0.075655
12.32 -0.076617
12.33 -0.077518
12.34 -0.078355
12.35 -0.079125
12.36 -0.079824
12.37 -0.080446
12.38 -0.080988
12.39 -0.081449
12.40 -0.081829
12.41 -0.082133
12.42 -0.082364
12.43 -0.082526
12.44 -0.082621
12.45 -0.082654
12.46 -0.082631
12.47 -0.082570
12.48 -0.082492
12.49 -0.082420
12.50 -0.082378
12.51 -0.082386
12.52 -0.082456
12.53 -0.082598
12.54 -0.082817
12.55 -0.083122
12.56 -0.083520
12.57 -0.084015
12.58 -0.084598
12.59 -0.085250
12.60 -0.085947
12.61 -0.086673
12.62 -0.087417
12.63 -0.088178
12.64 -0.088954
12.65 -0.089740
12.66 -0.090524
12.67 -0.091289
12.68 -0.092018
12.69 -0.092693
12.70 -0.093289
12.71 -0.093785
12.72 -0.094165
12.73 -0.094426
12.74 -0.094578
12.75 -0.094636
12.76 -0.094616
12.77 -0.094534
12.78 -0.094403
12.79 -0.094241
12.80 -0.094064
12.81 -0.093887
12.82 -0.093720
12.83 -0.093567
12.84 -0.093426
12.85 -0.093288
12.86 -0.093140
12.87 -0.092967
12.88 -0.092764
12.89 -0.092533
12.90 -0.092288
12.91 -0.092042
12.92 -0.091803
12.93 -0.091572
12.94 -0.091351
12.95 -0.091144
12.96 -0.090951
12.97 -0.090762
12.98 -0.090558
12.99 -0.090317
13.00 -0.090025
13.01 -0.089685
13.02 -0.089308
13.03 -0.088906
13.04 -0.088486
13.05 -0.088048
13.06 -0.087590
13.07 -0.087116
13.08 -0.086633
13.09 -0.086150
13.10 -0.085666
13.11 -0.085178
13.12 -0.084676
13.13 -0.084150
13.14 -0.083591
13.15 -0.082993
13.16 -0.082345
13.17 -0.081639
13.18 -0.080867
13.19 -0.080022
13.20 -0.079104
13.21 -0.078116
13.22 -0.077066
13.23 -0.075965
13.24 -0.074825
13.25 -0.073655
13.26 -0.072461
13.27 -0.071249
13.28 -0.070022
13.29 -0.068780
13.30 -0.067522
13.31 -0.066245
13.32 -0.064953
13.33 -0.063651
13.34 -0.062353
13.35 -0.061069
13.36 -0.059812
13.37 -0.058589
13.38 -0.057401
13.39 -0.056247
13.40 -0.055122
13.41 -0.054021
13.42 -0.052936
13.43 -0.051856
13.44 -0.050770
13.45 -0.049665
13.46 -0.048530
13.47 -0.047362
13.48 -0.046156
13.49 -0.044907
13.50 -0.043608
13.51 -0.042250
13.52 -0.040830
13.53 -0.039345
13.54 -0.037793
13.55 -0.036172
13.56 -0.034482
13.57 -0.032724
13.58 -0.030902
13.59 -0.029016
13.60 -0.027064
13.61 -0.025047
13.62 -0.022967
13.63 -0.020835
13.64 -0.018665
13.65 -0.016470
13.66 -0.014263
13.67 -0.012052
13.68 -0.009845
13.69 -0.007648
13.70 -0.005468
13.71 -0.003312
13.72 -0.001187
13.73 0.000907
13.74 0.002974
13.75 0.005024
13.76 0.007061
13.77 0.009088
13.78 0.011100
13.79 0.013094
13.80 0.015067
13.81 0.017015
13.82 0.018932
13.83 0.020813
13.84 0.022649
13.85 0.024437
13.86 0.026173
13.87 0.027862
13.88 0.029510
13.89 0.031125
13.90 0.032715
13.91 0.034284
13.92 0.035835
13.93 0.037366
13.94 0.038877
13.95 0.040366
13.96 0.041831
13.97 0.043274
13.98 0.044692
13.99 0.046081
14.00 0.047435
14.01 0.048749
14.02 0.050019
14.03 0.051244
14.04 0.052424
14.05 0.053560
14.06 0.054653
14.07 0.055700
14.08 0.056695
14.09 0.057629
14.10 0.058498
14.11 0.059296
14.12 0.060019
14.13 0.060663
14.14 0.061224
14.15 0.061698
14.16 0.062079
14.17 0.062367
14.18 0.062562
14.19 0.062674
14.20 0.062716
14.21 0.062704
14.22 0.062654
14.23 0.062581
14.24 0.062497
14.25 0.062412
14.26 0.062333
14.27 0.062262
14.28 0.062200
14.29 0.062146
14.30 0.062093
14.31 0.062035
14.32 0.061965
14.33 0.061877
14.34 0.061774
14.35 0.061661
14.36 0.061550
14.37 0.061455
14.38 0.061391
14.39 0.061371
14.40 0.061404
14.41 0.061494
14.42 0.061636
14.43 0.061825
14.44 0.062059
14.45 0.062333
14.46 0.062645
14.47 0.062996
14.48 0.063389
14.49 0.063829
14.50 0.064327
14.51 0.064892
14.52 0.065533
14.53 0.066255
14.54 0.067056
14.55 0.067936
14.56 0.068890
14.57 0.069913
14.58 0.070999
14.59 0.072146
14.60 0.073347
14.61 0.074597
14.62 0.075889
14.63 0.077217
14.64 0.078575
14.65 0.079958
14.66 0.081363
14.67 0.082786
14.68 0.084221
14.69 0.085662
14.70 0.087099
14.71 0.088522
14.72 0.089923
14.73 0.091289
14.74 0.092613
14.75 0.093886
14.76 0.095103
14.77 0.096266
14.78 0.097378
14.79 0.098442
14.80 0.099463
14.81 0.100447
14.82 0.101405
14.83 0.102345
14.84 0.103274
14.85 0.104194
14.86 0.105101
14.87 0.105991
14.88 0.106853
14.89 0.107681
14.90 0.108466
14.91 0.109202
14.92 0.109886
14.93 0.110517
14.94 0.111094
14.95 0.111622
14.96 0.112102
14.97 0.112537
14.98 0.112927
14.99 0.113268
15.00 0.113557
15.01 0.113790
15.02 0.113964
15.03 0.114079
15.04 0.114142
15.05 0.114164
15.06 0.114157
15.07 0.114131
15.08 0.114097
15.09 0.114060
15.10 0.114027
15.11 0.113999
15.12 0.113973
15.13 0.113945
15.14 0.113904
15.15 0.113840
15.16 0.113742
15.17 0.113606
15.18 0.113429
15.19 0.113215
15.20 0.112970
15.21 0.112698
15.22 0.112405
15.23 0.112097
15.24 0.111777
15.25 0.111449
15.26 0.111112
15.27 0.110766
15.28 0.110411
15.29 0.110047
15.30 0.109675
15.31 0.109290
15.32 0.108890
15.33 0.108472
15.34 0.108036
15.35 0.107586
15.36 0.107127
15.37 0.106666
15.38 0.106206
15.39 0.105752
15.40 0.105305
15.41 0.104862
15.42 0.104416
15.43 0.103956
15.44 0.103474
15.45 0.102956
15.46 0.102387
15.47 0.101748
15.48 0.101024
15.49 0.100199
15.50 0.099261
15.51 0.098199
15.52 0.097003
15.53 0.095665
15.54 0.094178
15.55 0.092536
15.56 0.090739
15.57 0.088792
15.58 0.086710
15.59 0.084516
15.60 0.082235
15.61 0.079895
15.62 0.077520
15.63 0.075132
15.64 0.072746
15.65 0.070379
15.66 0.068044
15.67 0.065752
15.68 0.063513
15.69 0.061328
15.70 0.059191
15.71 0.057090
15.72 0.055009
15.73 0.052934
15.74 0.050859
15.75 0.048777
15.76 0.046683
15.77 0.044572
15.78 0.042442
15.79 0.040299
15.80 0.038152
15.81 0.036017
15.82 0.033906
15.83 0.031830
15.84 0.029795
15.85 0.027805
15.86 0.025860
15.87 0.023955
15.88 0.022083
15.89 0.020231
15.90 0.018387
15.91 0.016539
15.92 0.014677
15.93 0.012792
15.94 0.010875
15.95 0.008924
15.96 0.006939
15.97 0.004932
15.98 0.002916
15.99 0.000907
16.00 -0.001082
16.01 -0.003041
16.02 -0.004961
16.03 -0.006830
16.04 -0.008638
16.05 -0.010382
16.06 -0.012067
16.07 -0.013703
16.08 -0.015304
16.09 -0.016878
16.10 -0.018428
16.11 -0.019953
16.12 -0.021449
16.13 -0.022919
16.14 -0.024365
16.15 -0.025797
16.16 -0.027228
16.17 -0.028671
16.18 -0.030137
16.19 -0.031637
16.20 -0.033183
16.21 -0.034784
16.22 -0.036452
16.23 -0.038196
16.24 -0.040022
16.25 -0.041927
16.26 -0.043906
16.27 -0.045949
16.28 -0.048048
16.29 -0.050197
16.30 -0.052395
16.31 -0.054644
16.32 -0.056948
16.33 -0.059311
16.34 -0.061728
16.35 -0.064188
16.36 -0.066677
16.37 -0.069181
16.38 -0.071687
16.39 -0.074186
16.40 -0.076671
16.41 -0.079136
16.42 -0.081577
16.43 -0.083990
16.44 -0.086379
16.45 -0.088748
16.46 -0.091101
16.47 -0.093445
16.48 -0.095785
16.49 -0.098126
16.50 -0.100468
16.51 -0.102809
16.52 -0.105142
16.53 -0.107461
16.54 -0.109759
16.55 -0.112028
16.56 -0.114261
16.57 -0.116448
16.58 -0.118579
16.59 -0.120647
16.60 -0.122642
16.61 -0.124559
16.62 -0.126393
16.63 -0.128142
16.64 -0.129810
16.65 -0.131403
16.66 -0.132930
16.67 -0.134401
16.68 -0.135825
16.69 -0.137211
16.70 -0.138567
16.71 -0.139902
16.72 -0.141225
16.73 -0.142538
16.74 -0.143842
16.75 -0.145135
16.76 -0.146411
16.77 -0.147665
16.78 -0.148888
16.79 -0.150071
16.80 -0.151201
16.81 -0.152266
16.82 -0.153256
16.83 -0.154160
16.84 -0.154972
16.85 -0.155691
16.86 -0.156325
16.87 -0.156886
16.88 -0.157391
16.89 -0.157855
16.90 -0.158288
16.91 -0.158701
16.92 -0.159101
16.93 -0.159491
16.94 -0.159868
16.95 -0.160228
16.96 -0.160562
16.97 -0.160867
16.98 -0.161143
16.99 -0.161401
17.00 -0.161652
17.01 -0.161910
17.02 -0.162187
17.03 -0.162487
17.04 -0.162808
17.05 -0.163144
17.06 -0.163489
17.07 -0.163836
17.08 -0.164181
17.09 -0.164518
17.10 -0.164843
17.11 -0.165148
17.12 -0.165427
17.13 -0.165671
17.14 -0.165873
17.15 -0.166028
17.16 -0.166135
17.17 -0.166194
17.18 -0.166203
17.19 -0.166159
17.20 -0.166051
17.21 -0.165867
17.22 -0.165591
17.23 -0.165207
17.24 -0.164709
17.25 -0.164093
17.26 -0.163361
17.27 -0.162517
17.28 -0.161563
17.29 -0.160503
17.30 -0.159338
17.31 -0.158075
17.32 -0.156716
17.33 -0.155267
17.34 -0.153729
17.35 -0.152106
17.36 -0.150402
17.37 -0.148628
17.38 -0.146795
17.39 -0.144918
17.40 -0.143008
17.41 -0.141077
17.42 -0.139138
17.43 -0.137204
17.44 -0.135291
17.45 -0.133411
17.46 -0.131573
17.47 -0.129781
17.48 -0.128031
17.49 -0.126319
17.50 -0.124637
17.51 -0.122979
17.52 -0.121336
17.53 -0.119697
17.54 -0.118049
17.55 -0.116375
17.56 -0.114661
17.57 -0.112893
17.58 -0.111065
17.59 -0.109169
17.60 -0.107204
17.61 -0.105171
17.62 -0.103077
17.63 -0.100931
17.64 -0.098747
17.65 -0.096542
17.66 -0.094330
17.67 -0.092122
17.68 -0.089925
17.69 -0.087739
17.70 -0.085560
17.71 -0.083383
17.72 -0.081196
17.73 -0.078988
17.74 -0.076745
17.75 -0.074455
17.76 -0.072111
17.77 -0.069717
17.78 -0.067278
17.79 -0.064807
17.80 -0.062320
17.81 -0.059833
17.82 -0.057364
17.83 -0.054932
17.84 -0.052551
17.85 -0.050235
17.86 -0.047994
17.87 -0.045834
17.88 -0.043756
17.89 -0.041753
17.90 -0.039816
17.91 -0.037932
17.92 -0.036090
17.93 -0.034281
17.94 -0.032495
17.95 -0.030720
17.96 -0.028947
17.97 -0.027167
17.98 -0.025374
17.99 -0.023564
18.00 -0.021732
18.01 -0.019874
18.02 -0.017990
18.03 -0.016080
18.04 -0.014152
18.05 -0.012218
18.06 -0.010295
18.07 -0.008401
18.08 -0.006553
18.09 -0.004767
18.10 -0.003053
18.11 -0.001420
18.12 0.000124
18.13 0.001579
18.14 0.002946
18.15 0.004233
18.16 0.005449
18.17 0.006608
18.18 0.007723
18.19 0.008808
18.20 0.009880
18.21 0.010957
18.22 0.012055
18.23 0.013187
18.24 0.014361
18.25 0.015579
18.26 0.016839
18.27 0.018135
18.28 0.019460
18.29 0.020806
18.30 0.022164
18.31 0.023525
18.32 0.024881
18.33 0.026222
18.34 0.027539
18.35 0.028819
18.36 0.030053
18.37 0.031236
18.38 0.032366
18.39 0.033449
18.40 0.034493
18.41 0.035511
18.42 0.036514
18.43 0.037514
18.44 0.038519
18.45 0.039533
18.46 0.040565
18.47 0.041623
18.48 0.042710
18.49 0.043827
18.50 0.044967
18.51 0.046125
18.52 0.047294
18.53 0.048469
18.54 0.049643
18.55 0.050813
18.56 0.051977
18.57 0.053135
18.58 0.054287
18.59 0.055435
18.60 0.056581
18.61 0.057729
18.62 0.058878
18.63 0.060028
18.64 0.061180
18.65 0.062334
18.66 0.063490
18.67 0.064650
18.68 0.065815
18.69 0.066986
18.70 0.068167
18.71 0.069359
18.72 0.070562
18.73 0.071775
18.74 0.072995
18.75 0.074217
18.76 0.075437
18.77 0.076647
18.78 0.077844
18.79 0.079023
18.80 0.080176
18.81 0.081300
18.82 0.082390
18.83 0.083441
18.84 0.084452
18.85 0.085418
18.86 0.086336
18.87 0.087202
18.88 0.088015
18.89 0.088775
18.90 0.089483
18.91 0.090142
18.92 0.090758
18.93 0.091342
18.94 0.091908
18.95 0.092471
18.96 0.093047
18.97 0.093646
18.98 0.094279
18.99 0.094954
19.00 0.095675
19.01 0.096447
19.02 0.097272
19.03 0.098149
19.04 0.099075
19.05 0.100048
19.06 0.101061
19.07 0.102108
19.08 0.103182
19.09 0.104273
19.10 0.105375
19.11 0.106477
19.12 0.107568
19.13 0.108636
19.14 0.109668
19.15 0.110656
19.16 0.111594
19.17 0.112482
19.18 0.113321
19.19 0.114119
19.20 0.114881
19.21 0.115612
19.22 0.116314
19.23 0.116991
19.24 0.117646
19.25 0.118285
19.26 0.118909
19.27 0.119515
19.28 0.120095
19.29 0.120639
19.30 0.121135
19.31 0.121575
19.32 0.121952
19.33 0.122263
19.34 0.122511
19.35 0.122701
19.36 0.122839
19.37 0.122933
19.38 0.122988
19.39 0.123010
19.40 0.123001
19.41 0.122962
19.42 0.122890
19.43 0.122782
19.44 0.122634
19.45 0.122442
19.46 0.122202
19.47 0.121908
19.48 0.121557
19.49 0.121147
19.50 0.120675
19.51 0.120141
19.52 0.119539
19.53 0.118864
19.54 0.118111
19.55 0.117271
19.56 0.116337
19.57 0.115299
19.58 0.114147
19.59 0.112871
19.60 0.111469
19.61 0.109940
19.62 0.108288
19.63 0.106522
19.64 0.104659
19.65 0.102722
19.66 0.100740
19.67 0.098742
19.68 0.096755
19.69 0.094799
19.70 0.092887
19.71 0.091023
19.72 0.089204
19.73 0.087424
19.74 0.085675
19.75 0.083948
19.76 0.082230
19.77 0.080508
19.78 0.078768
19.79 0.076999
19.80 0.075195
19.81 0.073353
19.82 0.071472
19.83 0.069552
19.84 0.067596
19.85 0.065608
19.86 0.063594
19.87 0.061562
19.88 0.059522
19.89 0.057483
19.90 0.055454
19.91 0.053441
19.92 0.051449
19.93 0.049487
19.94 0.047558
19.95 0.045667
19.96 0.043814
19.97 0.041997
19.98 0.040213
19.99 0.038457
20.00 0.036723
20.01 0.035004
20.02 0.033291
20.03 0.031576
20.04 0.029852
20.05 0.028113
20.06 0.026353
20.07 0.024570
20.08 0.022764
20.09 0.020935
20.10 0.019087
20.11 0.017226
20.12 0.015356
20.13 0.013483
20.14 0.011612
20.15 0.009751
20.16 0.007907
20.17 0.006085
20.18 0.004288
20.19 0.002517
20.20 0.000770
20.21 -0.000953
20.22 -0.002654
20.23 -0.004334
20.24 -0.005995
20.25 -0.007642
20.26 -0.009278
20.27 -0.010908
20.28 -0.012536
20.29 -0.014164
20.30 -0.015793
20.31 -0.017421
20.32 -0.019048
20.33 -0.020671
20.34 -0.022289
20.35 -0.023902
20.36 -0.025508
20.37 -0.027109
20.38 -0.028702
20.39 -0.030286
20.40 -0.031857
20.41 -0.033408
20.42 -0.034930
20.43 -0.036413
20.44 -0.037844
20.45 -0.039217
20.46 -0.040527
20.47 -0.041776
20.48 -0.042969
20.49 -0.044112
20.50 -0.045216
20.51 -0.046288
20.52 -0.047337
20.53 -0.048371
20.54 -0.049396
20.55 -0.050414
20.56 -0.051425
20.57 -0.052427
20.58 -0.053417
20.59 -0.054389
20.60 -0.055343
20.61 -0.056276
20.62 -0.057191
20.63 -0.058087
20.64 -0.058966
20.65 -0.059826
20.66 -0.060668
20.67 -0.061491
20.68 -0.062293
20.69 -0.063071
20.70 -0.063823
20.71 -0.064548
20.72 -0.065244
20.73 -0.065907
20.74 -0.066535
20.75 -0.067128
20.76 -0.067688
20.77 -0.068222
20.78 -0.068735
20.79 -0.069234
20.80 -0.069727
20.81 -0.070220
20.82 -0.070719
20.83 -0.071227
20.84 -0.071743
20.85 -0.072266
20.86 -0.072791
20.87 -0.073314
20.88 -0.073829
20.89 -0.074328
20.90 -0.074801
20.91 -0.075243
20.92 -0.075648
20.93 -0.076015
20.94 -0.076341
20.95 -0.076626
20.96 -0.076871
20.97 -0.077074
20.98 -0.077237
20.99 -0.077361
21.00 -0.077447
21.01 -0.077493
21.02 -0.077501
21.03 -0.077470
21.04 -0.077402
21.05 -0.077300
21.06 -0.077166
21.07 -0.077003
21.08 -0.076812
21.09 -0.076594
21.10 -0.076351
21.11 -0.076084
21.12 -0.075797
21.13 -0.075489
21.14 -0.075158
21.15 -0.074799
21.16 -0.074407
21.17 -0.073979
21.18 -0.073516
21.19 -0.073020
21.20 -0.072496
21.21 -0.071948
21.22 -0.071386
21.23 -0.070817
21.24 -0.070250
21.25 -0.069693
21.26 -0.069152
21.27 -0.068632
21.28 -0.068135
21.29 -0.067660
21.30 -0.067204
21.31 -0.066765
21.32 -0.066338
21.33 -0.065919
21.34 -0.065502
21.35 -0.065078
21.36 -0.064638
21.37 -0.064171
21.38 -0.063670
21.39 -0.063128
21.40 -0.062539
21.41 -0.061902
21.42 -0.061220
21.43 -0.060498
21.44 -0.059744
21.45 -0.058968
21.46 -0.058181
21.47 -0.057398
21.48 -0.056628
21.49 -0.055884
21.50 -0.055172
21.51 -0.054499
21.52 -0.053869
21.53 -0.053283
21.54 -0.052737
21.55 -0.052228
21.56 -0.051752
21.57 -0.051306
21.58 -0.050887
21.59 -0.050492
21.60 -0.050115
21.61 -0.049750
21.62 -0.049394
21.63 -0.049040
21.64 -0.048688
21.65 -0.048336
21.66 -0.047986
21.67 -0.047639
21.68 -0.047300
21.69 -0.046969
21.70 -0.046645
21.71 -0.046326
21.72 -0.046008
21.73 -0.045686
21.74 -0.045356
21.75 -0.045013
21.76 -0.044653
21.77 -0.044276
21.78 -0.043881
21.79 -0.043468
21.80 -0.043040
21.81 -0.042601
21.82 -0.042153
21.83 -0.041696
21.84 -0.041233
21.85 -0.040763
21.86 -0.040288
21.87 -0.039806
21.88 -0.039319
21.89 -0.038828
21.90 -0.038332
21.91 -0.037834
21.92 -0.037334
21.93 -0.036836
21.94 -0.036338
21.95 -0.035842
21.96 -0.035347
21.97 -0.034853
21.98 -0.034361
21.99 -0.033873
22.00 -0.033386
22.01 -0.032902
22.02 -0.032419
22.03 -0.031938
22.04 -0.031454
22.05 -0.030964
22.06 -0.030462
22.07 -0.029943
22.08 -0.029405
22.09 -0.028843
22.10 -0.028257
22.11 -0.027643
22.12 -0.027001
22.13 -0.026330
22.14 -0.025630
22.15 -0.024902
22.16 -0.024149
22.17 -0.023374
22.18 -0.022579
22.19 -0.021768
22.20 -0.020941
22.21 -0.020099
22.22 -0.019238
22.23 -0.018351
22.24 -0.017434
22.25 -0.016481
22.26 -0.015492
22.27 -0.014470
22.28 -0.013419
22.29 -0.012343
22.30 -0.011247
22.31 -0.010137
22.32 -0.009016
22.33 -0.007888
22.34 -0.006754
22.35 -0.005615
22.36 -0.004468
22.37 -0.003311
22.38 -0.002138
22.39 -0.000940
22.40 0.000290
22.41 0.001560
22.42 0.002874
22.43 0.004234
22.44 0.005640
22.45 0.007090
22.46 0.008581
22.47 0.010105
22.48 0.011658
22.49 0.013233
22.50 0.014825
22.51 0.016432
22.52 0.018048
22.53 0.019671
22.54 0.021299
22.55 0.022930
22.56 0.024565
22.57 0.026204
22.58 0.027845
22.59 0.029490
22.60 0.031137
22.61 0.032785
22.62 0.034430
22.63 0.036070
22.64 0.037701
22.65 0.039319
22.66 0.040922
22.67 0.042507
22.68 0.044075
22.69 0.045625
22.70 0.047158
22.71 0.048678
22.72 0.050187
22.73 0.051688
22.74 0.053183
22.75 0.054675
22.76 0.056166
22.77 0.057659
22.78 0.059154
22.79 0.060652
22.80 0.062151
22.81 0.063648
22.82 0.065140
22.83 0.066622
22.84 0.068088
22.85 0.069533
22.86 0.070955
22.87 0.072350
22.88 0.073720
22.89 0.075065
22.90 0.076385
22.91 0.077682
22.92 0.078956
22.93 0.080208
22.94 0.081433
22.95 0.082629
22.96 0.083788
22.97 0.084904
22.98 0.085974
22.99 0.086996
23.00 0.087967
23.01 0.088890
23.02 0.089767
23.03 0.090599
23.04 0.091390
23.05 0.092141
23.06 0.092852
23.07 0.093525
23.08 0.094159
23.09 0.094752
23.10 0.095300
23.11 0.095802
23.12 0.096255
23.13 0.096660
23.14 0.097019
23.15 0.097335
23.16 0.097615
23.17 0.097864
23.18 0.098088
23.19 0.098289
23.20 0.098469
23.21 0.098629
23.22 0.098766
23.23 0.098877
23.24 0.098962
23.25 0.099020
23.26 0.099052
23.27 0.099057
23.28 0.099035
23.29 0.098985
23.30 0.098908
23.31 0.098800
23.32 0.098662
23.33 0.098490
23.34 0.098284
23.35 0.098043
23.36 0.097766
23.37 0.097456
23.38 0.097115
23.39 0.096746
23.40 0.096353
23.41 0.095942
23.42 0.095518
23.43 0.095084
23.44 0.094642
23.45 0.094191
23.46 0.093731
23.47 0.093262
23.48 0.092785
23.49 0.092298
23.50 0.091799
23.51 0.091282
23.52 0.090745
23.53 0.090183
23.54 0.089598
23.55 0.088988
23.56 0.088356
23.57 0.087702
23.58 0.087026
23.59 0.086330
23.60 0.085617
23.61 0.084887
23.62 0.084141
23.63 0.083380
23.64 0.082602
23.65 0.081804
23.66 0.080983
23.67 0.080137
23.68 0.079265
23.69 0.078369
23.70 0.077453
23.71 0.076520
23.72 0.075575
23.73 0.074622
23.74 0.073664
23.75 0.072702
23.76 0.071735
23.77 0.070760
23.78 0.069772
23.79 0.068767
23.80 0.067742
23.81 0.066691
23.82 0.065614
23.83 0.064509
23.84 0.063379
23.85 0.062226
23.86 0.061056
23.87 0.059876
23.88 0.058692
23.89 0.057509
23.90 0.056331
23.91 0.055159
23.92 0.053992
23.93 0.052828
23.94 0.051663
23.95 0.050497
23.96 0.049328
23.97 0.048154
23.98 0.046977
23.99 0.045794
24.00 0.044606
24.01 0.043413
24.02 0.042213
24.03 0.041007
24.04 0.039796
24.05 0.038579
24.06 0.037359
24.07 0.036135
24.08 0.034911
24.09 0.033689
24.10 0.032469
24.11 0.031257
24.12 0.030054
24.13 0.028862
24.14 0.027681
24.15 0.026506
24.16 0.025336
24.17 0.024169
24.18 0.023006
24.19 0.021850
24.20 0.020704
24.21 0.019572
24.22 0.018454
24.23 0.017350
24.24 0.016259
24.25 0.015179
24.26 0.014110
24.27 0.013054
24.28 0.012013
24.29 0.010988
24.30 0.009980
24.31 0.008989
24.32 0.008012
24.33 0.007050
24.34 0.006101
24.35 0.005164
24.36 0.004235
24.37 0.003313
24.38 0.002392
24.39 0.001472
24.40 0.000551
24.41 -0.000370
24.42 -0.001287
24.43 -0.002197
24.44 -0.003098
24.45 -0.003989
24.46 -0.004869
24.47 -0.005740
24.48 -0.006603
24.49 -0.007457
24.50 -0.008306
24.51 -0.009149
24.52 -0.009988
24.53 -0.010825
24.54 -0.011660
24.55 -0.012497
24.56 -0.013337
24.57 -0.014182
24.58 -0.015033
24.59 -0.015892
24.60 -0.016758
24.61 -0.017629
24.62 -0.018501
24.63 -0.019368
24.64 -0.020222
24.65 -0.021058
24.66 -0.021870
24.67 -0.022654
24.68 -0.023408
24.69 -0.024130
24.70 -0.024821
24.71 -0.025484
24.72 -0.026124
24.73 -0.026748
24.74 -0.027359
24.75 -0.027962
24.76 -0.028560
24.77 -0.029155
24.78 -0.029750
24.79 -0.030346
24.80 -0.030942
24.81 -0.031536
24.82 -0.032129
24.83 -0.032722
24.84 -0.033318
24.85 -0.033916
24.86 -0.034519
24.87 -0.035128
24.88 -0.035746
24.89 -0.036377
24.90 -0.037022
24.91 -0.037683
24.92 -0.038361
24.93 -0.039055
24.94 -0.039763
24.95 -0.040482
24.96 -0.041213
24.97 -0.041954
24.98 -0.042707
24.99 -0.043473
25.00 -0.044253
25.01 -0.045048
25.02 -0.045857
25.03 -0.046678
25.04 -0.047507
25.05 -0.048337
25.06 -0.049163
25.07 -0.049979
25.08 -0.050784
25.09 -0.051574
25.10 -0.052349
25.11 -0.053111
25.12 -0.053859
25.13 -0.054594
25.14 -0.055317
25.15 -0.056029
25.16 -0.056731
25.17 -0.057423
25.18 -0.058105
25.19 -0.058774
25.20 -0.059430
25.21 -0.060069
25.22 -0.060692
25.23 -0.061299
25.24 -0.061887
25.25 -0.062457
25.26 -0.063007
25.27 -0.063536
25.28 -0.064044
25.29 -0.064531
25.30 -0.064997
25.31 -0.065438
25.32 -0.065855
25.33 -0.066248
25.34 -0.066618
25.35 -0.066966
25.36 -0.067295
25.37 -0.067606
25.38 -0.067903
25.39 -0.068186
25.40 -0.068459
25.41 -0.068721
25.42 -0.068975
25.43 -0.069219
25.44 -0.069453
25.45 -0.069676
25.46 -0.069886
25.47 -0.070085
25.48 -0.070270
25.49 -0.070441
25.50 -0.070597
25.51 -0.070737
25.52 -0.070861
25.53 -0.070969
25.54 -0.071062
25.55 -0.071139
25.56 -0.071202
25.57 -0.071252
25.58 -0.071289
25.59 -0.071317
25.60 -0.071338
25.61 -0.071353
25.62 -0.071362
25.63 -0.071366
25.64 -0.071364
25.65 -0.071355
25.66 -0.071338
25.67 -0.071314
25.68 -0.071284
25.69 -0.071249
25.70 -0.071207
25.71 -0.071161
25.72 -0.071112
25.73 -0.071060
25.74 -0.071006
25.75 -0.070949
25.76 -0.070886
25.77 -0.070815
25.78 -0.070737
25.79 -0.070647
25.80 -0.070545
25.81 -0.070427
25.82 -0.070294
25.83 -0.070144
25.84 -0.069976
25.85 -0.069790
25.86 -0.069583
25.87 -0.069354
25.88 -0.069101
25.89 -0.068819
25.90 -0.068506
25.91 -0.068159
25.92 -0.067777
25.93 -0.067361
25.94 -0.066910
25.95 -0.066426
25.96 -0.065909
25.97 -0.065362
25.98 -0.064785
25.99 -0.064181
26.00 -0.063550
26.01 -0.062895
26.02 -0.062216
26.03 -0.061513
26.04 -0.060784
26.05 -0.060028
26.06 -0.059244
26.07 -0.058433
26.08 -0.057596
26.09 -0.056734
26.10 -0.055849
26.11 -0.054944
26.12 -0.054023
26.13 -0.053089
26.14 -0.052145
26.15 -0.051197
26.16 -0.050246
26.17 -0.049298
26.18 -0.048353
26.19 -0.047410
26.20 -0.046466
26.21 -0.045515
26.22 -0.044552
26.23 -0.043572
26.24 -0.042571
26.25 -0.041546
26.26 -0.040497
26.27 -0.039424
26.28 -0.038330
26.29 -0.037215
26.30 -0.036082
26.31 -0.034934
26.32 -0.033772
26.33 -0.032596
26.34 -0.031408
26.35 -0.030206
26.36 -0.028991
26.37 -0.027764
26.38 -0.026525
26.39 -0.025273
26.40 -0.024013
26.41 -0.022749
26.42 -0.021484
26.43 -0.020222
26.44 -0.018964
26.45 -0.017709
26.46 -0.016457
26.47 -0.015207
26.48 -0.013960
26.49 -0.012717
26.50 -0.011481
26.51 -0.010254
26.52 -0.009038
26.53 -0.007835
26.54 -0.006646
26.55 -0.005472
26.56 -0.004315
26.57 -0.003173
26.58 -0.002045
26.59 -0.000927
26.60 0.000180
26.61 0.001276
26.62 0.002359
26.63 0.003427
26.64 0.004479
26.65 0.005513
26.66 0.006529
26.67 0.007525
26.68 0.008500
26.69 0.009457
26.70 0.010397
26.71 0.011322
26.72 0.012233
26.73 0.013131
26.74 0.014020
26.75 0.014900
26.76 0.015770
26.77 0.016631
26.78 0.017480
26.79 0.018316
26.80 0.019137
26.81 0.019942
26.82 0.020729
26.83 0.021494
26.84 0.022237
26.85 0.022957
26.86 0.023653
26.87 0.024328
26.88 0.024982
26.89 0.025619
26.90 0.026240
26.91 0.026848
26.92 0.027443
26.93 0.028024
26.94 0.028591
26.95 0.029141
26.96 0.029675
26.97 0.030190
26.98 0.030686
26.99 0.031163
27.00 0.031623
27.01 0.032064
27.02 0.032486
27.03 0.032893
27.04 0.033284
27.05 0.033665
27.06 0.034037
27.07 0.034400
27.08 0.034755
27.09 0.035103
27.10 0.035445
27.11 0.035781
27.12 0.036112
27.13 0.036436
27.14 0.036755
27.15 0.037069
27.16 0.037379
27.17 0.037683
27.18 0.037984
27.19 0.038281
27.20 0.038576
27.21 0.038868
27.22 0.039158
27.23 0.039445
27.24 0.039727
27.25 0.040005
27.26 0.040280
27.27 0.040552
27.28 0.040819
27.29 0.041081
27.30 0.041339
27.31 0.041590
27.32 0.041835
27.33 0.042070
27.34 0.042296
27.35 0.042513
27.36 0.042722
27.37 0.042926
27.38 0.043125
27.39 0.043321
27.40 0.043516
27.41 0.043708
27.42 0.043898
27.43 0.044085
27.44 0.044268
27.45 0.044448
27.46 0.044622
27.47 0.044787
27.48 0.044940
27.49 0.045077
27.50 0.045198
27.51 0.045299
27.52 0.045382
27.53 0.045448
27.54 0.045499
27.55 0.045538
27.56 0.045566
27.57 0.045584
27.58 0.045595
27.59 0.045601
27.60 0.045601
27.61 0.045597
27.62 0.045586
27.63 0.045566
27.64 0.045535
27.65 0.045492
27.66 0.045434
27.67 0.045361
27.68 0.045273
27.69 0.045171
27.70 0.045055
27.71 0.044927
27.72 0.044785
27.73 0.044631
27.74 0.044464
27.75 0.044283
27.76 0.044088
27.77 0.043881
27.78 0.043660
27.79 0.043425
27.80 0.043177
27.81 0.042915
27.82 0.042641
27.83 0.042356
27.84 0.042062
27.85 0.041763
27.86 0.041462
27.87 0.041159
27.88 0.040856
27.89 0.040553
27.90 0.040248
27.91 0.039942
27.92 0.039633
27.93 0.039319
27.94 0.038997
27.95 0.038666
27.96 0.038325
27.97 0.037976
27.98 0.037618
27.99 0.037253
28.00 0.036882
28.01 0.036505
28.02 0.036121
28.03 0.035731
28.04 0.035335
28.05 0.034934
28.06 0.034528
28.07 0.034119
28.08 0.033707
28.09 0.033295
28.10 0.032883
28.11 0.032470
28.12 0.032053
28.13 0.031630
28.14 0.031198
28.15 0.030755
28.16 0.030299
28.17 0.029829
28.18 0.029342
28.19 0.028841
28.20 0.028329
28.21 0.027810
28.22 0.027289
28.23 0.026770
28.24 0.026256
28.25 0.025751
28.26 0.025254
28.27 0.024761
28.28 0.024273
28.29 0.023788
28.30 0.023306
28.31 0.022823
28.32 0.022339
28.33 0.021851
28.34 0.021360
28.35 0.020866
28.36 0.020369
28.37 0.019867
28.38 0.019360
28.39 0.018845
28.40 0.018319
28.41 0.017779
28.42 0.017223
28.43 0.016648
28.44 0.016055
28.45 0.015443
28.46 0.014814
28.47 0.014169
28.48 0.013507
28.49 0.012832
28.50 0.012144
28.51 0.011444
28.52 0.010735
28.53 0.010017
28.54 0.009291
28.55 0.008558
28.56 0.007820
28.57 0.007078
28.58 0.006334
28.59 0.005588
28.60 0.004841
28.61 0.004093
28.62 0.003341
28.63 0.002583
28.64 0.001817
28.65 0.001040
28.66 0.000252
28.67 -0.000549
28.68 -0.001362
28.69 -0.002187
28.70 -0.003022
28.71 -0.003865
28.72 -0.004717
28.73 -0.005579
28.74 -0.006451
28.75 -0.007333
28.76 -0.008224
28.77 -0.009126
28.78 -0.010037
28.79 -0.010956
28.80 -0.011879
28.81 -0.012804
28.82 -0.013728
28.83 -0.014647
28.84 -0.015560
28.85 -0.016466
28.86 -0.017366
28.87 -0.018259
28.88 -0.019146
28.89 -0.020028
28.90 -0.020905
28.91 -0.021776
28.92 -0.022642
28.93 -0.023503
28.94 -0.024356
28.95 -0.025202
28.96 -0.026039
28.97 -0.026867
28.98 -0.027683
28.99 -0.028488
29.00 -0.029277
29.01 -0.030049
29.02 -0.030806
29.03 -0.031544
29.04 -0.032261
29.05 -0.032957
29.06 -0.033629
29.07 -0.034278
29.08 -0.034905
29.09 -0.035513
29.10 -0.036105
29.11 -0.036682
29.12 -0.037248
29.13 -0.037804
29.14 -0.038354
29.15 -0.038898
29.16 -0.039438
29.17 -0.039977
29.18 -0.040518
29.19 -0.041059
29.20 -0.041601
29.21 -0.042141
29.22 -0.042676
29.23 -0.043203
29.24 -0.043716
29.25 -0.044214
29.26 -0.044693
29.27 -0.045157
29.28 -0.045606
29.29 -0.046044
29.30 -0.046471
29.31 -0.046891
29.32 -0.047304
29.33 -0.047709
29.34 -0.048106
29.35 -0.048493
29.36 -0.048869
29.37 -0.049234
29.38 -0.049588
29.39 -0.049930
29.40 -0.050258
29.41 -0.050572
29.42 -0.050872
29.43 -0.051156
29.44 -0.051422
29.45 -0.051668
29.46 -0.051895
29.47 -0.052102
29.48 -0.052293
29.49 -0.052470
29.50 -0.052633
29.51 -0.052785
29.52 -0.052929
29.53 -0.053068
29.54 -0.053206
29.55 -0.053342
29.56 -0.053477
29.57 -0.053608
29.58 -0.053734
29.59 -0.053853
29.60 -0.053964
29.61 -0.054065
29.62 -0.054155
29.63 -0.054232
29.64 -0.054295
29.65 -0.054342
29.66 -0.054370
29.67 -0.054379
29.68 -0.054366
29.69 -0.054333
29.70 -0.054278
29.71 -0.054204
29.72 -0.054113
29.73 -0.054008
29.74 -0.053893
29.75 -0.053769
29.76 -0.053639
29.77 -0.053503
29.78 -0.053363
29.79 -0.053218
29.80 -0.053065
29.81 -0.052899
29.82 -0.052719
29.83 -0.052521
29.84 -0.052306
29.85 -0.052075
29.86 -0.051827
29.87 -0.051562
29.88 -0.051281
29.89 -0.050984
29.90 -0.050674
29.91 -0.050350
29.92 -0.050014
29.93 -0.049665
29.94 -0.049302
29.95 -0.048924
29.96 -0.048532
29.97 -0.048125
29.98 -0.047706
29.99 -0.047275
30.00 -0.046831
30.01 -0.046376
30.02 -0.045911
30.03 -0.045436
30.04 -0.044954
30.05 -0.044464
30.06 -0.043966
30.07 -0.043464
30.08 -0.042957
30.09 -0.042449
30.10 -0.041941
30.11 -0.041434
30.12 -0.040930
30.13 -0.040428
30.14 -0.039928
30.15 -0.039430
30.16 -0.038933
30.17 -0.038436
30.18 -0.037942
30.19 -0.037448
30.20 -0.036957
30.21 -0.036466
30.22 -0.035977
30.23 -0.035488
30.24 -0.034998
30.25 -0.034506
30.26 -0.034009
30.27 -0.033506
30.28 -0.032996
30.29 -0.032476
30.30 -0.031946
30.31 -0.031407
30.32 -0.030860
30.33 -0.030307
30.34 -0.029749
30.35 -0.029185
30.36 -0.028617
30.37 -0.028043
30.38 -0.027463
30.39 -0.026877
30.40 -0.026283
30.41 -0.025681
30.42 -0.025074
30.43 -0.024464
30.44 -0.023852
30.45 -0.023241
30.46 -0.022629
30.47 -0.022019
30.48 -0.021408
30.49 -0.020795
30.50 -0.020176
30.51 -0.019550
30.52 -0.018913
30.53 -0.018265
30.54 -0.017605
30.55 -0.016932
30.56 -0.016247
30.57 -0.015551
30.58 -0.014842
30.59 -0.014122
30.60 -0.013392
30.61 -0.012653
30.62 -0.011906
30.63 -0.011154
30.64 -0.010397
30.65 -0.009635
30.66 -0.008870
30.67 -0.008102
30.68 -0.007330
30.69 -0.006555
30.70 -0.005779
30.71 -0.004998
30.72 -0.004215
30.73 -0.003428
30.74 -0.002636
30.75 -0.001841
30.76 -0.001041
30.77 -0.000238
30.78 0.000569
30.79 0.001377
30.80 0.002186
30.81 0.002994
30.82 0.003798
30.83 0.004599
30.84 0.005396
30.85 0.006187
30.86 0.006973
30.87 0.007753
30.88 0.008529
30.89 0.009302
30.90 0.010075
30.91 0.010846
30.92 0.011615
30.93 0.012381
30.94 0.013144
30.95 0.013903
30.96 0.014656
30.97 0.015399
30.98 0.016133
30.99 0.016854
31.00 0.017562
31.01 0.018257
31.02 0.018938
31.03 0.019608
31.04 0.020268
31.05 0.020920
31.06 0.021567
31.07 0.022208
31.08 0.022845
31.09 0.023475
31.10 0.024099
31.11 0.024717
31.12 0.025327
31.13 0.025930
31.14 0.026526
31.15 0.027114
31.16 0.027694
31.17 0.028267
31.18 0.028834
31.19 0.029393
31.20 0.029946
31.21 0.030493
31.22 0.031037
31.23 0.031579
31.24 0.032121
31.25 0.032663
31.26 0.033206
31.27 0.033749
31.28 0.034291
31.29 0.034829
31.30 0.035361
31.31 0.035887
31.32 0.036402
31.33 0.036907
31.34 0.037400
31.35 0.037880
31.36 0.038348
31.37 0.038804
31.38 0.039250
31.39 0.039686
31.40 0.040113
31.41 0.040529
31.42 0.040934
31.43 0.041325
31.44 0.041701
31.45 0.042062
31.46 0.042407
31.47 0.042737
31.48 0.043055
31.49 0.043362
31.50 0.043661
31.51 0.043953
31.52 0.044241
31.53 0.044524
31.54 0.044801
31.55 0.045072
31.56 0.045335
31.57 0.045588
31.58 0.045829
31.59 0.046058
31.60 0.046273
31.61 0.046476
31.62 0.046665
31.63 0.046842
31.64 0.047007
31.65 0.047162
31.66 0.047309
31.67 0.047448
31.68 0.047579
31.69 0.047703
31.70 0.047819
31.71 0.047928
31.72 0.048029
31.73 0.048124
31.74 0.048213
31.75 0.048297
31.76 0.048375
31.77 0.048448
31.78 0.048515
31.79 0.048577
31.80 0.048633
31.81 0.048681
31.82 0.048720
31.83 0.048746
31.84 0.048758
31.85 0.048753
31.86 0.048730
31.87 0.048688
31.88 0.048627
31.89 0.048545
31.90 0.048445
31.91 0.048327
31.92 0.048194
31.93 0.048049
31.94 0.047893
31.95 0.047727
31.96 0.047551
31.97 0.047366
31.98 0.047171
31.99 0.046965
32.00 0.046748
32.01 0.046518
32.02 0.046274
32.03 0.046015
32.04 0.045740
32.05 0.045448
32.06 0.045139
32.07 0.044812
32.08 0.044468
32.09 0.044110
32.10 0.043740
32.11 0.043359
32.12 0.042968
32.13 0.042569
32.14 0.042163
32.15 0.041754
32.16 0.041344
32.17 0.040935
32.18 0.040528
32.19 0.040122
32.20 0.039716
32.21 0.039312
32.22 0.038910
32.23 0.038509
32.24 0.038110
32.25 0.037714
32.26 0.037319
32.27 0.036926
32.28 0.036535
32.29 0.036144
32.30 0.035755
32.31 0.035369
32.32 0.034984
32.33 0.034600
32.34 0.034215
32.35 0.033829
32.36 0.033441
32.37 0.033049
32.38 0.032654
32.39 0.032251
32.40 0.031841
32.41 0.031423
32.42 0.030995
32.43 0.030559
32.44 0.030116
32.45 0.029667
32.46 0.029213
32.47 0.028755
32.48 0.028294
32.49 0.027831
32.50 0.027368
32.51 0.026906
32.52 0.026445
32.53 0.025984
32.54 0.025523
32.55 0.025062
32.56 0.024601
32.57 0.024142
32.58 0.023681
32.59 0.023218
32.60 0.022752
32.61 0.022283
32.62 0.021810
32.63 0.021336
32.64 0.020861
32.65 0.020387
32.66 0.019915
32.67 0.019447
32.68 0.018984
32.69 0.018528
32.70 0.018080
32.71 0.017641
32.72 0.017209
32.73 0.016782
32.74 0.016358
32.75 0.015937
32.76 0.015516
32.77 0.015093
32.78 0.014663
32.79 0.014226
32.80 0.013780
32.81 0.013325
32.82 0.012860
32.83 0.012385
32.84 0.011901
32.85 0.011411
32.86 0.010917
32.87 0.010420
32.88 0.009922
32.89 0.009426
32.90 0.008932
32.91 0.008442
32.92 0.007958
32.93 0.007481
32.94 0.007012
32.95 0.006552
32.96 0.006100
32.97 0.005655
32.98 0.005213
32.99 0.004771
33.00 0.004326
33.01 0.003872
33.02 0.003408
33.03 0.002930
33.04 0.002438
33.05 0.001930
33.06 0.001411
33.07 0.000881
33.08 0.000344
33.09 -0.000199
33.10 -0.000745
33.11 -0.001292
33.12 -0.001838
33.13 -0.002385
33.14 -0.002933
33.15 -0.003485
33.16 -0.004042
33.17 -0.004605
33.18 -0.005179
33.19 -0.005764
33.20 -0.006362
33.21 -0.006974
33.22 -0.007601
33.23 -0.008243
33.24 -0.008895
33.25 -0.009552
33.26 -0.010210
33.27 -0.010864
33.28 -0.011512
33.29 -0.012149
33.30 -0.012775
33.31 -0.013387
33.32 -0.013986
33.33 -0.014572
33.34 -0.015145
33.35 -0.015706
33.36 -0.016257
33.37 -0.016797
33.38 -0.017327
33.39 -0.017846
33.40 -0.018353
33.41 -0.018847
33.42 -0.019329
33.43 -0.019798
33.44 -0.020256
33.45 -0.020703
33.46 -0.021139
33.47 -0.021566
33.48 -0.021985
33.49 -0.022398
33.50 -0.022806
33.51 -0.023210
33.52 -0.023608
33.53 -0.024001
33.54 -0.024387
33.55 -0.024766
33.56 -0.025136
33.57 -0.025494
33.58 -0.025842
33.59 -0.026179
33.60 -0.026506
33.61 -0.026822
33.62 -0.027131
33.63 -0.027432
33.64 -0.027727
33.65 -0.028016
33.66 -0.028298
33.67 -0.028574
33.68 -0.028842
33.69 -0.029100
33.70 -0.029346
33.71 -0.029577
33.72 -0.029792
33.73 -0.029993
33.74 -0.030177
33.75 -0.030346
33.76 -0.030498
33.77 -0.030636
33.78 -0.030762
33.79 -0.030877
33.80 -0.030982
33.81 -0.031078
33.82 -0.031165
33.83 -0.031244
33.84 -0.031315
33.85 -0.031379
33.86 -0.031434
33.87 -0.031481
33.88 -0.031521
33.89 -0.031553
33.90 -0.031577
33.91 -0.031595
33.92 -0.031606
33.93 -0.031610
33.94 -0.031606
33.95 -0.031595
33.96 -0.031576
33.97 -0.031548
33.98 -0.031513
33.99 -0.031469
34.00 -0.031415
34.01 -0.031351
34.02 -0.031277
34.03 -0.031193
34.04 -0.031102
34.05 -0.031004
34.06 -0.030903
34.07 -0.030800
34.08 -0.030699
34.09 -0.030598
34.10 -0.030497
34.11 -0.030395
34.12 -0.030289
34.13 -0.030177
34.14 -0.030057
34.15 -0.029930
34.16 -0.029794
34.17 -0.029653
34.18 -0.029506
34.19 -0.029355
34.20 -0.029201
34.21 -0.029043
34.22 -0.028881
34.23 -0.028716
34.24 -0.028548
34.25 -0.028375
34.26 -0.028197
34.27 -0.028015
34.28 -0.027829
34.29 -0.027642
34.30 -0.027457
34.31 -0.027276
34.32 -0.027101
34.33 -0.026933
34.34 -0.026771
34.35 -0.026612
34.36 -0.026454
34.37 -0.026296
34.38 -0.026135
34.39 -0.025970
34.40 -0.025798
34.41 -0.025618
34.42 -0.025429
34.43 -0.025231
34.44 -0.025026
34.45 -0.024812
34.46 -0.024591
34.47 -0.024362
34.48 -0.024123
34.49 -0.023874
34.50 -0.023614
34.51 -0.023342
34.52 -0.023059
34.53 -0.022764
34.54 -0.022458
34.55 -0.022139
34.56 -0.021808
34.57 -0.021462
34.58 -0.021103
34.59 -0.020729
34.60 -0.020339
34.61 -0.019932
34.62 -0.019506
34.63 -0.019061
34.64 -0.018597
34.65 -0.018117
34.66 -0.017621
34.67 -0.017113
34.68 -0.016593
34.69 -0.016065
34.70 -0.015529
34.71 -0.014987
34.72 -0.014441
34.73 -0.013891
34.74 -0.013338
34.75 -0.012783
34.76 -0.012227
34.77 -0.011671
34.78 -0.011117
34.79 -0.010565
34.80 -0.010012
34.81 -0.009461
34.82 -0.008910
34.83 -0.008361
34.84 -0.007813
34.85 -0.007266
34.86 -0.006719
34.87 -0.006172
34.88 -0.005626
34.89 -0.005080
34.90 -0.004535
34.91 -0.003990
34.92 -0.003447
34.93 -0.002906
34.94 -0.002370
34.95 -0.001841
34.96 -0.001318
34.97 -0.000804
34.98 -0.000299
34.99 0.000198
35.00 0.000688
35.01 0.001172
35.02 0.001649
35.03 0.002119
35.04 0.002582
35.05 0.003035
35.06 0.003480
35.07 0.003917
35.08 0.004345
35.09 0.004765
35.10 0.005177
35.11 0.005584
35.12 0.005987
35.13 0.006387
35.14 0.006785
35.15 0.007181
35.16 0.007576
35.17 0.007967
35.18 0.008355
35.19 0.008737
35.20 0.009114
35.21 0.009486
35.22 0.009849
35.23 0.010203
35.24 0.010548
35.25 0.010883
35.26 0.011210
35.27 0.011529
35.28 0.011842
35.29 0.012151
35.30 0.012455
35.31 0.012755
35.32 0.013051
35.33 0.013342
35.34 0.013627
35.35 0.013906
35.36 0.014178
35.37 0.014443
35.38 0.014700
35.39 0.014951
35.40 0.015197
35.41 0.015440
35.42 0.015680
35.43 0.015918
35.44 0.016153
35.45 0.016387
35.46 0.016621
35.47 0.016855
35.48 0.017088
35.49 0.017320
35.50 0.017551
35.51 0.017781
35.52 0.018010
35.53 0.018235
35.54 0.018458
35.55 0.018677
35.56 0.018892
35.57 0.019103
35.58 0.019313
35.59 0.019523
35.60 0.019737
35.61 0.019956
35.62 0.020180
35.63 0.020408
35.64 0.020641
35.65 0.020880
35.66 0.021123
35.67 0.021372
35.68 0.021627
35.69 0.021886
35.70 0.022149
35.71 0.022416
35.72 0.022687
35.73 0.022961
35.74 0.023239
35.75 0.023521
35.76 0.023807
35.77 0.024096
35.78 0.024390
35.79 0.024687
35.80 0.024986
35.81 0.025286
35.82 0.025585
35.83 0.025884
35.84 0.026181
35.85 0.026478
35.86 0.026773
35.87 0.027066
35.88 0.027355
35.89 0.027639
35.90 0.027919
35.91 0.028193
35.92 0.028463
35.93 0.028727
35.94 0.028986
35.95 0.029241
35.96 0.029490
35.97 0.029733
35.98 0.029968
35.99 0.030195
36.00 0.030412
36.01 0.030620
36.02 0.030816
36.03 0.030999
36.04 0.031170
36.05 0.031327
36.06 0.031470
36.07 0.031597
36.08 0.031707
36.09 0.031802
36.10 0.031881
36.11 0.031946
36.12 0.031999
36.13 0.032040
36.14 0.032071
36.15 0.032093
36.16 0.032105
36.17 0.032110
36.18 0.032107
36.19 0.032099
36.20 0.032086
36.21 0.032068
36.22 0.032043
36.23 0.032010
36.24 0.031968
36.25 0.031916
36.26 0.031853
36.27 0.031779
36.28 0.031691
36.29 0.031590
36.30 0.031476
36.31 0.031347
36.32 0.031205
36.33 0.031049
36.34 0.030883
36.35 0.030706
36.36 0.030520
36.37 0.030324
36.38 0.030119
36.39 0.029907
36.40 0.029690
36.41 0.029471
36.42 0.029250
36.43 0.029028
36.44 0.028807
36.45 0.028587
36.46 0.028366
36.47 0.028145
36.48 0.027922
36.49 0.027697
36.50 0.027471
36.51 0.027242
36.52 0.027009
36.53 0.026770
36.54 0.026524
36.55 0.026273
36.56 0.026017
36.57 0.025757
36.58 0.025491
36.59 0.025219
36.60 0.024941
36.61 0.024657
36.62 0.024366
36.63 0.024071
36.64 0.023772
36.65 0.023471
36.66 0.023167
36.67 0.022860
36.68 0.022548
36.69 0.022231
36.70 0.021907
36.71 0.021575
36.72 0.021234
36.73 0.020884
36.74 0.020525
36.75 0.020157
36.76 0.019779
36.77 0.019390
36.78 0.018991
36.79 0.018582
36.80 0.018164
36.81 0.017737
36.82 0.017300
36.83 0.016855
36.84 0.016400
36.85 0.015939
36.86 0.015471
36.87 0.014997
36.88 0.014517
36.89 0.014029
36.90 0.013534
36.91 0.013031
36.92 0.012520
36.93 0.012001
36.94 0.011472
36.95 0.010932
36.96 0.010381
36.97 0.009818
36.98 0.009243
36.99 0.008658
37.00 0.008065
37.01 0.007466
37.02 0.006862
37.03 0.006254
37.04 0.005644
37.05 0.005031
37.06 0.004417
37.07 0.003802
37.08 0.003187
37.09 0.002572
37.10 0.001957
37.11 0.001339
37.12 0.000720
37.13 0.000099
37.14 -0.000522
37.15 -0.001141
37.16 -0.001759
37.17 -0.002374
37.18 -0.002987
37.19 -0.003596
37.20 -0.004200
37.21 -0.004797
37.22 -0.005386
37.23 -0.005965
37.24 -0.006533
37.25 -0.007089
37.26 -0.007631
37.27 -0.008160
37.28 -0.008674
37.29 -0.009174
37.30 -0.009661
37.31 -0.010135
37.32 -0.010598
37.33 -0.011049
37.34 -0.011488
37.35 -0.011914
37.36 -0.012330
37.37 -0.012736
37.38 -0.013133
37.39 -0.013522
37.40 -0.013902
37.41 -0.014272
37.42 -0.014632
37.43 -0.014981
37.44 -0.015319
37.45 -0.015646
37.46 -0.015961
37.47 -0.016265
37.48 -0.016560
37.49 -0.016845
37.50 -0.017123
37.51 -0.017394
37.52 -0.017660
37.53 -0.017918
37.54 -0.018169
37.55 -0.018413
37.56 -0.018652
37.57 -0.018885
37.58 -0.019114
37.59 -0.019338
37.60 -0.019558
37.61 -0.019775
37.62 -0.019991
37.63 -0.020207
37.64 -0.020423
37.65 -0.020640
37.66 -0.020859
37.67 -0.021080
37.68 -0.021300
37.69 -0.021519
37.70 -0.021733
37.71 -0.021943
37.72 -0.022147
37.73 -0.022346
37.74 -0.022538
37.75 -0.022725
37.76 -0.022907
37.77 -0.023084
37.78 -0.023257
37.79 -0.023427
37.80 -0.023593
37.81 -0.023755
37.82 -0.023913
37.83 -0.024065
37.84 -0.024211
37.85 -0.024351
37.86 -0.024485
37.87 -0.024614
37.88 -0.024739
37.89 -0.024859
37.90 -0.024977
37.91 -0.025091
37.92 -0.025204
37.93 -0.025315
37.94 -0.025426
37.95 -0.025535
37.96 -0.025641
37.97 -0.025746
37.98 -0.025850
37.99 -0.025953
38.00 -0.026054
38.01 -0.026152
38.02 -0.026247
38.03 -0.026339
38.04 -0.026430
38.05 -0.026517
38.06 -0.026602
38.07 -0.026684
38.08 -0.026766
38.09 -0.026848
38.10 -0.026931
38.11 -0.027017
38.12 -0.027104
38.13 -0.027192
38.14 -0.027281
38.15 -0.027369
38.16 -0.027454
38.17 -0.027535
38.18 -0.027613
38.19 -0.027685
38.20 -0.027753
38.21 -0.027814
38.22 -0.027870
38.23 -0.027922
38.24 -0.027970
38.25 -0.028014
38.26 -0.028055
38.27 -0.028092
38.28 -0.028127
38.29 -0.028159
38.30 -0.028188
38.31 -0.028212
38.32 -0.028231
38.33 -0.028246
38.34 -0.028256
38.35 -0.028262
38.36 -0.028264
38.37 -0.028264
38.38 -0.028261
38.39 -0.028257
38.40 -0.028252
38.41 -0.028244
38.42 -0.028233
38.43 -0.028219
38.44 -0.028200
38.45 -0.028176
38.46 -0.028147
38.47 -0.028112
38.48 -0.028071
38.49 -0.028022
38.50 -0.027966
38.51 -0.027903
38.52 -0.027832
38.53 -0.027755
38.54 -0.027672
38.55 -0.027582
38.56 -0.027485
38.57 -0.027382
38.58 -0.027271
38.59 -0.027153
38.60 -0.027026
38.61 -0.026888
38.62 -0.026741
38.63 -0.026584
38.64 -0.026418
38.65 -0.026243
38.66 -0.026059
38.67 -0.025867
38.68 -0.025668
38.69 -0.025462
38.70 -0.025249
38.71 -0.025030
38.72 -0.024807
38.73 -0.024578
38.74 -0.024342
38.75 -0.024100
38.76 -0.023851
38.77 -0.023596
38.78 -0.023335
38.79 -0.023068
38.80 -0.022795
38.81 -0.022517
38.82 -0.022232
38.83 -0.021942
38.84 -0.021645
38.85 -0.021342
38.86 -0.021031
38.87 -0.020713
38.88 -0.020388
38.89 -0.020055
38.90 -0.019715
38.91 -0.019368
38.92 -0.019016
38.93 -0.018658
38.94 -0.018296
38.95 -0.017931
38.96 -0.017564
38.97 -0.017194
38.98 -0.016822
38.99 -0.016448
39.00 -0.016072
39.01 -0.015695
39.02 -0.015316
39.03 -0.014937
39.04 -0.014556
39.05 -0.014173
39.06 -0.013789
39.07 -0.013403
39.08 -0.013016
39.09 -0.012626
39.10 -0.012234
39.11 -0.011839
39.12 -0.011442
39.13 -0.011042
39.14 -0.010639
39.15 -0.010232
39.16 -0.009822
39.17 -0.009408
39.18 -0.008992
39.19 -0.008574
39.20 -0.008153
39.21 -0.007732
39.22 -0.007310
39.23 -0.006889
39.24 -0.006469
39.25 -0.006050
39.26 -0.005631
39.27 -0.005212
39.28 -0.004794
39.29 -0.004377
39.30 -0.003961
39.31 -0.003546
39.32 -0.003133
39.33 -0.002722
39.34 -0.002314
39.35 -0.001907
39.36 -0.001503
39.37 -0.001101
39.38 -0.000701
39.39 -0.000303
39.40 0.000092
39.41 0.000484
39.42 0.000874
39.43 0.001260
39.44 0.001643
39.45 0.002022
39.46 0.002397
39.47 0.002768
39.48 0.003134
39.49 0.003496
39.50 0.003854
39.51 0.004208
39.52 0.004559
39.53 0.004906
39.54 0.005250
39.55 0.005591
39.56 0.005928
39.57 0.006262
39.58 0.006593
39.59 0.006922
39.60 0.007247
39.61 0.007569
39.62 0.007888
39.63 0.008204
39.64 0.008517
39.65 0.008826
39.66 0.009133
39.67 0.009436
39.68 0.009735
39.69 0.010030
39.70 0.010321
39.71 0.010608
39.72 0.010890
39.73 0.011169
39.74 0.011442
39.75 0.011712
39.76 0.011977
39.77 0.012239
39.78 0.012496
39.79 0.012750
39.80 0.013000
39.81 0.013246
39.82 0.013488
39.83 0.013726
39.84 0.013961
39.85 0.014192
39.86 0.014419
39.87 0.014641
39.88 0.014859
39.89 0.015072
39.90 0.015281
39.91 0.015485
39.92 0.015685
39.93 0.015880
39.94 0.016070
39.95 0.016256
39.96 0.016438
39.97 0.016614
39.98 0.016786
39.99 0.016954
40.00 0.017117
