# ®É¶¡ (s)    ¦ì²¾ (m)
0.00 0.000000
0.01 0.000000
0.02 -0.000000
0.03 -0.000000
0.04 -0.000000
0.05 -0.000000
0.06 -0.000000
0.07 -0.000000
0.08 -0.000000
0.09 -0.000000
0.10 -0.000000
0.11 -0.000000
0.12 -0.000000
0.13 -0.000000
0.14 -0.000000
0.15 -0.000000
0.16 -0.000000
0.17 -0.000000
0.18 -0.000000
0.19 -0.000000
0.20 -0.000000
0.21 -0.000000
0.22 -0.000000
0.23 -0.000000
0.24 -0.000000
0.25 -0.000001
0.26 -0.000001
0.27 -0.000001
0.28 -0.000001
0.29 -0.000001
0.30 -0.000001
0.31 -0.000001
0.32 -0.000002
0.33 -0.000002
0.34 -0.000002
0.35 -0.000002
0.36 -0.000003
0.37 -0.000003
0.38 -0.000003
0.39 -0.000004
0.40 -0.000004
0.41 -0.000004
0.42 -0.000005
0.43 -0.000005
0.44 -0.000006
0.45 -0.000006
0.46 -0.000007
0.47 -0.000008
0.48 -0.000008
0.49 -0.000009
0.50 -0.000010
0.51 -0.000010
0.52 -0.000011
0.53 -0.000012
0.54 -0.000013
0.55 -0.000014
0.56 -0.000015
0.57 -0.000016
0.58 -0.000017
0.59 -0.000018
0.60 -0.000020
0.61 -0.000021
0.62 -0.000022
0.63 -0.000024
0.64 -0.000025
0.65 -0.000027
0.66 -0.000028
0.67 -0.000030
0.68 -0.000032
0.69 -0.000034
0.70 -0.000036
0.71 -0.000038
0.72 -0.000040
0.73 -0.000042
0.74 -0.000044
0.75 -0.000046
0.76 -0.000049
0.77 -0.000051
0.78 -0.000054
0.79 -0.000056
0.80 -0.000059
0.81 -0.000062
0.82 -0.000065
0.83 -0.000068
0.84 -0.000071
0.85 -0.000074
0.86 -0.000077
0.87 -0.000081
0.88 -0.000084
0.89 -0.000088
0.90 -0.000092
0.91 -0.000095
0.92 -0.000099
0.93 -0.000103
0.94 -0.000107
0.95 -0.000112
0.96 -0.000116
0.97 -0.000120
0.98 -0.000125
0.99 -0.000130
1.00 -0.000135
1.01 -0.000139
1.02 -0.000144
1.03 -0.000150
1.04 -0.000155
1.05 -0.000160
1.06 -0.000166
1.07 -0.000171
1.08 -0.000177
1.09 -0.000183
1.10 -0.000189
1.11 -0.000195
1.12 -0.000201
1.13 -0.000208
1.14 -0.000214
1.15 -0.000221
1.16 -0.000228
1.17 -0.000235
1.18 -0.000242
1.19 -0.000249
1.20 -0.000256
1.21 -0.000264
1.22 -0.000271
1.23 -0.000279
1.24 -0.000287
1.25 -0.000295
1.26 -0.000303
1.27 -0.000311
1.28 -0.000319
1.29 -0.000328
1.30 -0.000336
1.31 -0.000345
1.32 -0.000354
1.33 -0.000363
1.34 -0.000372
1.35 -0.000381
1.36 -0.000391
1.37 -0.000400
1.38 -0.000410
1.39 -0.000420
1.40 -0.000430
1.41 -0.000440
1.42 -0.000450
1.43 -0.000460
1.44 -0.000471
1.45 -0.000481
1.46 -0.000492
1.47 -0.000503
1.48 -0.000514
1.49 -0.000525
1.50 -0.000536
1.51 -0.000547
1.52 -0.000559
1.53 -0.000570
1.54 -0.000582
1.55 -0.000594
1.56 -0.000606
1.57 -0.000618
1.58 -0.000630
1.59 -0.000642
1.60 -0.000654
1.61 -0.000667
1.62 -0.000679
1.63 -0.000692
1.64 -0.000704
1.65 -0.000717
1.66 -0.000730
1.67 -0.000743
1.68 -0.000756
1.69 -0.000769
1.70 -0.000782
1.71 -0.000796
1.72 -0.000809
1.73 -0.000823
1.74 -0.000836
1.75 -0.000850
1.76 -0.000864
1.77 -0.000877
1.78 -0.000891
1.79 -0.000905
1.80 -0.000919
1.81 -0.000933
1.82 -0.000947
1.83 -0.000961
1.84 -0.000976
1.85 -0.000990
1.86 -0.001004
1.87 -0.001018
1.88 -0.001033
1.89 -0.001047
1.90 -0.001061
1.91 -0.001076
1.92 -0.001090
1.93 -0.001105
1.94 -0.001119
1.95 -0.001134
1.96 -0.001148
1.97 -0.001163
1.98 -0.001177
1.99 -0.001192
2.00 -0.001206
2.01 -0.001221
2.02 -0.001235
2.03 -0.001250
2.04 -0.001264
2.05 -0.001278
2.06 -0.001293
2.07 -0.001307
2.08 -0.001321
2.09 -0.001336
2.10 -0.001350
2.11 -0.001364
2.12 -0.001378
2.13 -0.001392
2.14 -0.001406
2.15 -0.001420
2.16 -0.001434
2.17 -0.001447
2.18 -0.001461
2.19 -0.001475
2.20 -0.001488
2.21 -0.001501
2.22 -0.001515
2.23 -0.001528
2.24 -0.001541
2.25 -0.001554
2.26 -0.001567
2.27 -0.001579
2.28 -0.001592
2.29 -0.001604
2.30 -0.001616
2.31 -0.001629
2.32 -0.001640
2.33 -0.001652
2.34 -0.001664
2.35 -0.001675
2.36 -0.001687
2.37 -0.001698
2.38 -0.001709
2.39 -0.001719
2.40 -0.001730
2.41 -0.001740
2.42 -0.001751
2.43 -0.001760
2.44 -0.001770
2.45 -0.001780
2.46 -0.001789
2.47 -0.001798
2.48 -0.001807
2.49 -0.001815
2.50 -0.001824
2.51 -0.001832
2.52 -0.001839
2.53 -0.001847
2.54 -0.001854
2.55 -0.001861
2.56 -0.001868
2.57 -0.001874
2.58 -0.001880
2.59 -0.001886
2.60 -0.001892
2.61 -0.001897
2.62 -0.001902
2.63 -0.001907
2.64 -0.001911
2.65 -0.001915
2.66 -0.001918
2.67 -0.001922
2.68 -0.001925
2.69 -0.001927
2.70 -0.001929
2.71 -0.001931
2.72 -0.001933
2.73 -0.001934
2.74 -0.001934
2.75 -0.001935
2.76 -0.001934
2.77 -0.001934
2.78 -0.001933
2.79 -0.001932
2.80 -0.001930
2.81 -0.001928
2.82 -0.001925
2.83 -0.001922
2.84 -0.001919
2.85 -0.001915
2.86 -0.001911
2.87 -0.001906
2.88 -0.001900
2.89 -0.001895
2.90 -0.001888
2.91 -0.001882
2.92 -0.001875
2.93 -0.001867
2.94 -0.001859
2.95 -0.001850
2.96 -0.001841
2.97 -0.001831
2.98 -0.001820
2.99 -0.001810
3.00 -0.001798
3.01 -0.001786
3.02 -0.001773
3.03 -0.001760
3.04 -0.001746
3.05 -0.001732
3.06 -0.001717
3.07 -0.001701
3.08 -0.001685
3.09 -0.001668
3.10 -0.001650
3.11 -0.001632
3.12 -0.001613
3.13 -0.001593
3.14 -0.001573
3.15 -0.001552
3.16 -0.001530
3.17 -0.001508
3.18 -0.001485
3.19 -0.001461
3.20 -0.001436
3.21 -0.001411
3.22 -0.001384
3.23 -0.001357
3.24 -0.001329
3.25 -0.001301
3.26 -0.001271
3.27 -0.001241
3.28 -0.001210
3.29 -0.001178
3.30 -0.001145
3.31 -0.001111
3.32 -0.001076
3.33 -0.001041
3.34 -0.001004
3.35 -0.000967
3.36 -0.000928
3.37 -0.000889
3.38 -0.000848
3.39 -0.000807
3.40 -0.000765
3.41 -0.000722
3.42 -0.000677
3.43 -0.000632
3.44 -0.000585
3.45 -0.000538
3.46 -0.000490
3.47 -0.000440
3.48 -0.000389
3.49 -0.000338
3.50 -0.000285
3.51 -0.000231
3.52 -0.000176
3.53 -0.000119
3.54 -0.000062
3.55 -0.000003
3.56 0.000057
3.57 0.000118
3.58 0.000180
3.59 0.000243
3.60 0.000308
3.61 0.000374
3.62 0.000441
3.63 0.000510
3.64 0.000579
3.65 0.000650
3.66 0.000723
3.67 0.000796
3.68 0.000871
3.69 0.000947
3.70 0.001025
3.71 0.001104
3.72 0.001184
3.73 0.001265
3.74 0.001348
3.75 0.001433
3.76 0.001518
3.77 0.001605
3.78 0.001694
3.79 0.001783
3.80 0.001875
3.81 0.001967
3.82 0.002061
3.83 0.002157
3.84 0.002253
3.85 0.002352
3.86 0.002451
3.87 0.002552
3.88 0.002655
3.89 0.002759
3.90 0.002864
3.91 0.002971
3.92 0.003079
3.93 0.003189
3.94 0.003300
3.95 0.003413
3.96 0.003527
3.97 0.003642
3.98 0.003759
3.99 0.003877
4.00 0.003997
4.01 0.004118
4.02 0.004240
4.03 0.004364
4.04 0.004490
4.05 0.004617
4.06 0.004745
4.07 0.004874
4.08 0.005006
4.09 0.005138
4.10 0.005272
4.11 0.005407
4.12 0.005544
4.13 0.005682
4.14 0.005822
4.15 0.005963
4.16 0.006105
4.17 0.006248
4.18 0.006393
4.19 0.006540
4.20 0.006687
4.21 0.006836
4.22 0.006987
4.23 0.007138
4.24 0.007291
4.25 0.007445
4.26 0.007601
4.27 0.007758
4.28 0.007916
4.29 0.008075
4.30 0.008236
4.31 0.008398
4.32 0.008561
4.33 0.008725
4.34 0.008890
4.35 0.009057
4.36 0.009225
4.37 0.009394
4.38 0.009564
4.39 0.009735
4.40 0.009908
4.41 0.010081
4.42 0.010256
4.43 0.010431
4.44 0.010608
4.45 0.010785
4.46 0.010964
4.47 0.011143
4.48 0.011324
4.49 0.011505
4.50 0.011688
4.51 0.011871
4.52 0.012055
4.53 0.012240
4.54 0.012425
4.55 0.012611
4.56 0.012798
4.57 0.012986
4.58 0.013174
4.59 0.013363
4.60 0.013552
4.61 0.013742
4.62 0.013932
4.63 0.014123
4.64 0.014314
4.65 0.014505
4.66 0.014697
4.67 0.014890
4.68 0.015082
4.69 0.015276
4.70 0.015469
4.71 0.015663
4.72 0.015857
4.73 0.016052
4.74 0.016246
4.75 0.016441
4.76 0.016636
4.77 0.016831
4.78 0.017026
4.79 0.017220
4.80 0.017415
4.81 0.017609
4.82 0.017803
4.83 0.017996
4.84 0.018188
4.85 0.018380
4.86 0.018571
4.87 0.018760
4.88 0.018949
4.89 0.019136
4.90 0.019322
4.91 0.019507
4.92 0.019690
4.93 0.019871
4.94 0.020050
4.95 0.020228
4.96 0.020403
4.97 0.020576
4.98 0.020746
4.99 0.020915
5.00 0.021080
5.01 0.021243
5.02 0.021403
5.03 0.021560
5.04 0.021714
5.05 0.021864
5.06 0.022012
5.07 0.022155
5.08 0.022295
5.09 0.022431
5.10 0.022563
5.11 0.022692
5.12 0.022815
5.13 0.022935
5.14 0.023051
5.15 0.023161
5.16 0.023268
5.17 0.023370
5.18 0.023467
5.19 0.023559
5.20 0.023647
5.21 0.023730
5.22 0.023808
5.23 0.023880
5.24 0.023948
5.25 0.024011
5.26 0.024069
5.27 0.024121
5.28 0.024169
5.29 0.024211
5.30 0.024247
5.31 0.024278
5.32 0.024304
5.33 0.024324
5.34 0.024338
5.35 0.024347
5.36 0.024350
5.37 0.024346
5.38 0.024337
5.39 0.024322
5.40 0.024301
5.41 0.024273
5.42 0.024240
5.43 0.024200
5.44 0.024154
5.45 0.024101
5.46 0.024043
5.47 0.023978
5.48 0.023906
5.49 0.023828
5.50 0.023744
5.51 0.023653
5.52 0.023556
5.53 0.023452
5.54 0.023341
5.55 0.023224
5.56 0.023101
5.57 0.022971
5.58 0.022834
5.59 0.022691
5.60 0.022542
5.61 0.022386
5.62 0.022224
5.63 0.022055
5.64 0.021880
5.65 0.021699
5.66 0.021511
5.67 0.021317
5.68 0.021118
5.69 0.020912
5.70 0.020700
5.71 0.020483
5.72 0.020259
5.73 0.020030
5.74 0.019796
5.75 0.019556
5.76 0.019311
5.77 0.019061
5.78 0.018805
5.79 0.018545
5.80 0.018281
5.81 0.018012
5.82 0.017738
5.83 0.017460
5.84 0.017179
5.85 0.016893
5.86 0.016604
5.87 0.016311
5.88 0.016015
5.89 0.015716
5.90 0.015415
5.91 0.015111
5.92 0.014804
5.93 0.014496
5.94 0.014185
5.95 0.013874
5.96 0.013561
5.97 0.013248
5.98 0.012933
5.99 0.012619
6.00 0.012304
6.01 0.011990
6.02 0.011676
6.03 0.011363
6.04 0.011050
6.05 0.010739
6.06 0.010428
6.07 0.010119
6.08 0.009812
6.09 0.009506
6.10 0.009201
6.11 0.008899
6.12 0.008598
6.13 0.008300
6.14 0.008004
6.15 0.007710
6.16 0.007418
6.17 0.007129
6.18 0.006843
6.19 0.006559
6.20 0.006279
6.21 0.006001
6.22 0.005727
6.23 0.005456
6.24 0.005189
6.25 0.004925
6.26 0.004666
6.27 0.004410
6.28 0.004159
6.29 0.003912
6.30 0.003670
6.31 0.003432
6.32 0.003199
6.33 0.002971
6.34 0.002747
6.35 0.002529
6.36 0.002316
6.37 0.002108
6.38 0.001905
6.39 0.001707
6.40 0.001515
6.41 0.001328
6.42 0.001147
6.43 0.000970
6.44 0.000800
6.45 0.000634
6.46 0.000475
6.47 0.000320
6.48 0.000172
6.49 0.000029
6.50 -0.000109
6.51 -0.000240
6.52 -0.000366
6.53 -0.000486
6.54 -0.000601
6.55 -0.000709
6.56 -0.000812
6.57 -0.000908
6.58 -0.000999
6.59 -0.001084
6.60 -0.001163
6.61 -0.001235
6.62 -0.001302
6.63 -0.001364
6.64 -0.001419
6.65 -0.001468
6.66 -0.001512
6.67 -0.001549
6.68 -0.001581
6.69 -0.001607
6.70 -0.001626
6.71 -0.001641
6.72 -0.001649
6.73 -0.001651
6.74 -0.001648
6.75 -0.001639
6.76 -0.001624
6.77 -0.001604
6.78 -0.001578
6.79 -0.001547
6.80 -0.001510
6.81 -0.001469
6.82 -0.001422
6.83 -0.001371
6.84 -0.001315
6.85 -0.001255
6.86 -0.001190
6.87 -0.001122
6.88 -0.001049
6.89 -0.000973
6.90 -0.000893
6.91 -0.000810
6.92 -0.000724
6.93 -0.000635
6.94 -0.000543
6.95 -0.000450
6.96 -0.000354
6.97 -0.000257
6.98 -0.000158
6.99 -0.000059
7.00 0.000041
7.01 0.000142
7.02 0.000242
7.03 0.000343
7.04 0.000442
7.05 0.000540
7.06 0.000637
7.07 0.000732
7.08 0.000825
7.09 0.000915
7.10 0.001003
7.11 0.001089
7.12 0.001172
7.13 0.001252
7.14 0.001330
7.15 0.001404
7.16 0.001475
7.17 0.001544
7.18 0.001610
7.19 0.001672
7.20 0.001732
7.21 0.001789
7.22 0.001843
7.23 0.001895
7.24 0.001943
7.25 0.001988
7.26 0.002031
7.27 0.002070
7.28 0.002106
7.29 0.002139
7.30 0.002170
7.31 0.002196
7.32 0.002220
7.33 0.002240
7.34 0.002257
7.35 0.002271
7.36 0.002280
7.37 0.002286
7.38 0.002288
7.39 0.002286
7.40 0.002280
7.41 0.002269
7.42 0.002253
7.43 0.002233
7.44 0.002207
7.45 0.002177
7.46 0.002141
7.47 0.002099
7.48 0.002051
7.49 0.001997
7.50 0.001937
7.51 0.001870
7.52 0.001796
7.53 0.001715
7.54 0.001626
7.55 0.001530
7.56 0.001426
7.57 0.001314
7.58 0.001194
7.59 0.001065
7.60 0.000928
7.61 0.000782
7.62 0.000627
7.63 0.000464
7.64 0.000291
7.65 0.000110
7.66 -0.000081
7.67 -0.000280
7.68 -0.000488
7.69 -0.000705
7.70 -0.000932
7.71 -0.001167
7.72 -0.001411
7.73 -0.001665
7.74 -0.001927
7.75 -0.002198
7.76 -0.002478
7.77 -0.002768
7.78 -0.003066
7.79 -0.003373
7.80 -0.003689
7.81 -0.004014
7.82 -0.004348
7.83 -0.004691
7.84 -0.005043
7.85 -0.005404
7.86 -0.005774
7.87 -0.006153
7.88 -0.006541
7.89 -0.006938
7.90 -0.007344
7.91 -0.007759
7.92 -0.008182
7.93 -0.008614
7.94 -0.009055
7.95 -0.009504
7.96 -0.009961
7.97 -0.010427
7.98 -0.010900
7.99 -0.011381
8.00 -0.011869
8.01 -0.012364
8.02 -0.012866
8.03 -0.013375
8.04 -0.013889
8.05 -0.014410
8.06 -0.014935
8.07 -0.015466
8.08 -0.016002
8.09 -0.016542
8.10 -0.017086
8.11 -0.017635
8.12 -0.018187
8.13 -0.018742
8.14 -0.019300
8.15 -0.019861
8.16 -0.020425
8.17 -0.020992
8.18 -0.021560
8.19 -0.022131
8.20 -0.022705
8.21 -0.023280
8.22 -0.023857
8.23 -0.024436
8.24 -0.025017
8.25 -0.025599
8.26 -0.026183
8.27 -0.026769
8.28 -0.027357
8.29 -0.027947
8.30 -0.028539
8.31 -0.029133
8.32 -0.029729
8.33 -0.030328
8.34 -0.030928
8.35 -0.031532
8.36 -0.032138
8.37 -0.032747
8.38 -0.033359
8.39 -0.033973
8.40 -0.034591
8.41 -0.035212
8.42 -0.035836
8.43 -0.036462
8.44 -0.037092
8.45 -0.037725
8.46 -0.038360
8.47 -0.038999
8.48 -0.039640
8.49 -0.040284
8.50 -0.040930
8.51 -0.041578
8.52 -0.042229
8.53 -0.042882
8.54 -0.043537
8.55 -0.044193
8.56 -0.044850
8.57 -0.045509
8.58 -0.046168
8.59 -0.046828
8.60 -0.047488
8.61 -0.048148
8.62 -0.048808
8.63 -0.049467
8.64 -0.050125
8.65 -0.050782
8.66 -0.051437
8.67 -0.052091
8.68 -0.052743
8.69 -0.053392
8.70 -0.054039
8.71 -0.054683
8.72 -0.055324
8.73 -0.055962
8.74 -0.056597
8.75 -0.057228
8.76 -0.057855
8.77 -0.058479
8.78 -0.059100
8.79 -0.059716
8.80 -0.060328
8.81 -0.060937
8.82 -0.061541
8.83 -0.062141
8.84 -0.062737
8.85 -0.063328
8.86 -0.063915
8.87 -0.064498
8.88 -0.065076
8.89 -0.065649
8.90 -0.066218
8.91 -0.066781
8.92 -0.067340
8.93 -0.067894
8.94 -0.068443
8.95 -0.068988
8.96 -0.069527
8.97 -0.070061
8.98 -0.070590
8.99 -0.071114
9.00 -0.071633
9.01 -0.072146
9.02 -0.072655
9.03 -0.073158
9.04 -0.073656
9.05 -0.074149
9.06 -0.074636
9.07 -0.075118
9.08 -0.075595
9.09 -0.076067
9.10 -0.076534
9.11 -0.076995
9.12 -0.077452
9.13 -0.077903
9.14 -0.078348
9.15 -0.078789
9.16 -0.079224
9.17 -0.079654
9.18 -0.080078
9.19 -0.080497
9.20 -0.080910
9.21 -0.081317
9.22 -0.081718
9.23 -0.082113
9.24 -0.082502
9.25 -0.082885
9.26 -0.083261
9.27 -0.083631
9.28 -0.083994
9.29 -0.084350
9.30 -0.084700
9.31 -0.085042
9.32 -0.085378
9.33 -0.085706
9.34 -0.086027
9.35 -0.086340
9.36 -0.086646
9.37 -0.086943
9.38 -0.087233
9.39 -0.087513
9.40 -0.087785
9.41 -0.088047
9.42 -0.088301
9.43 -0.088544
9.44 -0.088777
9.45 -0.089000
9.46 -0.089212
9.47 -0.089413
9.48 -0.089603
9.49 -0.089782
9.50 -0.089948
9.51 -0.090103
9.52 -0.090245
9.53 -0.090375
9.54 -0.090492
9.55 -0.090596
9.56 -0.090688
9.57 -0.090767
9.58 -0.090833
9.59 -0.090885
9.60 -0.090925
9.61 -0.090952
9.62 -0.090965
9.63 -0.090966
9.64 -0.090953
9.65 -0.090928
9.66 -0.090890
9.67 -0.090839
9.68 -0.090775
9.69 -0.090698
9.70 -0.090608
9.71 -0.090506
9.72 -0.090391
9.73 -0.090263
9.74 -0.090122
9.75 -0.089969
9.76 -0.089803
9.77 -0.089624
9.78 -0.089432
9.79 -0.089227
9.80 -0.089010
9.81 -0.088780
9.82 -0.088537
9.83 -0.088281
9.84 -0.088012
9.85 -0.087730
9.86 -0.087435
9.87 -0.087127
9.88 -0.086806
9.89 -0.086471
9.90 -0.086124
9.91 -0.085763
9.92 -0.085389
9.93 -0.085001
9.94 -0.084600
9.95 -0.084186
9.96 -0.083757
9.97 -0.083316
9.98 -0.082860
9.99 -0.082391
10.00 -0.081907
10.01 -0.081410
10.02 -0.080900
10.03 -0.080375
10.04 -0.079837
10.05 -0.079286
10.06 -0.078720
10.07 -0.078141
10.08 -0.077548
10.09 -0.076942
10.10 -0.076322
10.11 -0.075689
10.12 -0.075042
10.13 -0.074383
10.14 -0.073709
10.15 -0.073023
10.16 -0.072324
10.17 -0.071612
10.18 -0.070887
10.19 -0.070151
10.20 -0.069402
10.21 -0.068641
10.22 -0.067868
10.23 -0.067085
10.24 -0.066290
10.25 -0.065485
10.26 -0.064668
10.27 -0.063842
10.28 -0.063005
10.29 -0.062159
10.30 -0.061302
10.31 -0.060436
10.32 -0.059561
10.33 -0.058676
10.34 -0.057781
10.35 -0.056878
10.36 -0.055965
10.37 -0.055043
10.38 -0.054113
10.39 -0.053174
10.40 -0.052226
10.41 -0.051270
10.42 -0.050306
10.43 -0.049333
10.44 -0.048353
10.45 -0.047365
10.46 -0.046370
10.47 -0.045367
10.48 -0.044357
10.49 -0.043341
10.50 -0.042317
10.51 -0.041287
10.52 -0.040251
10.53 -0.039209
10.54 -0.038162
10.55 -0.037108
10.56 -0.036049
10.57 -0.034985
10.58 -0.033916
10.59 -0.032842
10.60 -0.031763
10.61 -0.030679
10.62 -0.029591
10.63 -0.028499
10.64 -0.027402
10.65 -0.026301
10.66 -0.025196
10.67 -0.024088
10.68 -0.022975
10.69 -0.021859
10.70 -0.020740
10.71 -0.019617
10.72 -0.018491
10.73 -0.017362
10.74 -0.016230
10.75 -0.015095
10.76 -0.013958
10.77 -0.012817
10.78 -0.011674
10.79 -0.010529
10.80 -0.009380
10.81 -0.008230
10.82 -0.007076
10.83 -0.005920
10.84 -0.004761
10.85 -0.003599
10.86 -0.002435
10.87 -0.001267
10.88 -0.000097
10.89 0.001076
10.90 0.002253
10.91 0.003432
10.92 0.004615
10.93 0.005801
10.94 0.006990
10.95 0.008182
10.96 0.009378
10.97 0.010577
10.98 0.011780
10.99 0.012985
11.00 0.014195
11.01 0.015407
11.02 0.016623
11.03 0.017843
11.04 0.019066
11.05 0.020292
11.06 0.021521
11.07 0.022754
11.08 0.023989
11.09 0.025228
11.10 0.026469
11.11 0.027713
11.12 0.028960
11.13 0.030209
11.14 0.031460
11.15 0.032714
11.16 0.033969
11.17 0.035226
11.18 0.036484
11.19 0.037743
11.20 0.039003
11.21 0.040265
11.22 0.041526
11.23 0.042788
11.24 0.044050
11.25 0.045311
11.26 0.046572
11.27 0.047832
11.28 0.049092
11.29 0.050350
11.30 0.051607
11.31 0.052862
11.32 0.054115
11.33 0.055367
11.34 0.056616
11.35 0.057864
11.36 0.059109
11.37 0.060351
11.38 0.061591
11.39 0.062829
11.40 0.064064
11.41 0.065297
11.42 0.066526
11.43 0.067753
11.44 0.068977
11.45 0.070198
11.46 0.071416
11.47 0.072630
11.48 0.073842
11.49 0.075050
11.50 0.076256
11.51 0.077457
11.52 0.078656
11.53 0.079850
11.54 0.081041
11.55 0.082229
11.56 0.083412
11.57 0.084592
11.58 0.085767
11.59 0.086939
11.60 0.088106
11.61 0.089269
11.62 0.090427
11.63 0.091581
11.64 0.092730
11.65 0.093874
11.66 0.095013
11.67 0.096148
11.68 0.097277
11.69 0.098401
11.70 0.099520
11.71 0.100634
11.72 0.101742
11.73 0.102844
11.74 0.103940
11.75 0.105030
11.76 0.106113
11.77 0.107191
11.78 0.108261
11.79 0.109325
11.80 0.110381
11.81 0.111430
11.82 0.112472
11.83 0.113505
11.84 0.114531
11.85 0.115548
11.86 0.116556
11.87 0.117555
11.88 0.118545
11.89 0.119525
11.90 0.120495
11.91 0.121455
11.92 0.122405
11.93 0.123343
11.94 0.124270
11.95 0.125185
11.96 0.126089
11.97 0.126980
11.98 0.127858
11.99 0.128724
12.00 0.129576
12.01 0.130415
12.02 0.131239
12.03 0.132050
12.04 0.132846
12.05 0.133627
12.06 0.134393
12.07 0.135144
12.08 0.135880
12.09 0.136600
12.10 0.137304
12.11 0.137991
12.12 0.138663
12.13 0.139318
12.14 0.139956
12.15 0.140577
12.16 0.141181
12.17 0.141767
12.18 0.142337
12.19 0.142888
12.20 0.143422
12.21 0.143938
12.22 0.144435
12.23 0.144914
12.24 0.145375
12.25 0.145817
12.26 0.146241
12.27 0.146646
12.28 0.147031
12.29 0.147398
12.30 0.147746
12.31 0.148074
12.32 0.148383
12.33 0.148672
12.34 0.148943
12.35 0.149193
12.36 0.149424
12.37 0.149635
12.38 0.149827
12.39 0.149999
12.40 0.150151
12.41 0.150284
12.42 0.150396
12.43 0.150489
12.44 0.150562
12.45 0.150616
12.46 0.150650
12.47 0.150664
12.48 0.150658
12.49 0.150633
12.50 0.150588
12.51 0.150524
12.52 0.150441
12.53 0.150337
12.54 0.150215
12.55 0.150073
12.56 0.149912
12.57 0.149731
12.58 0.149531
12.59 0.149311
12.60 0.149072
12.61 0.148814
12.62 0.148536
12.63 0.148239
12.64 0.147923
12.65 0.147587
12.66 0.147232
12.67 0.146857
12.68 0.146463
12.69 0.146049
12.70 0.145616
12.71 0.145164
12.72 0.144692
12.73 0.144201
12.74 0.143690
12.75 0.143160
12.76 0.142611
12.77 0.142044
12.78 0.141457
12.79 0.140851
12.80 0.140226
12.81 0.139583
12.82 0.138921
12.83 0.138240
12.84 0.137541
12.85 0.136824
12.86 0.136088
12.87 0.135335
12.88 0.134563
12.89 0.133773
12.90 0.132966
12.91 0.132141
12.92 0.131298
12.93 0.130438
12.94 0.129561
12.95 0.128666
12.96 0.127755
12.97 0.126826
12.98 0.125881
12.99 0.124919
13.00 0.123940
13.01 0.122945
13.02 0.121933
13.03 0.120906
13.04 0.119862
13.05 0.118802
13.06 0.117727
13.07 0.116636
13.08 0.115530
13.09 0.114408
13.10 0.113272
13.11 0.112120
13.12 0.110954
13.13 0.109773
13.14 0.108577
13.15 0.107367
13.16 0.106143
13.17 0.104906
13.18 0.103654
13.19 0.102389
13.20 0.101111
13.21 0.099819
13.22 0.098515
13.23 0.097197
13.24 0.095868
13.25 0.094526
13.26 0.093172
13.27 0.091806
13.28 0.090429
13.29 0.089040
13.30 0.087640
13.31 0.086230
13.32 0.084808
13.33 0.083377
13.34 0.081935
13.35 0.080483
13.36 0.079022
13.37 0.077552
13.38 0.076072
13.39 0.074583
13.40 0.073086
13.41 0.071580
13.42 0.070066
13.43 0.068545
13.44 0.067015
13.45 0.065478
13.46 0.063933
13.47 0.062382
13.48 0.060824
13.49 0.059259
13.50 0.057688
13.51 0.056111
13.52 0.054528
13.53 0.052940
13.54 0.051346
13.55 0.049747
13.56 0.048144
13.57 0.046536
13.58 0.044924
13.59 0.043308
13.60 0.041689
13.61 0.040066
13.62 0.038441
13.63 0.036813
13.64 0.035182
13.65 0.033550
13.66 0.031916
13.67 0.030281
13.68 0.028644
13.69 0.027007
13.70 0.025370
13.71 0.023733
13.72 0.022096
13.73 0.020459
13.74 0.018824
13.75 0.017190
13.76 0.015557
13.77 0.013926
13.78 0.012297
13.79 0.010671
13.80 0.009048
13.81 0.007427
13.82 0.005810
13.83 0.004197
13.84 0.002587
13.85 0.000982
13.86 -0.000619
13.87 -0.002215
13.88 -0.003806
13.89 -0.005392
13.90 -0.006972
13.91 -0.008546
13.92 -0.010115
13.93 -0.011676
13.94 -0.013232
13.95 -0.014780
13.96 -0.016322
13.97 -0.017856
13.98 -0.019382
13.99 -0.020901
14.00 -0.022412
14.01 -0.023915
14.02 -0.025409
14.03 -0.026894
14.04 -0.028370
14.05 -0.029838
14.06 -0.031296
14.07 -0.032744
14.08 -0.034183
14.09 -0.035612
14.10 -0.037031
14.11 -0.038439
14.12 -0.039838
14.13 -0.041225
14.14 -0.042602
14.15 -0.043968
14.16 -0.045323
14.17 -0.046666
14.18 -0.047999
14.19 -0.049320
14.20 -0.050629
14.21 -0.051927
14.22 -0.053214
14.23 -0.054488
14.24 -0.055751
14.25 -0.057002
14.26 -0.058240
14.27 -0.059467
14.28 -0.060682
14.29 -0.061884
14.30 -0.063074
14.31 -0.064251
14.32 -0.065416
14.33 -0.066569
14.34 -0.067709
14.35 -0.068836
14.36 -0.069951
14.37 -0.071052
14.38 -0.072141
14.39 -0.073217
14.40 -0.074280
14.41 -0.075329
14.42 -0.076366
14.43 -0.077389
14.44 -0.078400
14.45 -0.079396
14.46 -0.080379
14.47 -0.081349
14.48 -0.082305
14.49 -0.083247
14.50 -0.084175
14.51 -0.085090
14.52 -0.085990
14.53 -0.086876
14.54 -0.087748
14.55 -0.088606
14.56 -0.089449
14.57 -0.090277
14.58 -0.091091
14.59 -0.091890
14.60 -0.092673
14.61 -0.093442
14.62 -0.094195
14.63 -0.094932
14.64 -0.095654
14.65 -0.096360
14.66 -0.097051
14.67 -0.097725
14.68 -0.098383
14.69 -0.099024
14.70 -0.099649
14.71 -0.100258
14.72 -0.100849
14.73 -0.101424
14.74 -0.101981
14.75 -0.102521
14.76 -0.103044
14.77 -0.103549
14.78 -0.104037
14.79 -0.104507
14.80 -0.104959
14.81 -0.105394
14.82 -0.105810
14.83 -0.106208
14.84 -0.106588
14.85 -0.106950
14.86 -0.107294
14.87 -0.107619
14.88 -0.107925
14.89 -0.108214
14.90 -0.108483
14.91 -0.108734
14.92 -0.108966
14.93 -0.109179
14.94 -0.109374
14.95 -0.109550
14.96 -0.109706
14.97 -0.109844
14.98 -0.109963
14.99 -0.110063
15.00 -0.110144
15.01 -0.110207
15.02 -0.110250
15.03 -0.110274
15.04 -0.110280
15.05 -0.110266
15.06 -0.110234
15.07 -0.110183
15.08 -0.110113
15.09 -0.110024
15.10 -0.109917
15.11 -0.109791
15.12 -0.109646
15.13 -0.109483
15.14 -0.109301
15.15 -0.109101
15.16 -0.108882
15.17 -0.108645
15.18 -0.108390
15.19 -0.108117
15.20 -0.107825
15.21 -0.107515
15.22 -0.107187
15.23 -0.106841
15.24 -0.106477
15.25 -0.106096
15.26 -0.105697
15.27 -0.105280
15.28 -0.104845
15.29 -0.104394
15.30 -0.103925
15.31 -0.103438
15.32 -0.102935
15.33 -0.102414
15.34 -0.101877
15.35 -0.101323
15.36 -0.100752
15.37 -0.100165
15.38 -0.099561
15.39 -0.098940
15.40 -0.098304
15.41 -0.097651
15.42 -0.096983
15.43 -0.096298
15.44 -0.095598
15.45 -0.094882
15.46 -0.094150
15.47 -0.093404
15.48 -0.092641
15.49 -0.091864
15.50 -0.091072
15.51 -0.090265
15.52 -0.089444
15.53 -0.088608
15.54 -0.087758
15.55 -0.086894
15.56 -0.086017
15.57 -0.085126
15.58 -0.084221
15.59 -0.083304
15.60 -0.082374
15.61 -0.081432
15.62 -0.080477
15.63 -0.079511
15.64 -0.078533
15.65 -0.077544
15.66 -0.076544
15.67 -0.075534
15.68 -0.074513
15.69 -0.073483
15.70 -0.072442
15.71 -0.071392
15.72 -0.070333
15.73 -0.069266
15.74 -0.068189
15.75 -0.067104
15.76 -0.066011
15.77 -0.064911
15.78 -0.063803
15.79 -0.062688
15.80 -0.061565
15.81 -0.060437
15.82 -0.059301
15.83 -0.058160
15.84 -0.057013
15.85 -0.055861
15.86 -0.054703
15.87 -0.053541
15.88 -0.052373
15.89 -0.051201
15.90 -0.050026
15.91 -0.048846
15.92 -0.047662
15.93 -0.046475
15.94 -0.045285
15.95 -0.044093
15.96 -0.042897
15.97 -0.041699
15.98 -0.040500
15.99 -0.039298
16.00 -0.038095
16.01 -0.036891
16.02 -0.035686
16.03 -0.034480
16.04 -0.033274
16.05 -0.032067
16.06 -0.030861
16.07 -0.029654
16.08 -0.028449
16.09 -0.027244
16.10 -0.026040
16.11 -0.024838
16.12 -0.023637
16.13 -0.022438
16.14 -0.021240
16.15 -0.020045
16.16 -0.018852
16.17 -0.017662
16.18 -0.016474
16.19 -0.015290
16.20 -0.014108
16.21 -0.012931
16.22 -0.011756
16.23 -0.010586
16.24 -0.009420
16.25 -0.008259
16.26 -0.007102
16.27 -0.005950
16.28 -0.004803
16.29 -0.003661
16.30 -0.002526
16.31 -0.001396
16.32 -0.000272
16.33 0.000845
16.34 0.001955
16.35 0.003058
16.36 0.004153
16.37 0.005241
16.38 0.006321
16.39 0.007393
16.40 0.008456
16.41 0.009511
16.42 0.010556
16.43 0.011592
16.44 0.012618
16.45 0.013634
16.46 0.014641
16.47 0.015636
16.48 0.016621
16.49 0.017595
16.50 0.018558
16.51 0.019509
16.52 0.020448
16.53 0.021375
16.54 0.022290
16.55 0.023193
16.56 0.024082
16.57 0.024959
16.58 0.025822
16.59 0.026672
16.60 0.027508
16.61 0.028330
16.62 0.029138
16.63 0.029932
16.64 0.030711
16.65 0.031476
16.66 0.032225
16.67 0.032960
16.68 0.033679
16.69 0.034383
16.70 0.035071
16.71 0.035744
16.72 0.036401
16.73 0.037041
16.74 0.037666
16.75 0.038275
16.76 0.038867
16.77 0.039442
16.78 0.040001
16.79 0.040544
16.80 0.041069
16.81 0.041577
16.82 0.042069
16.83 0.042543
16.84 0.042999
16.85 0.043439
16.86 0.043861
16.87 0.044265
16.88 0.044652
16.89 0.045021
16.90 0.045373
16.91 0.045707
16.92 0.046023
16.93 0.046322
16.94 0.046603
16.95 0.046866
16.96 0.047111
16.97 0.047338
16.98 0.047547
16.99 0.047739
17.00 0.047913
17.01 0.048068
17.02 0.048206
17.03 0.048326
17.04 0.048428
17.05 0.048512
17.06 0.048579
17.07 0.048627
17.08 0.048657
17.09 0.048669
17.10 0.048664
17.11 0.048640
17.12 0.048599
17.13 0.048539
17.14 0.048462
17.15 0.048367
17.16 0.048254
17.17 0.048123
17.18 0.047974
17.19 0.047807
17.20 0.047623
17.21 0.047421
17.22 0.047202
17.23 0.046964
17.24 0.046710
17.25 0.046438
17.26 0.046149
17.27 0.045842
17.28 0.045519
17.29 0.045178
17.30 0.044821
17.31 0.044448
17.32 0.044057
17.33 0.043651
17.34 0.043228
17.35 0.042790
17.36 0.042336
17.37 0.041866
17.38 0.041381
17.39 0.040882
17.40 0.040367
17.41 0.039837
17.42 0.039294
17.43 0.038736
17.44 0.038164
17.45 0.037578
17.46 0.036979
17.47 0.036367
17.48 0.035742
17.49 0.035104
17.50 0.034453
17.51 0.033790
17.52 0.033115
17.53 0.032428
17.54 0.031729
17.55 0.031019
17.56 0.030298
17.57 0.029565
17.58 0.028822
17.59 0.028068
17.60 0.027303
17.61 0.026529
17.62 0.025745
17.63 0.024951
17.64 0.024147
17.65 0.023335
17.66 0.022514
17.67 0.021684
17.68 0.020846
17.69 0.020000
17.70 0.019147
17.71 0.018286
17.72 0.017417
17.73 0.016542
17.74 0.015660
17.75 0.014772
17.76 0.013878
17.77 0.012977
17.78 0.012072
17.79 0.011161
17.80 0.010245
17.81 0.009324
17.82 0.008399
17.83 0.007470
17.84 0.006537
17.85 0.005601
17.86 0.004661
17.87 0.003719
17.88 0.002773
17.89 0.001826
17.90 0.000876
17.91 -0.000076
17.92 -0.001029
17.93 -0.001984
17.94 -0.002940
17.95 -0.003898
17.96 -0.004855
17.97 -0.005814
17.98 -0.006773
17.99 -0.007731
18.00 -0.008690
18.01 -0.009648
18.02 -0.010605
18.03 -0.011562
18.04 -0.012518
18.05 -0.013472
18.06 -0.014424
18.07 -0.015375
18.08 -0.016323
18.09 -0.017270
18.10 -0.018214
18.11 -0.019155
18.12 -0.020093
18.13 -0.021027
18.14 -0.021959
18.15 -0.022887
18.16 -0.023811
18.17 -0.024731
18.18 -0.025648
18.19 -0.026559
18.20 -0.027467
18.21 -0.028370
18.22 -0.029268
18.23 -0.030162
18.24 -0.031050
18.25 -0.031933
18.26 -0.032811
18.27 -0.033683
18.28 -0.034549
18.29 -0.035410
18.30 -0.036264
18.31 -0.037113
18.32 -0.037954
18.33 -0.038790
18.34 -0.039618
18.35 -0.040439
18.36 -0.041254
18.37 -0.042061
18.38 -0.042860
18.39 -0.043652
18.40 -0.044437
18.41 -0.045213
18.42 -0.045982
18.43 -0.046742
18.44 -0.047494
18.45 -0.048237
18.46 -0.048973
18.47 -0.049699
18.48 -0.050416
18.49 -0.051125
18.50 -0.051824
18.51 -0.052515
18.52 -0.053196
18.53 -0.053867
18.54 -0.054529
18.55 -0.055180
18.56 -0.055822
18.57 -0.056454
18.58 -0.057076
18.59 -0.057687
18.60 -0.058288
18.61 -0.058878
18.62 -0.059458
18.63 -0.060027
18.64 -0.060584
18.65 -0.061131
18.66 -0.061666
18.67 -0.062190
18.68 -0.062702
18.69 -0.063203
18.70 -0.063692
18.71 -0.064170
18.72 -0.064635
18.73 -0.065088
18.74 -0.065529
18.75 -0.065958
18.76 -0.066374
18.77 -0.066777
18.78 -0.067168
18.79 -0.067546
18.80 -0.067911
18.81 -0.068263
18.82 -0.068602
18.83 -0.068928
18.84 -0.069241
18.85 -0.069540
18.86 -0.069825
18.87 -0.070097
18.88 -0.070355
18.89 -0.070600
18.90 -0.070831
18.91 -0.071048
18.92 -0.071251
18.93 -0.071440
18.94 -0.071615
18.95 -0.071776
18.96 -0.071923
18.97 -0.072056
18.98 -0.072175
18.99 -0.072279
19.00 -0.072370
19.01 -0.072446
19.02 -0.072507
19.03 -0.072555
19.04 -0.072588
19.05 -0.072606
19.06 -0.072610
19.07 -0.072599
19.08 -0.072574
19.09 -0.072534
19.10 -0.072479
19.11 -0.072409
19.12 -0.072324
19.13 -0.072225
19.14 -0.072110
19.15 -0.071980
19.16 -0.071835
19.17 -0.071675
19.18 -0.071499
19.19 -0.071309
19.20 -0.071103
19.21 -0.070881
19.22 -0.070645
19.23 -0.070393
19.24 -0.070125
19.25 -0.069843
19.26 -0.069544
19.27 -0.069231
19.28 -0.068902
19.29 -0.068558
19.30 -0.068198
19.31 -0.067823
19.32 -0.067433
19.33 -0.067027
19.34 -0.066606
19.35 -0.066170
19.36 -0.065719
19.37 -0.065252
19.38 -0.064771
19.39 -0.064274
19.40 -0.063763
19.41 -0.063236
19.42 -0.062695
19.43 -0.062139
19.44 -0.061568
19.45 -0.060983
19.46 -0.060383
19.47 -0.059769
19.48 -0.059140
19.49 -0.058497
19.50 -0.057840
19.51 -0.057170
19.52 -0.056485
19.53 -0.055786
19.54 -0.055074
19.55 -0.054349
19.56 -0.053610
19.57 -0.052858
19.58 -0.052094
19.59 -0.051316
19.60 -0.050526
19.61 -0.049723
19.62 -0.048908
19.63 -0.048082
19.64 -0.047243
19.65 -0.046394
19.66 -0.045533
19.67 -0.044661
19.68 -0.043778
19.69 -0.042885
19.70 -0.041982
19.71 -0.041068
19.72 -0.040146
19.73 -0.039213
19.74 -0.038272
19.75 -0.037321
19.76 -0.036362
19.77 -0.035395
19.78 -0.034419
19.79 -0.033435
19.80 -0.032443
19.81 -0.031444
19.82 -0.030438
19.83 -0.029425
19.84 -0.028405
19.85 -0.027378
19.86 -0.026346
19.87 -0.025307
19.88 -0.024263
19.89 -0.023213
19.90 -0.022158
19.91 -0.021099
19.92 -0.020034
19.93 -0.018966
19.94 -0.017893
19.95 -0.016816
19.96 -0.015736
19.97 -0.014653
19.98 -0.013566
19.99 -0.012477
20.00 -0.011385
20.01 -0.010291
20.02 -0.009195
20.03 -0.008097
20.04 -0.006997
20.05 -0.005896
20.06 -0.004794
20.07 -0.003690
20.08 -0.002587
20.09 -0.001482
20.10 -0.000378
20.11 0.000726
20.12 0.001830
20.13 0.002933
20.14 0.004036
20.15 0.005137
20.16 0.006237
20.17 0.007335
20.18 0.008432
20.19 0.009527
20.20 0.010619
20.21 0.011708
20.22 0.012795
20.23 0.013879
20.24 0.014960
20.25 0.016037
20.26 0.017110
20.27 0.018180
20.28 0.019246
20.29 0.020307
20.30 0.021363
20.31 0.022415
20.32 0.023462
20.33 0.024503
20.34 0.025539
20.35 0.026570
20.36 0.027594
20.37 0.028613
20.38 0.029625
20.39 0.030631
20.40 0.031630
20.41 0.032622
20.42 0.033607
20.43 0.034585
20.44 0.035555
20.45 0.036518
20.46 0.037472
20.47 0.038419
20.48 0.039357
20.49 0.040287
20.50 0.041208
20.51 0.042121
20.52 0.043025
20.53 0.043920
20.54 0.044805
20.55 0.045682
20.56 0.046548
20.57 0.047406
20.58 0.048253
20.59 0.049091
20.60 0.049918
20.61 0.050736
20.62 0.051543
20.63 0.052340
20.64 0.053126
20.65 0.053902
20.66 0.054666
20.67 0.055420
20.68 0.056163
20.69 0.056895
20.70 0.057615
20.71 0.058325
20.72 0.059022
20.73 0.059708
20.74 0.060383
20.75 0.061046
20.76 0.061697
20.77 0.062336
20.78 0.062963
20.79 0.063578
20.80 0.064181
20.81 0.064772
20.82 0.065350
20.83 0.065916
20.84 0.066470
20.85 0.067011
20.86 0.067539
20.87 0.068055
20.88 0.068559
20.89 0.069049
20.90 0.069527
20.91 0.069991
20.92 0.070443
20.93 0.070882
20.94 0.071308
20.95 0.071721
20.96 0.072120
20.97 0.072507
20.98 0.072880
20.99 0.073240
21.00 0.073587
21.01 0.073920
21.02 0.074241
21.03 0.074548
21.04 0.074841
21.05 0.075122
21.06 0.075389
21.07 0.075643
21.08 0.075884
21.09 0.076112
21.10 0.076326
21.11 0.076527
21.12 0.076715
21.13 0.076890
21.14 0.077052
21.15 0.077201
21.16 0.077336
21.17 0.077459
21.18 0.077569
21.19 0.077666
21.20 0.077750
21.21 0.077822
21.22 0.077880
21.23 0.077926
21.24 0.077960
21.25 0.077981
21.26 0.077989
21.27 0.077985
21.28 0.077969
21.29 0.077940
21.30 0.077900
21.31 0.077847
21.32 0.077782
21.33 0.077705
21.34 0.077616
21.35 0.077516
21.36 0.077403
21.37 0.077279
21.38 0.077142
21.39 0.076995
21.40 0.076836
21.41 0.076665
21.42 0.076483
21.43 0.076289
21.44 0.076085
21.45 0.075869
21.46 0.075642
21.47 0.075405
21.48 0.075156
21.49 0.074897
21.50 0.074628
21.51 0.074348
21.52 0.074057
21.53 0.073756
21.54 0.073445
21.55 0.073124
21.56 0.072793
21.57 0.072451
21.58 0.072100
21.59 0.071740
21.60 0.071369
21.61 0.070989
21.62 0.070599
21.63 0.070200
21.64 0.069791
21.65 0.069373
21.66 0.068946
21.67 0.068510
21.68 0.068064
21.69 0.067610
21.70 0.067146
21.71 0.066674
21.72 0.066193
21.73 0.065704
21.74 0.065205
21.75 0.064699
21.76 0.064184
21.77 0.063660
21.78 0.063128
21.79 0.062588
21.80 0.062040
21.81 0.061484
21.82 0.060920
21.83 0.060349
21.84 0.059769
21.85 0.059183
21.86 0.058588
21.87 0.057986
21.88 0.057377
21.89 0.056761
21.90 0.056138
21.91 0.055508
21.92 0.054870
21.93 0.054227
21.94 0.053576
21.95 0.052919
21.96 0.052256
21.97 0.051586
21.98 0.050910
21.99 0.050228
22.00 0.049539
22.01 0.048845
22.02 0.048146
22.03 0.047440
22.04 0.046729
22.05 0.046012
22.06 0.045291
22.07 0.044564
22.08 0.043831
22.09 0.043094
22.10 0.042352
22.11 0.041605
22.12 0.040854
22.13 0.040097
22.14 0.039337
22.15 0.038572
22.16 0.037803
22.17 0.037031
22.18 0.036254
22.19 0.035473
22.20 0.034689
22.21 0.033902
22.22 0.033111
22.23 0.032317
22.24 0.031520
22.25 0.030720
22.26 0.029918
22.27 0.029113
22.28 0.028305
22.29 0.027495
22.30 0.026684
22.31 0.025870
22.32 0.025054
22.33 0.024237
22.34 0.023419
22.35 0.022599
22.36 0.021778
22.37 0.020957
22.38 0.020134
22.39 0.019311
22.40 0.018488
22.41 0.017664
22.42 0.016840
22.43 0.016016
22.44 0.015193
22.45 0.014370
22.46 0.013548
22.47 0.012727
22.48 0.011907
22.49 0.011088
22.50 0.010270
22.51 0.009454
22.52 0.008640
22.53 0.007828
22.54 0.007019
22.55 0.006212
22.56 0.005407
22.57 0.004606
22.58 0.003807
22.59 0.003012
22.60 0.002220
22.61 0.001432
22.62 0.000648
22.63 -0.000132
22.64 -0.000908
22.65 -0.001680
22.66 -0.002446
22.67 -0.003208
22.68 -0.003965
22.69 -0.004717
22.70 -0.005463
22.71 -0.006203
22.72 -0.006938
22.73 -0.007667
22.74 -0.008390
22.75 -0.009106
22.76 -0.009816
22.77 -0.010520
22.78 -0.011216
22.79 -0.011905
22.80 -0.012588
22.81 -0.013262
22.82 -0.013930
22.83 -0.014589
22.84 -0.015241
22.85 -0.015885
22.86 -0.016521
22.87 -0.017148
22.88 -0.017767
22.89 -0.018377
22.90 -0.018978
22.91 -0.019570
22.92 -0.020153
22.93 -0.020727
22.94 -0.021292
22.95 -0.021847
22.96 -0.022392
22.97 -0.022927
22.98 -0.023453
22.99 -0.023969
23.00 -0.024474
23.01 -0.024969
23.02 -0.025454
23.03 -0.025929
23.04 -0.026392
23.05 -0.026846
23.06 -0.027288
23.07 -0.027720
23.08 -0.028141
23.09 -0.028551
23.10 -0.028950
23.11 -0.029337
23.12 -0.029714
23.13 -0.030080
23.14 -0.030434
23.15 -0.030777
23.16 -0.031109
23.17 -0.031429
23.18 -0.031738
23.19 -0.032035
23.20 -0.032322
23.21 -0.032596
23.22 -0.032859
23.23 -0.033111
23.24 -0.033351
23.25 -0.033580
23.26 -0.033797
23.27 -0.034003
23.28 -0.034197
23.29 -0.034380
23.30 -0.034551
23.31 -0.034711
23.32 -0.034859
23.33 -0.034996
23.34 -0.035121
23.35 -0.035235
23.36 -0.035338
23.37 -0.035429
23.38 -0.035509
23.39 -0.035577
23.40 -0.035635
23.41 -0.035681
23.42 -0.035716
23.43 -0.035740
23.44 -0.035753
23.45 -0.035755
23.46 -0.035746
23.47 -0.035726
23.48 -0.035695
23.49 -0.035654
23.50 -0.035601
23.51 -0.035539
23.52 -0.035465
23.53 -0.035381
23.54 -0.035287
23.55 -0.035182
23.56 -0.035067
23.57 -0.034942
23.58 -0.034807
23.59 -0.034662
23.60 -0.034507
23.61 -0.034342
23.62 -0.034167
23.63 -0.033982
23.64 -0.033788
23.65 -0.033585
23.66 -0.033372
23.67 -0.033149
23.68 -0.032918
23.69 -0.032678
23.70 -0.032428
23.71 -0.032170
23.72 -0.031903
23.73 -0.031627
23.74 -0.031343
23.75 -0.031050
23.76 -0.030750
23.77 -0.030441
23.78 -0.030124
23.79 -0.029799
23.80 -0.029466
23.81 -0.029126
23.82 -0.028778
23.83 -0.028423
23.84 -0.028060
23.85 -0.027691
23.86 -0.027314
23.87 -0.026931
23.88 -0.026541
23.89 -0.026144
23.90 -0.025741
23.91 -0.025332
23.92 -0.024916
23.93 -0.024495
23.94 -0.024068
23.95 -0.023635
23.96 -0.023196
23.97 -0.022752
23.98 -0.022303
23.99 -0.021849
24.00 -0.021389
24.01 -0.020925
24.02 -0.020456
24.03 -0.019983
24.04 -0.019505
24.05 -0.019023
24.06 -0.018537
24.07 -0.018047
24.08 -0.017554
24.09 -0.017056
24.10 -0.016555
24.11 -0.016051
24.12 -0.015544
24.13 -0.015033
24.14 -0.014520
24.15 -0.014004
24.16 -0.013485
24.17 -0.012964
24.18 -0.012440
24.19 -0.011915
24.20 -0.011387
24.21 -0.010858
24.22 -0.010326
24.23 -0.009794
24.24 -0.009259
24.25 -0.008724
24.26 -0.008187
24.27 -0.007649
24.28 -0.007111
24.29 -0.006571
24.30 -0.006031
24.31 -0.005491
24.32 -0.004950
24.33 -0.004409
24.34 -0.003868
24.35 -0.003326
24.36 -0.002785
24.37 -0.002244
24.38 -0.001704
24.39 -0.001164
24.40 -0.000625
24.41 -0.000086
24.42 0.000452
24.43 0.000988
24.44 0.001524
24.45 0.002058
24.46 0.002592
24.47 0.003123
24.48 0.003653
24.49 0.004181
24.50 0.004708
24.51 0.005232
24.52 0.005755
24.53 0.006275
24.54 0.006793
24.55 0.007309
24.56 0.007823
24.57 0.008333
24.58 0.008841
24.59 0.009346
24.60 0.009849
24.61 0.010348
24.62 0.010844
24.63 0.011337
24.64 0.011827
24.65 0.012313
24.66 0.012795
24.67 0.013274
24.68 0.013749
24.69 0.014220
24.70 0.014687
24.71 0.015150
24.72 0.015609
24.73 0.016064
24.74 0.016515
24.75 0.016961
24.76 0.017402
24.77 0.017839
24.78 0.018272
24.79 0.018699
24.80 0.019122
24.81 0.019540
24.82 0.019953
24.83 0.020361
24.84 0.020764
24.85 0.021162
24.86 0.021555
24.87 0.021942
24.88 0.022323
24.89 0.022700
24.90 0.023070
24.91 0.023435
24.92 0.023795
24.93 0.024148
24.94 0.024496
24.95 0.024838
24.96 0.025173
24.97 0.025503
24.98 0.025826
24.99 0.026144
25.00 0.026454
25.01 0.026759
25.02 0.027056
25.03 0.027348
25.04 0.027632
25.05 0.027910
25.06 0.028181
25.07 0.028445
25.08 0.028702
25.09 0.028952
25.10 0.029195
25.11 0.029430
25.12 0.029658
25.13 0.029879
25.14 0.030092
25.15 0.030298
25.16 0.030497
25.17 0.030687
25.18 0.030870
25.19 0.031045
25.20 0.031212
25.21 0.031372
25.22 0.031523
25.23 0.031667
25.24 0.031802
25.25 0.031930
25.26 0.032049
25.27 0.032160
25.28 0.032263
25.29 0.032357
25.30 0.032444
25.31 0.032522
25.32 0.032591
25.33 0.032652
25.34 0.032705
25.35 0.032749
25.36 0.032785
25.37 0.032813
25.38 0.032832
25.39 0.032842
25.40 0.032844
25.41 0.032837
25.42 0.032822
25.43 0.032798
25.44 0.032766
25.45 0.032726
25.46 0.032676
25.47 0.032618
25.48 0.032552
25.49 0.032477
25.50 0.032394
25.51 0.032301
25.52 0.032201
25.53 0.032092
25.54 0.031974
25.55 0.031848
25.56 0.031714
25.57 0.031571
25.58 0.031420
25.59 0.031260
25.60 0.031092
25.61 0.030915
25.62 0.030731
25.63 0.030537
25.64 0.030336
25.65 0.030127
25.66 0.029909
25.67 0.029683
25.68 0.029449
25.69 0.029206
25.70 0.028956
25.71 0.028698
25.72 0.028432
25.73 0.028157
25.74 0.027875
25.75 0.027585
25.76 0.027287
25.77 0.026982
25.78 0.026668
25.79 0.026347
25.80 0.026018
25.81 0.025682
25.82 0.025338
25.83 0.024987
25.84 0.024628
25.85 0.024262
25.86 0.023888
25.87 0.023507
25.88 0.023119
25.89 0.022724
25.90 0.022322
25.91 0.021913
25.92 0.021496
25.93 0.021073
25.94 0.020643
25.95 0.020207
25.96 0.019764
25.97 0.019314
25.98 0.018858
25.99 0.018396
26.00 0.017927
26.01 0.017453
26.02 0.016972
26.03 0.016485
26.04 0.015993
26.05 0.015495
26.06 0.014991
26.07 0.014482
26.08 0.013968
26.09 0.013448
26.10 0.012923
26.11 0.012394
26.12 0.011859
26.13 0.011320
26.14 0.010776
26.15 0.010228
26.16 0.009675
26.17 0.009119
26.18 0.008558
26.19 0.007993
26.20 0.007425
26.21 0.006853
26.22 0.006277
26.23 0.005698
26.24 0.005116
26.25 0.004531
26.26 0.003943
26.27 0.003352
26.28 0.002758
26.29 0.002162
26.30 0.001563
26.31 0.000963
26.32 0.000360
26.33 -0.000245
26.34 -0.000852
26.35 -0.001460
26.36 -0.002070
26.37 -0.002681
26.38 -0.003293
26.39 -0.003906
26.40 -0.004520
26.41 -0.005134
26.42 -0.005749
26.43 -0.006365
26.44 -0.006981
26.45 -0.007596
26.46 -0.008212
26.47 -0.008827
26.48 -0.009442
26.49 -0.010056
26.50 -0.010670
26.51 -0.011283
26.52 -0.011894
26.53 -0.012505
26.54 -0.013114
26.55 -0.013721
26.56 -0.014327
26.57 -0.014931
26.58 -0.015533
26.59 -0.016134
26.60 -0.016731
26.61 -0.017327
26.62 -0.017920
26.63 -0.018510
26.64 -0.019098
26.65 -0.019683
26.66 -0.020264
26.67 -0.020843
26.68 -0.021418
26.69 -0.021990
26.70 -0.022558
26.71 -0.023123
26.72 -0.023684
26.73 -0.024240
26.74 -0.024793
26.75 -0.025342
26.76 -0.025887
26.77 -0.026427
26.78 -0.026962
26.79 -0.027494
26.80 -0.028020
26.81 -0.028542
26.82 -0.029058
26.83 -0.029570
26.84 -0.030077
26.85 -0.030578
26.86 -0.031074
26.87 -0.031565
26.88 -0.032050
26.89 -0.032530
26.90 -0.033004
26.91 -0.033473
26.92 -0.033935
26.93 -0.034392
26.94 -0.034842
26.95 -0.035287
26.96 -0.035726
26.97 -0.036158
26.98 -0.036584
26.99 -0.037004
27.00 -0.037417
27.01 -0.037824
27.02 -0.038225
27.03 -0.038618
27.04 -0.039006
27.05 -0.039386
27.06 -0.039760
27.07 -0.040127
27.08 -0.040487
27.09 -0.040840
27.10 -0.041187
27.11 -0.041526
27.12 -0.041858
27.13 -0.042183
27.14 -0.042502
27.15 -0.042812
27.16 -0.043116
27.17 -0.043413
27.18 -0.043702
27.19 -0.043984
27.20 -0.044258
27.21 -0.044525
27.22 -0.044785
27.23 -0.045037
27.24 -0.045282
27.25 -0.045519
27.26 -0.045749
27.27 -0.045971
27.28 -0.046185
27.29 -0.046392
27.30 -0.046591
27.31 -0.046782
27.32 -0.046966
27.33 -0.047142
27.34 -0.047310
27.35 -0.047470
27.36 -0.047622
27.37 -0.047767
27.38 -0.047904
27.39 -0.048033
27.40 -0.048154
27.41 -0.048267
27.42 -0.048372
27.43 -0.048469
27.44 -0.048559
27.45 -0.048640
27.46 -0.048714
27.47 -0.048779
27.48 -0.048836
27.49 -0.048886
27.50 -0.048928
27.51 -0.048961
27.52 -0.048987
27.53 -0.049004
27.54 -0.049014
27.55 -0.049016
27.56 -0.049009
27.57 -0.048995
27.58 -0.048973
27.59 -0.048943
27.60 -0.048905
27.61 -0.048859
27.62 -0.048805
27.63 -0.048744
27.64 -0.048674
27.65 -0.048597
27.66 -0.048512
27.67 -0.048419
27.68 -0.048319
27.69 -0.048211
27.70 -0.048095
27.71 -0.047971
27.72 -0.047840
27.73 -0.047701
27.74 -0.047555
27.75 -0.047401
27.76 -0.047240
27.77 -0.047071
27.78 -0.046895
27.79 -0.046712
27.80 -0.046521
27.81 -0.046323
27.82 -0.046118
27.83 -0.045905
27.84 -0.045686
27.85 -0.045460
27.86 -0.045226
27.87 -0.044986
27.88 -0.044739
27.89 -0.044485
27.90 -0.044224
27.91 -0.043956
27.92 -0.043682
27.93 -0.043402
27.94 -0.043115
27.95 -0.042821
27.96 -0.042521
27.97 -0.042215
27.98 -0.041902
27.99 -0.041583
28.00 -0.041258
28.01 -0.040927
28.02 -0.040590
28.03 -0.040247
28.04 -0.039899
28.05 -0.039544
28.06 -0.039184
28.07 -0.038818
28.08 -0.038446
28.09 -0.038070
28.10 -0.037687
28.11 -0.037300
28.12 -0.036907
28.13 -0.036509
28.14 -0.036105
28.15 -0.035697
28.16 -0.035284
28.17 -0.034866
28.18 -0.034443
28.19 -0.034015
28.20 -0.033583
28.21 -0.033147
28.22 -0.032706
28.23 -0.032260
28.24 -0.031810
28.25 -0.031357
28.26 -0.030899
28.27 -0.030437
28.28 -0.029971
28.29 -0.029501
28.30 -0.029027
28.31 -0.028550
28.32 -0.028070
28.33 -0.027585
28.34 -0.027098
28.35 -0.026607
28.36 -0.026113
28.37 -0.025616
28.38 -0.025115
28.39 -0.024612
28.40 -0.024106
28.41 -0.023597
28.42 -0.023085
28.43 -0.022571
28.44 -0.022055
28.45 -0.021536
28.46 -0.021014
28.47 -0.020491
28.48 -0.019965
28.49 -0.019438
28.50 -0.018908
28.51 -0.018377
28.52 -0.017844
28.53 -0.017309
28.54 -0.016773
28.55 -0.016236
28.56 -0.015698
28.57 -0.015158
28.58 -0.014617
28.59 -0.014076
28.60 -0.013533
28.61 -0.012990
28.62 -0.012446
28.63 -0.011902
28.64 -0.011358
28.65 -0.010813
28.66 -0.010268
28.67 -0.009723
28.68 -0.009178
28.69 -0.008633
28.70 -0.008089
28.71 -0.007545
28.72 -0.007002
28.73 -0.006459
28.74 -0.005917
28.75 -0.005376
28.76 -0.004836
28.77 -0.004297
28.78 -0.003760
28.79 -0.003223
28.80 -0.002689
28.81 -0.002155
28.82 -0.001624
28.83 -0.001094
28.84 -0.000567
28.85 -0.000041
28.86 0.000482
28.87 0.001003
28.88 0.001522
28.89 0.002038
28.90 0.002551
28.91 0.003061
28.92 0.003569
28.93 0.004074
28.94 0.004575
28.95 0.005074
28.96 0.005569
28.97 0.006060
28.98 0.006548
28.99 0.007033
29.00 0.007513
29.01 0.007990
29.02 0.008463
29.03 0.008932
29.04 0.009396
29.05 0.009857
29.06 0.010313
29.07 0.010764
29.08 0.011212
29.09 0.011654
29.10 0.012092
29.11 0.012525
29.12 0.012954
29.13 0.013377
29.14 0.013796
29.15 0.014209
29.16 0.014617
29.17 0.015021
29.18 0.015419
29.19 0.015811
29.20 0.016198
29.21 0.016580
29.22 0.016956
29.23 0.017327
29.24 0.017692
29.25 0.018051
29.26 0.018404
29.27 0.018752
29.28 0.019093
29.29 0.019429
29.30 0.019758
29.31 0.020082
29.32 0.020399
29.33 0.020710
29.34 0.021015
29.35 0.021314
29.36 0.021606
29.37 0.021892
29.38 0.022172
29.39 0.022445
29.40 0.022711
29.41 0.022971
29.42 0.023224
29.43 0.023471
29.44 0.023711
29.45 0.023944
29.46 0.024171
29.47 0.024391
29.48 0.024604
29.49 0.024810
29.50 0.025010
29.51 0.025202
29.52 0.025388
29.53 0.025567
29.54 0.025739
29.55 0.025904
29.56 0.026062
29.57 0.026213
29.58 0.026358
29.59 0.026495
29.60 0.026625
29.61 0.026749
29.62 0.026865
29.63 0.026974
29.64 0.027077
29.65 0.027172
29.66 0.027261
29.67 0.027342
29.68 0.027416
29.69 0.027484
29.70 0.027544
29.71 0.027597
29.72 0.027644
29.73 0.027683
29.74 0.027716
29.75 0.027742
29.76 0.027760
29.77 0.027772
29.78 0.027777
29.79 0.027775
29.80 0.027767
29.81 0.027751
29.82 0.027729
29.83 0.027700
29.84 0.027665
29.85 0.027623
29.86 0.027574
29.87 0.027518
29.88 0.027456
29.89 0.027388
29.90 0.027313
29.91 0.027231
29.92 0.027143
29.93 0.027049
29.94 0.026948
29.95 0.026842
29.96 0.026729
29.97 0.026609
29.98 0.026484
29.99 0.026353
30.00 0.026216
30.01 0.026072
30.02 0.025923
30.03 0.025768
30.04 0.025608
30.05 0.025442
30.06 0.025270
30.07 0.025092
30.08 0.024909
30.09 0.024721
30.10 0.024527
30.11 0.024328
30.12 0.024124
30.13 0.023914
30.14 0.023700
30.15 0.023480
30.16 0.023256
30.17 0.023027
30.18 0.022793
30.19 0.022554
30.20 0.022310
30.21 0.022062
30.22 0.021810
30.23 0.021552
30.24 0.021291
30.25 0.021025
30.26 0.020755
30.27 0.020481
30.28 0.020202
30.29 0.019920
30.30 0.019634
30.31 0.019343
30.32 0.019049
30.33 0.018751
30.34 0.018450
30.35 0.018145
30.36 0.017836
30.37 0.017524
30.38 0.017209
30.39 0.016891
30.40 0.016569
30.41 0.016244
30.42 0.015916
30.43 0.015585
30.44 0.015252
30.45 0.014915
30.46 0.014576
30.47 0.014235
30.48 0.013890
30.49 0.013544
30.50 0.013195
30.51 0.012844
30.52 0.012490
30.53 0.012135
30.54 0.011777
30.55 0.011418
30.56 0.011057
30.57 0.010694
30.58 0.010329
30.59 0.009963
30.60 0.009595
30.61 0.009227
30.62 0.008856
30.63 0.008485
30.64 0.008113
30.65 0.007739
30.66 0.007365
30.67 0.006990
30.68 0.006614
30.69 0.006238
30.70 0.005861
30.71 0.005484
30.72 0.005107
30.73 0.004729
30.74 0.004351
30.75 0.003973
30.76 0.003596
30.77 0.003218
30.78 0.002841
30.79 0.002465
30.80 0.002088
30.81 0.001713
30.82 0.001338
30.83 0.000964
30.84 0.000590
30.85 0.000218
30.86 -0.000153
30.87 -0.000523
30.88 -0.000892
30.89 -0.001259
30.90 -0.001625
30.91 -0.001989
30.92 -0.002352
30.93 -0.002713
30.94 -0.003072
30.95 -0.003429
30.96 -0.003784
30.97 -0.004137
30.98 -0.004488
30.99 -0.004836
31.00 -0.005182
31.01 -0.005526
31.02 -0.005867
31.03 -0.006206
31.04 -0.006542
31.05 -0.006875
31.06 -0.007205
31.07 -0.007532
31.08 -0.007856
31.09 -0.008178
31.10 -0.008496
31.11 -0.008810
31.12 -0.009122
31.13 -0.009430
31.14 -0.009734
31.15 -0.010035
31.16 -0.010333
31.17 -0.010627
31.18 -0.010917
31.19 -0.011203
31.20 -0.011485
31.21 -0.011764
31.22 -0.012038
31.23 -0.012309
31.24 -0.012575
31.25 -0.012837
31.26 -0.013095
31.27 -0.013349
31.28 -0.013598
31.29 -0.013843
31.30 -0.014083
31.31 -0.014319
31.32 -0.014550
31.33 -0.014777
31.34 -0.014999
31.35 -0.015216
31.36 -0.015428
31.37 -0.015636
31.38 -0.015838
31.39 -0.016036
31.40 -0.016228
31.41 -0.016416
31.42 -0.016598
31.43 -0.016776
31.44 -0.016948
31.45 -0.017115
31.46 -0.017277
31.47 -0.017433
31.48 -0.017584
31.49 -0.017730
31.50 -0.017871
31.51 -0.018006
31.52 -0.018135
31.53 -0.018260
31.54 -0.018378
31.55 -0.018492
31.56 -0.018599
31.57 -0.018701
31.58 -0.018798
31.59 -0.018889
31.60 -0.018974
31.61 -0.019054
31.62 -0.019128
31.63 -0.019197
31.64 -0.019260
31.65 -0.019317
31.66 -0.019368
31.67 -0.019414
31.68 -0.019454
31.69 -0.019489
31.70 -0.019517
31.71 -0.019540
31.72 -0.019558
31.73 -0.019569
31.74 -0.019575
31.75 -0.019575
31.76 -0.019570
31.77 -0.019558
31.78 -0.019541
31.79 -0.019519
31.80 -0.019490
31.81 -0.019456
31.82 -0.019417
31.83 -0.019371
31.84 -0.019320
31.85 -0.019264
31.86 -0.019201
31.87 -0.019133
31.88 -0.019060
31.89 -0.018981
31.90 -0.018896
31.91 -0.018806
31.92 -0.018710
31.93 -0.018609
31.94 -0.018503
31.95 -0.018391
31.96 -0.018273
31.97 -0.018150
31.98 -0.018022
31.99 -0.017889
32.00 -0.017750
32.01 -0.017607
32.02 -0.017458
32.03 -0.017304
32.04 -0.017144
32.05 -0.016980
32.06 -0.016811
32.07 -0.016637
32.08 -0.016458
32.09 -0.016274
32.10 -0.016085
32.11 -0.015892
32.12 -0.015694
32.13 -0.015491
32.14 -0.015284
32.15 -0.015072
32.16 -0.014856
32.17 -0.014635
32.18 -0.014410
32.19 -0.014181
32.20 -0.013948
32.21 -0.013710
32.22 -0.013468
32.23 -0.013223
32.24 -0.012973
32.25 -0.012720
32.26 -0.012462
32.27 -0.012201
32.28 -0.011936
32.29 -0.011668
32.30 -0.011396
32.31 -0.011120
32.32 -0.010841
32.33 -0.010558
32.34 -0.010272
32.35 -0.009983
32.36 -0.009691
32.37 -0.009395
32.38 -0.009096
32.39 -0.008795
32.40 -0.008490
32.41 -0.008182
32.42 -0.007872
32.43 -0.007558
32.44 -0.007242
32.45 -0.006924
32.46 -0.006603
32.47 -0.006279
32.48 -0.005953
32.49 -0.005624
32.50 -0.005293
32.51 -0.004960
32.52 -0.004625
32.53 -0.004288
32.54 -0.003949
32.55 -0.003607
32.56 -0.003264
32.57 -0.002919
32.58 -0.002573
32.59 -0.002224
32.60 -0.001874
32.61 -0.001523
32.62 -0.001170
32.63 -0.000816
32.64 -0.000460
32.65 -0.000104
32.66 0.000254
32.67 0.000613
32.68 0.000974
32.69 0.001335
32.70 0.001696
32.71 0.002059
32.72 0.002423
32.73 0.002787
32.74 0.003151
32.75 0.003517
32.76 0.003882
32.77 0.004249
32.78 0.004615
32.79 0.004982
32.80 0.005349
32.81 0.005716
32.82 0.006083
32.83 0.006450
32.84 0.006817
32.85 0.007184
32.86 0.007551
32.87 0.007917
32.88 0.008283
32.89 0.008649
32.90 0.009014
32.91 0.009378
32.92 0.009742
32.93 0.010105
32.94 0.010468
32.95 0.010829
32.96 0.011190
32.97 0.011549
32.98 0.011908
32.99 0.012265
33.00 0.012621
33.01 0.012976
33.02 0.013330
33.03 0.013682
33.04 0.014033
33.05 0.014382
33.06 0.014730
33.07 0.015076
33.08 0.015420
33.09 0.015762
33.10 0.016103
33.11 0.016441
33.12 0.016778
33.13 0.017112
33.14 0.017445
33.15 0.017775
33.16 0.018102
33.17 0.018428
33.18 0.018751
33.19 0.019071
33.20 0.019389
33.21 0.019704
33.22 0.020017
33.23 0.020326
33.24 0.020633
33.25 0.020937
33.26 0.021237
33.27 0.021535
33.28 0.021829
33.29 0.022120
33.30 0.022408
33.31 0.022693
33.32 0.022973
33.33 0.023251
33.34 0.023525
33.35 0.023795
33.36 0.024061
33.37 0.024323
33.38 0.024582
33.39 0.024837
33.40 0.025087
33.41 0.025334
33.42 0.025577
33.43 0.025815
33.44 0.026049
33.45 0.026279
33.46 0.026505
33.47 0.026726
33.48 0.026943
33.49 0.027155
33.50 0.027363
33.51 0.027567
33.52 0.027765
33.53 0.027959
33.54 0.028149
33.55 0.028334
33.56 0.028514
33.57 0.028689
33.58 0.028859
33.59 0.029025
33.60 0.029185
33.61 0.029341
33.62 0.029492
33.63 0.029637
33.64 0.029778
33.65 0.029914
33.66 0.030044
33.67 0.030169
33.68 0.030290
33.69 0.030405
33.70 0.030515
33.71 0.030620
33.72 0.030719
33.73 0.030813
33.74 0.030902
33.75 0.030986
33.76 0.031064
33.77 0.031137
33.78 0.031205
33.79 0.031268
33.80 0.031325
33.81 0.031377
33.82 0.031423
33.83 0.031464
33.84 0.031500
33.85 0.031531
33.86 0.031556
33.87 0.031576
33.88 0.031590
33.89 0.031599
33.90 0.031603
33.91 0.031602
33.92 0.031595
33.93 0.031583
33.94 0.031565
33.95 0.031543
33.96 0.031515
33.97 0.031482
33.98 0.031443
33.99 0.031399
34.00 0.031351
34.01 0.031296
34.02 0.031237
34.03 0.031173
34.04 0.031103
34.05 0.031028
34.06 0.030949
34.07 0.030864
34.08 0.030774
34.09 0.030679
34.10 0.030579
34.11 0.030474
34.12 0.030364
34.13 0.030249
34.14 0.030129
34.15 0.030005
34.16 0.029875
34.17 0.029741
34.18 0.029602
34.19 0.029458
34.20 0.029309
34.21 0.029156
34.22 0.028998
34.23 0.028836
34.24 0.028669
34.25 0.028497
34.26 0.028321
34.27 0.028140
34.28 0.027955
34.29 0.027766
34.30 0.027572
34.31 0.027374
34.32 0.027171
34.33 0.026965
34.34 0.026754
34.35 0.026539
34.36 0.026320
34.37 0.026096
34.38 0.025869
34.39 0.025638
34.40 0.025402
34.41 0.025163
34.42 0.024920
34.43 0.024673
34.44 0.024422
34.45 0.024168
34.46 0.023909
34.47 0.023647
34.48 0.023382
34.49 0.023113
34.50 0.022840
34.51 0.022564
34.52 0.022284
34.53 0.022001
34.54 0.021715
34.55 0.021425
34.56 0.021133
34.57 0.020837
34.58 0.020538
34.59 0.020236
34.60 0.019931
34.61 0.019623
34.62 0.019312
34.63 0.018998
34.64 0.018682
34.65 0.018363
34.66 0.018042
34.67 0.017718
34.68 0.017392
34.69 0.017063
34.70 0.016732
34.71 0.016399
34.72 0.016063
34.73 0.015726
34.74 0.015387
34.75 0.015046
34.76 0.014703
34.77 0.014358
34.78 0.014012
34.79 0.013664
34.80 0.013314
34.81 0.012964
34.82 0.012611
34.83 0.012258
34.84 0.011903
34.85 0.011548
34.86 0.011191
34.87 0.010833
34.88 0.010475
34.89 0.010116
34.90 0.009755
34.91 0.009395
34.92 0.009034
34.93 0.008672
34.94 0.008310
34.95 0.007947
34.96 0.007585
34.97 0.007222
34.98 0.006859
34.99 0.006496
35.00 0.006133
35.01 0.005770
35.02 0.005407
35.03 0.005045
35.04 0.004683
35.05 0.004321
35.06 0.003960
35.07 0.003599
35.08 0.003239
35.09 0.002880
35.10 0.002521
35.11 0.002163
35.12 0.001806
35.13 0.001450
35.14 0.001094
35.15 0.000740
35.16 0.000387
35.17 0.000035
35.18 -0.000316
35.19 -0.000665
35.20 -0.001013
35.21 -0.001360
35.22 -0.001705
35.23 -0.002049
35.24 -0.002391
35.25 -0.002731
35.26 -0.003070
35.27 -0.003407
35.28 -0.003743
35.29 -0.004076
35.30 -0.004408
35.31 -0.004737
35.32 -0.005065
35.33 -0.005391
35.34 -0.005714
35.35 -0.006036
35.36 -0.006355
35.37 -0.006672
35.38 -0.006986
35.39 -0.007299
35.40 -0.007609
35.41 -0.007917
35.42 -0.008222
35.43 -0.008524
35.44 -0.008825
35.45 -0.009122
35.46 -0.009417
35.47 -0.009710
35.48 -0.009999
35.49 -0.010286
35.50 -0.010570
35.51 -0.010852
35.52 -0.011130
35.53 -0.011406
35.54 -0.011678
35.55 -0.011948
35.56 -0.012215
35.57 -0.012478
35.58 -0.012739
35.59 -0.012996
35.60 -0.013251
35.61 -0.013502
35.62 -0.013750
35.63 -0.013995
35.64 -0.014236
35.65 -0.014474
35.66 -0.014709
35.67 -0.014940
35.68 -0.015168
35.69 -0.015393
35.70 -0.015614
35.71 -0.015831
35.72 -0.016045
35.73 -0.016256
35.74 -0.016463
35.75 -0.016666
35.76 -0.016865
35.77 -0.017061
35.78 -0.017253
35.79 -0.017441
35.80 -0.017625
35.81 -0.017805
35.82 -0.017982
35.83 -0.018154
35.84 -0.018323
35.85 -0.018487
35.86 -0.018648
35.87 -0.018804
35.88 -0.018957
35.89 -0.019105
35.90 -0.019249
35.91 -0.019389
35.92 -0.019524
35.93 -0.019656
35.94 -0.019783
35.95 -0.019905
35.96 -0.020024
35.97 -0.020138
35.98 -0.020248
35.99 -0.020353
36.00 -0.020454
36.01 -0.020551
36.02 -0.020643
36.03 -0.020730
36.04 -0.020813
36.05 -0.020892
36.06 -0.020966
36.07 -0.021035
36.08 -0.021100
36.09 -0.021161
36.10 -0.021217
36.11 -0.021268
36.12 -0.021315
36.13 -0.021357
36.14 -0.021395
36.15 -0.021428
36.16 -0.021457
36.17 -0.021481
36.18 -0.021500
36.19 -0.021515
36.20 -0.021525
36.21 -0.021531
36.22 -0.021533
36.23 -0.021530
36.24 -0.021522
36.25 -0.021510
36.26 -0.021493
36.27 -0.021472
36.28 -0.021447
36.29 -0.021417
36.30 -0.021383
36.31 -0.021344
36.32 -0.021301
36.33 -0.021253
36.34 -0.021202
36.35 -0.021145
36.36 -0.021085
36.37 -0.021021
36.38 -0.020952
36.39 -0.020879
36.40 -0.020802
36.41 -0.020720
36.42 -0.020635
36.43 -0.020546
36.44 -0.020452
36.45 -0.020355
36.46 -0.020253
36.47 -0.020148
36.48 -0.020039
36.49 -0.019926
36.50 -0.019809
36.51 -0.019688
36.52 -0.019564
36.53 -0.019435
36.54 -0.019304
36.55 -0.019168
36.56 -0.019029
36.57 -0.018886
36.58 -0.018740
36.59 -0.018590
36.60 -0.018437
36.61 -0.018281
36.62 -0.018121
36.63 -0.017957
36.64 -0.017791
36.65 -0.017621
36.66 -0.017448
36.67 -0.017272
36.68 -0.017093
36.69 -0.016911
36.70 -0.016725
36.71 -0.016537
36.72 -0.016346
36.73 -0.016152
36.74 -0.015955
36.75 -0.015756
36.76 -0.015554
36.77 -0.015349
36.78 -0.015141
36.79 -0.014931
36.80 -0.014719
36.81 -0.014504
36.82 -0.014286
36.83 -0.014067
36.84 -0.013845
36.85 -0.013621
36.86 -0.013394
36.87 -0.013166
36.88 -0.012936
36.89 -0.012703
36.90 -0.012469
36.91 -0.012233
36.92 -0.011996
36.93 -0.011756
36.94 -0.011515
36.95 -0.011273
36.96 -0.011029
36.97 -0.010783
36.98 -0.010536
36.99 -0.010288
37.00 -0.010039
37.01 -0.009788
37.02 -0.009537
37.03 -0.009284
37.04 -0.009031
37.05 -0.008777
37.06 -0.008522
37.07 -0.008266
37.08 -0.008010
37.09 -0.007753
37.10 -0.007496
37.11 -0.007238
37.12 -0.006980
37.13 -0.006722
37.14 -0.006463
37.15 -0.006205
37.16 -0.005946
37.17 -0.005688
37.18 -0.005429
37.19 -0.005171
37.20 -0.004913
37.21 -0.004656
37.22 -0.004399
37.23 -0.004142
37.24 -0.003886
37.25 -0.003631
37.26 -0.003376
37.27 -0.003122
37.28 -0.002869
37.29 -0.002616
37.30 -0.002365
37.31 -0.002115
37.32 -0.001866
37.33 -0.001617
37.34 -0.001370
37.35 -0.001125
37.36 -0.000880
37.37 -0.000637
37.38 -0.000396
37.39 -0.000155
37.40 0.000083
37.41 0.000321
37.42 0.000556
37.43 0.000790
37.44 0.001022
37.45 0.001253
37.46 0.001481
37.47 0.001708
37.48 0.001933
37.49 0.002156
37.50 0.002378
37.51 0.002597
37.52 0.002814
37.53 0.003029
37.54 0.003242
37.55 0.003453
37.56 0.003662
37.57 0.003868
37.58 0.004072
37.59 0.004274
37.60 0.004474
37.61 0.004671
37.62 0.004866
37.63 0.005059
37.64 0.005249
37.65 0.005437
37.66 0.005622
37.67 0.005804
37.68 0.005985
37.69 0.006162
37.70 0.006337
37.71 0.006509
37.72 0.006679
37.73 0.006846
37.74 0.007010
37.75 0.007172
37.76 0.007330
37.77 0.007486
37.78 0.007639
37.79 0.007790
37.80 0.007937
37.81 0.008082
37.82 0.008223
37.83 0.008362
37.84 0.008498
37.85 0.008631
37.86 0.008760
37.87 0.008887
37.88 0.009011
37.89 0.009132
37.90 0.009250
37.91 0.009364
37.92 0.009476
37.93 0.009584
37.94 0.009690
37.95 0.009792
37.96 0.009891
37.97 0.009987
37.98 0.010080
37.99 0.010170
38.00 0.010256
38.01 0.010339
38.02 0.010419
38.03 0.010496
38.04 0.010570
38.05 0.010640
38.06 0.010708
38.07 0.010772
38.08 0.010832
38.09 0.010890
38.10 0.010944
38.11 0.010995
38.12 0.011043
38.13 0.011087
38.14 0.011128
38.15 0.011166
38.16 0.011200
38.17 0.011232
38.18 0.011259
38.19 0.011284
38.20 0.011305
38.21 0.011323
38.22 0.011338
38.23 0.011349
38.24 0.011357
38.25 0.011362
38.26 0.011363
38.27 0.011361
38.28 0.011356
38.29 0.011347
38.30 0.011335
38.31 0.011320
38.32 0.011301
38.33 0.011280
38.34 0.011254
38.35 0.011226
38.36 0.011194
38.37 0.011159
38.38 0.011121
38.39 0.011080
38.40 0.011035
38.41 0.010987
38.42 0.010936
38.43 0.010882
38.44 0.010824
38.45 0.010763
38.46 0.010699
38.47 0.010632
38.48 0.010562
38.49 0.010489
38.50 0.010412
38.51 0.010332
38.52 0.010250
38.53 0.010164
38.54 0.010075
38.55 0.009983
38.56 0.009888
38.57 0.009790
38.58 0.009690
38.59 0.009586
38.60 0.009479
38.61 0.009369
38.62 0.009257
38.63 0.009142
38.64 0.009023
38.65 0.008902
38.66 0.008779
38.67 0.008652
38.68 0.008523
38.69 0.008391
38.70 0.008257
38.71 0.008120
38.72 0.007980
38.73 0.007838
38.74 0.007693
38.75 0.007546
38.76 0.007396
38.77 0.007244
38.78 0.007090
38.79 0.006933
38.80 0.006774
38.81 0.006613
38.82 0.006450
38.83 0.006284
38.84 0.006116
38.85 0.005947
38.86 0.005775
38.87 0.005601
38.88 0.005426
38.89 0.005248
38.90 0.005069
38.91 0.004887
38.92 0.004704
38.93 0.004520
38.94 0.004333
38.95 0.004145
38.96 0.003956
38.97 0.003765
38.98 0.003572
38.99 0.003378
39.00 0.003183
39.01 0.002987
39.02 0.002789
39.03 0.002590
39.04 0.002390
39.05 0.002188
39.06 0.001986
39.07 0.001782
39.08 0.001578
39.09 0.001373
39.10 0.001167
39.11 0.000960
39.12 0.000752
39.13 0.000544
39.14 0.000335
39.15 0.000125
39.16 -0.000085
39.17 -0.000295
39.18 -0.000507
39.19 -0.000718
39.20 -0.000930
39.21 -0.001142
39.22 -0.001354
39.23 -0.001567
39.24 -0.001779
39.25 -0.001992
39.26 -0.002204
39.27 -0.002417
39.28 -0.002629
39.29 -0.002842
39.30 -0.003054
39.31 -0.003266
39.32 -0.003477
39.33 -0.003688
39.34 -0.003899
39.35 -0.004109
39.36 -0.004319
39.37 -0.004529
39.38 -0.004737
39.39 -0.004945
39.40 -0.005152
39.41 -0.005359
39.42 -0.005564
39.43 -0.005769
39.44 -0.005973
39.45 -0.006176
39.46 -0.006378
39.47 -0.006579
39.48 -0.006778
39.49 -0.006977
39.50 -0.007174
39.51 -0.007371
39.52 -0.007566
39.53 -0.007759
39.54 -0.007951
39.55 -0.008142
39.56 -0.008331
39.57 -0.008519
39.58 -0.008705
39.59 -0.008890
39.60 -0.009073
39.61 -0.009255
39.62 -0.009434
39.63 -0.009612
39.64 -0.009789
39.65 -0.009963
39.66 -0.010136
39.67 -0.010306
39.68 -0.010475
39.69 -0.010642
39.70 -0.010806
39.71 -0.010969
39.72 -0.011130
39.73 -0.011288
39.74 -0.011445
39.75 -0.011599
39.76 -0.011751
39.77 -0.011901
39.78 -0.012048
39.79 -0.012194
39.80 -0.012337
39.81 -0.012477
39.82 -0.012615
39.83 -0.012751
39.84 -0.012884
39.85 -0.013015
39.86 -0.013144
39.87 -0.013270
39.88 -0.013393
39.89 -0.013514
39.90 -0.013632
39.91 -0.013747
39.92 -0.013860
39.93 -0.013970
39.94 -0.014078
39.95 -0.014183
39.96 -0.014285
39.97 -0.014384
39.98 -0.014481
39.99 -0.014575
40.00 -0.014666
