# ®É¶¡ (s)    ¦ì²¾ (m)
0.00 0.000000
0.01 0.000000
0.02 -0.000000
0.03 -0.000000
0.04 -0.000000
0.05 -0.000000
0.06 -0.000000
0.07 -0.000000
0.08 -0.000000
0.09 -0.000000
0.10 -0.000000
0.11 -0.000000
0.12 -0.000000
0.13 -0.000000
0.14 -0.000000
0.15 -0.000000
0.16 -0.000000
0.17 -0.000000
0.18 -0.000000
0.19 -0.000000
0.20 -0.000000
0.21 -0.000000
0.22 -0.000000
0.23 -0.000000
0.24 -0.000000
0.25 -0.000001
0.26 -0.000001
0.27 -0.000001
0.28 -0.000001
0.29 -0.000001
0.30 -0.000001
0.31 -0.000001
0.32 -0.000002
0.33 -0.000002
0.34 -0.000002
0.35 -0.000002
0.36 -0.000003
0.37 -0.000003
0.38 -0.000003
0.39 -0.000003
0.40 -0.000004
0.41 -0.000004
0.42 -0.000005
0.43 -0.000005
0.44 -0.000006
0.45 -0.000006
0.46 -0.000007
0.47 -0.000007
0.48 -0.000008
0.49 -0.000008
0.50 -0.000009
0.51 -0.000010
0.52 -0.000011
0.53 -0.000012
0.54 -0.000012
0.55 -0.000013
0.56 -0.000014
0.57 -0.000015
0.58 -0.000016
0.59 -0.000017
0.60 -0.000019
0.61 -0.000020
0.62 -0.000021
0.63 -0.000022
0.64 -0.000024
0.65 -0.000025
0.66 -0.000027
0.67 -0.000028
0.68 -0.000030
0.69 -0.000032
0.70 -0.000033
0.71 -0.000035
0.72 -0.000037
0.73 -0.000039
0.74 -0.000041
0.75 -0.000043
0.76 -0.000045
0.77 -0.000048
0.78 -0.000050
0.79 -0.000052
0.80 -0.000055
0.81 -0.000058
0.82 -0.000060
0.83 -0.000063
0.84 -0.000066
0.85 -0.000069
0.86 -0.000072
0.87 -0.000075
0.88 -0.000078
0.89 -0.000081
0.90 -0.000084
0.91 -0.000088
0.92 -0.000091
0.93 -0.000095
0.94 -0.000099
0.95 -0.000103
0.96 -0.000106
0.97 -0.000110
0.98 -0.000115
0.99 -0.000119
1.00 -0.000123
1.01 -0.000127
1.02 -0.000132
1.03 -0.000136
1.04 -0.000141
1.05 -0.000146
1.06 -0.000151
1.07 -0.000156
1.08 -0.000161
1.09 -0.000166
1.10 -0.000171
1.11 -0.000177
1.12 -0.000182
1.13 -0.000188
1.14 -0.000193
1.15 -0.000199
1.16 -0.000205
1.17 -0.000211
1.18 -0.000217
1.19 -0.000224
1.20 -0.000230
1.21 -0.000236
1.22 -0.000243
1.23 -0.000250
1.24 -0.000256
1.25 -0.000263
1.26 -0.000270
1.27 -0.000277
1.28 -0.000284
1.29 -0.000292
1.30 -0.000299
1.31 -0.000307
1.32 -0.000314
1.33 -0.000322
1.34 -0.000330
1.35 -0.000338
1.36 -0.000346
1.37 -0.000354
1.38 -0.000362
1.39 -0.000370
1.40 -0.000379
1.41 -0.000387
1.42 -0.000396
1.43 -0.000405
1.44 -0.000413
1.45 -0.000422
1.46 -0.000431
1.47 -0.000440
1.48 -0.000449
1.49 -0.000459
1.50 -0.000468
1.51 -0.000477
1.52 -0.000487
1.53 -0.000497
1.54 -0.000506
1.55 -0.000516
1.56 -0.000526
1.57 -0.000536
1.58 -0.000546
1.59 -0.000556
1.60 -0.000566
1.61 -0.000576
1.62 -0.000586
1.63 -0.000596
1.64 -0.000607
1.65 -0.000617
1.66 -0.000628
1.67 -0.000638
1.68 -0.000649
1.69 -0.000660
1.70 -0.000670
1.71 -0.000681
1.72 -0.000692
1.73 -0.000703
1.74 -0.000714
1.75 -0.000725
1.76 -0.000736
1.77 -0.000747
1.78 -0.000758
1.79 -0.000769
1.80 -0.000780
1.81 -0.000791
1.82 -0.000802
1.83 -0.000813
1.84 -0.000824
1.85 -0.000836
1.86 -0.000847
1.87 -0.000858
1.88 -0.000869
1.89 -0.000880
1.90 -0.000892
1.91 -0.000903
1.92 -0.000914
1.93 -0.000925
1.94 -0.000936
1.95 -0.000947
1.96 -0.000959
1.97 -0.000970
1.98 -0.000981
1.99 -0.000992
2.00 -0.001003
2.01 -0.001014
2.02 -0.001025
2.03 -0.001036
2.04 -0.001047
2.05 -0.001057
2.06 -0.001068
2.07 -0.001079
2.08 -0.001090
2.09 -0.001100
2.10 -0.001111
2.11 -0.001121
2.12 -0.001131
2.13 -0.001142
2.14 -0.001152
2.15 -0.001162
2.16 -0.001172
2.17 -0.001182
2.18 -0.001192
2.19 -0.001202
2.20 -0.001211
2.21 -0.001221
2.22 -0.001230
2.23 -0.001239
2.24 -0.001249
2.25 -0.001258
2.26 -0.001267
2.27 -0.001275
2.28 -0.001284
2.29 -0.001292
2.30 -0.001301
2.31 -0.001309
2.32 -0.001317
2.33 -0.001325
2.34 -0.001333
2.35 -0.001340
2.36 -0.001348
2.37 -0.001355
2.38 -0.001362
2.39 -0.001369
2.40 -0.001376
2.41 -0.001382
2.42 -0.001388
2.43 -0.001395
2.44 -0.001401
2.45 -0.001406
2.46 -0.001412
2.47 -0.001417
2.48 -0.001422
2.49 -0.001427
2.50 -0.001432
2.51 -0.001436
2.52 -0.001440
2.53 -0.001444
2.54 -0.001448
2.55 -0.001451
2.56 -0.001454
2.57 -0.001457
2.58 -0.001460
2.59 -0.001462
2.60 -0.001464
2.61 -0.001466
2.62 -0.001468
2.63 -0.001469
2.64 -0.001470
2.65 -0.001471
2.66 -0.001472
2.67 -0.001472
2.68 -0.001472
2.69 -0.001471
2.70 -0.001470
2.71 -0.001469
2.72 -0.001468
2.73 -0.001466
2.74 -0.001464
2.75 -0.001462
2.76 -0.001459
2.77 -0.001456
2.78 -0.001453
2.79 -0.001449
2.80 -0.001445
2.81 -0.001441
2.82 -0.001436
2.83 -0.001431
2.84 -0.001425
2.85 -0.001419
2.86 -0.001413
2.87 -0.001406
2.88 -0.001399
2.89 -0.001392
2.90 -0.001384
2.91 -0.001376
2.92 -0.001367
2.93 -0.001358
2.94 -0.001349
2.95 -0.001339
2.96 -0.001329
2.97 -0.001318
2.98 -0.001307
2.99 -0.001295
3.00 -0.001283
3.01 -0.001270
3.02 -0.001257
3.03 -0.001244
3.04 -0.001230
3.05 -0.001215
3.06 -0.001200
3.07 -0.001185
3.08 -0.001169
3.09 -0.001152
3.10 -0.001135
3.11 -0.001117
3.12 -0.001099
3.13 -0.001080
3.14 -0.001061
3.15 -0.001041
3.16 -0.001021
3.17 -0.001000
3.18 -0.000978
3.19 -0.000956
3.20 -0.000933
3.21 -0.000909
3.22 -0.000885
3.23 -0.000861
3.24 -0.000835
3.25 -0.000809
3.26 -0.000782
3.27 -0.000755
3.28 -0.000727
3.29 -0.000698
3.30 -0.000668
3.31 -0.000638
3.32 -0.000607
3.33 -0.000575
3.34 -0.000543
3.35 -0.000510
3.36 -0.000476
3.37 -0.000441
3.38 -0.000406
3.39 -0.000369
3.40 -0.000332
3.41 -0.000294
3.42 -0.000255
3.43 -0.000216
3.44 -0.000176
3.45 -0.000134
3.46 -0.000092
3.47 -0.000049
3.48 -0.000006
3.49 0.000039
3.50 0.000085
3.51 0.000131
3.52 0.000179
3.53 0.000227
3.54 0.000276
3.55 0.000327
3.56 0.000378
3.57 0.000430
3.58 0.000483
3.59 0.000537
3.60 0.000592
3.61 0.000648
3.62 0.000705
3.63 0.000764
3.64 0.000823
3.65 0.000883
3.66 0.000944
3.67 0.001006
3.68 0.001069
3.69 0.001133
3.70 0.001199
3.71 0.001265
3.72 0.001332
3.73 0.001401
3.74 0.001470
3.75 0.001541
3.76 0.001613
3.77 0.001685
3.78 0.001759
3.79 0.001834
3.80 0.001910
3.81 0.001987
3.82 0.002066
3.83 0.002145
3.84 0.002225
3.85 0.002307
3.86 0.002389
3.87 0.002473
3.88 0.002558
3.89 0.002644
3.90 0.002731
3.91 0.002819
3.92 0.002908
3.93 0.002999
3.94 0.003090
3.95 0.003183
3.96 0.003276
3.97 0.003371
3.98 0.003467
3.99 0.003563
4.00 0.003661
4.01 0.003760
4.02 0.003860
4.03 0.003961
4.04 0.004063
4.05 0.004167
4.06 0.004271
4.07 0.004376
4.08 0.004483
4.09 0.004590
4.10 0.004699
4.11 0.004808
4.12 0.004919
4.13 0.005030
4.14 0.005143
4.15 0.005257
4.16 0.005371
4.17 0.005487
4.18 0.005603
4.19 0.005721
4.20 0.005839
4.21 0.005959
4.22 0.006079
4.23 0.006201
4.24 0.006323
4.25 0.006446
4.26 0.006570
4.27 0.006695
4.28 0.006821
4.29 0.006948
4.30 0.007075
4.31 0.007204
4.32 0.007333
4.33 0.007463
4.34 0.007594
4.35 0.007726
4.36 0.007859
4.37 0.007992
4.38 0.008126
4.39 0.008261
4.40 0.008397
4.41 0.008533
4.42 0.008670
4.43 0.008807
4.44 0.008946
4.45 0.009084
4.46 0.009224
4.47 0.009364
4.48 0.009505
4.49 0.009646
4.50 0.009788
4.51 0.009930
4.52 0.010073
4.53 0.010216
4.54 0.010360
4.55 0.010504
4.56 0.010649
4.57 0.010793
4.58 0.010938
4.59 0.011083
4.60 0.011229
4.61 0.011374
4.62 0.011520
4.63 0.011665
4.64 0.011811
4.65 0.011957
4.66 0.012104
4.67 0.012250
4.68 0.012396
4.69 0.012543
4.70 0.012689
4.71 0.012836
4.72 0.012983
4.73 0.013129
4.74 0.013276
4.75 0.013422
4.76 0.013569
4.77 0.013715
4.78 0.013861
4.79 0.014006
4.80 0.014151
4.81 0.014295
4.82 0.014439
4.83 0.014582
4.84 0.014724
4.85 0.014865
4.86 0.015005
4.87 0.015144
4.88 0.015282
4.89 0.015418
4.90 0.015553
4.91 0.015686
4.92 0.015817
4.93 0.015946
4.94 0.016074
4.95 0.016200
4.96 0.016323
4.97 0.016444
4.98 0.016563
4.99 0.016679
5.00 0.016793
5.01 0.016904
5.02 0.017012
5.03 0.017117
5.04 0.017219
5.05 0.017318
5.06 0.017414
5.07 0.017506
5.08 0.017595
5.09 0.017680
5.10 0.017761
5.11 0.017839
5.12 0.017912
5.13 0.017982
5.14 0.018048
5.15 0.018109
5.16 0.018166
5.17 0.018219
5.18 0.018268
5.19 0.018313
5.20 0.018353
5.21 0.018388
5.22 0.018420
5.23 0.018446
5.24 0.018469
5.25 0.018486
5.26 0.018499
5.27 0.018508
5.28 0.018512
5.29 0.018511
5.30 0.018506
5.31 0.018496
5.32 0.018480
5.33 0.018461
5.34 0.018436
5.35 0.018406
5.36 0.018371
5.37 0.018331
5.38 0.018286
5.39 0.018236
5.40 0.018180
5.41 0.018120
5.42 0.018054
5.43 0.017983
5.44 0.017907
5.45 0.017825
5.46 0.017738
5.47 0.017646
5.48 0.017548
5.49 0.017446
5.50 0.017338
5.51 0.017224
5.52 0.017105
5.53 0.016981
5.54 0.016852
5.55 0.016717
5.56 0.016577
5.57 0.016432
5.58 0.016282
5.59 0.016126
5.60 0.015966
5.61 0.015800
5.62 0.015630
5.63 0.015454
5.64 0.015274
5.65 0.015089
5.66 0.014899
5.67 0.014704
5.68 0.014505
5.69 0.014301
5.70 0.014093
5.71 0.013881
5.72 0.013664
5.73 0.013444
5.74 0.013219
5.75 0.012991
5.76 0.012759
5.77 0.012524
5.78 0.012285
5.79 0.012043
5.80 0.011798
5.81 0.011550
5.82 0.011300
5.83 0.011047
5.84 0.010792
5.85 0.010534
5.86 0.010275
5.87 0.010014
5.88 0.009751
5.89 0.009487
5.90 0.009222
5.91 0.008956
5.92 0.008689
5.93 0.008422
5.94 0.008155
5.95 0.007888
5.96 0.007622
5.97 0.007356
5.98 0.007092
5.99 0.006828
6.00 0.006567
6.01 0.006306
6.02 0.006048
6.03 0.005792
6.04 0.005538
6.05 0.005287
6.06 0.005038
6.07 0.004792
6.08 0.004549
6.09 0.004309
6.10 0.004071
6.11 0.003837
6.12 0.003607
6.13 0.003379
6.14 0.003155
6.15 0.002934
6.16 0.002717
6.17 0.002503
6.18 0.002294
6.19 0.002088
6.20 0.001886
6.21 0.001688
6.22 0.001495
6.23 0.001305
6.24 0.001121
6.25 0.000941
6.26 0.000765
6.27 0.000595
6.28 0.000429
6.29 0.000269
6.30 0.000113
6.31 -0.000037
6.32 -0.000182
6.33 -0.000321
6.34 -0.000455
6.35 -0.000583
6.36 -0.000706
6.37 -0.000823
6.38 -0.000935
6.39 -0.001041
6.40 -0.001142
6.41 -0.001237
6.42 -0.001327
6.43 -0.001410
6.44 -0.001489
6.45 -0.001562
6.46 -0.001629
6.47 -0.001691
6.48 -0.001747
6.49 -0.001798
6.50 -0.001843
6.51 -0.001882
6.52 -0.001916
6.53 -0.001945
6.54 -0.001968
6.55 -0.001985
6.56 -0.001997
6.57 -0.002004
6.58 -0.002004
6.59 -0.002000
6.60 -0.001990
6.61 -0.001975
6.62 -0.001954
6.63 -0.001928
6.64 -0.001897
6.65 -0.001860
6.66 -0.001819
6.67 -0.001772
6.68 -0.001720
6.69 -0.001664
6.70 -0.001602
6.71 -0.001535
6.72 -0.001464
6.73 -0.001387
6.74 -0.001306
6.75 -0.001220
6.76 -0.001129
6.77 -0.001034
6.78 -0.000935
6.79 -0.000832
6.80 -0.000724
6.81 -0.000613
6.82 -0.000497
6.83 -0.000379
6.84 -0.000257
6.85 -0.000131
6.86 -0.000003
6.87 0.000128
6.88 0.000261
6.89 0.000397
6.90 0.000535
6.91 0.000675
6.92 0.000816
6.93 0.000959
6.94 0.001102
6.95 0.001247
6.96 0.001392
6.97 0.001537
6.98 0.001682
6.99 0.001826
7.00 0.001970
7.01 0.002112
7.02 0.002253
7.03 0.002392
7.04 0.002529
7.05 0.002663
7.06 0.002794
7.07 0.002922
7.08 0.003047
7.09 0.003168
7.10 0.003285
7.11 0.003398
7.12 0.003507
7.13 0.003612
7.14 0.003713
7.15 0.003809
7.16 0.003901
7.17 0.003990
7.18 0.004074
7.19 0.004153
7.20 0.004229
7.21 0.004301
7.22 0.004368
7.23 0.004432
7.24 0.004491
7.25 0.004547
7.26 0.004598
7.27 0.004646
7.28 0.004689
7.29 0.004728
7.30 0.004763
7.31 0.004794
7.32 0.004820
7.33 0.004843
7.34 0.004861
7.35 0.004874
7.36 0.004884
7.37 0.004888
7.38 0.004888
7.39 0.004882
7.40 0.004872
7.41 0.004857
7.42 0.004836
7.43 0.004810
7.44 0.004778
7.45 0.004740
7.46 0.004697
7.47 0.004647
7.48 0.004590
7.49 0.004527
7.50 0.004457
7.51 0.004380
7.52 0.004296
7.53 0.004204
7.54 0.004105
7.55 0.003998
7.56 0.003882
7.57 0.003759
7.58 0.003627
7.59 0.003487
7.60 0.003338
7.61 0.003180
7.62 0.003014
7.63 0.002839
7.64 0.002656
7.65 0.002463
7.66 0.002262
7.67 0.002053
7.68 0.001835
7.69 0.001608
7.70 0.001372
7.71 0.001129
7.72 0.000876
7.73 0.000616
7.74 0.000347
7.75 0.000070
7.76 -0.000216
7.77 -0.000510
7.78 -0.000812
7.79 -0.001122
7.80 -0.001440
7.81 -0.001766
7.82 -0.002100
7.83 -0.002442
7.84 -0.002792
7.85 -0.003149
7.86 -0.003515
7.87 -0.003888
7.88 -0.004269
7.89 -0.004658
7.90 -0.005054
7.91 -0.005458
7.92 -0.005869
7.93 -0.006288
7.94 -0.006713
7.95 -0.007146
7.96 -0.007585
7.97 -0.008030
7.98 -0.008482
7.99 -0.008940
8.00 -0.009403
8.01 -0.009872
8.02 -0.010346
8.03 -0.010824
8.04 -0.011307
8.05 -0.011794
8.06 -0.012284
8.07 -0.012778
8.08 -0.013274
8.09 -0.013774
8.10 -0.014275
8.11 -0.014779
8.12 -0.015284
8.13 -0.015790
8.14 -0.016298
8.15 -0.016807
8.16 -0.017317
8.17 -0.017827
8.18 -0.018338
8.19 -0.018849
8.20 -0.019360
8.21 -0.019871
8.22 -0.020383
8.23 -0.020894
8.24 -0.021405
8.25 -0.021916
8.26 -0.022426
8.27 -0.022937
8.28 -0.023448
8.29 -0.023958
8.30 -0.024469
8.31 -0.024980
8.32 -0.025491
8.33 -0.026003
8.34 -0.026515
8.35 -0.027028
8.36 -0.027542
8.37 -0.028057
8.38 -0.028572
8.39 -0.029089
8.40 -0.029607
8.41 -0.030125
8.42 -0.030646
8.43 -0.031167
8.44 -0.031689
8.45 -0.032212
8.46 -0.032737
8.47 -0.033262
8.48 -0.033788
8.49 -0.034315
8.50 -0.034843
8.51 -0.035371
8.52 -0.035900
8.53 -0.036429
8.54 -0.036957
8.55 -0.037486
8.56 -0.038014
8.57 -0.038541
8.58 -0.039067
8.59 -0.039592
8.60 -0.040116
8.61 -0.040637
8.62 -0.041157
8.63 -0.041675
8.64 -0.042189
8.65 -0.042701
8.66 -0.043210
8.67 -0.043716
8.68 -0.044218
8.69 -0.044716
8.70 -0.045210
8.71 -0.045700
8.72 -0.046185
8.73 -0.046666
8.74 -0.047143
8.75 -0.047614
8.76 -0.048081
8.77 -0.048542
8.78 -0.048999
8.79 -0.049451
8.80 -0.049898
8.81 -0.050339
8.82 -0.050775
8.83 -0.051207
8.84 -0.051632
8.85 -0.052053
8.86 -0.052468
8.87 -0.052878
8.88 -0.053282
8.89 -0.053681
8.90 -0.054075
8.91 -0.054463
8.92 -0.054845
8.93 -0.055222
8.94 -0.055594
8.95 -0.055960
8.96 -0.056320
8.97 -0.056675
8.98 -0.057024
8.99 -0.057368
9.00 -0.057707
9.01 -0.058039
9.02 -0.058367
9.03 -0.058689
9.04 -0.059005
9.05 -0.059316
9.06 -0.059622
9.07 -0.059923
9.08 -0.060218
9.09 -0.060508
9.10 -0.060793
9.11 -0.061073
9.12 -0.061347
9.13 -0.061617
9.14 -0.061882
9.15 -0.062141
9.16 -0.062396
9.17 -0.062645
9.18 -0.062890
9.19 -0.063129
9.20 -0.063362
9.21 -0.063591
9.22 -0.063814
9.23 -0.064031
9.24 -0.064243
9.25 -0.064449
9.26 -0.064649
9.27 -0.064844
9.28 -0.065033
9.29 -0.065215
9.30 -0.065392
9.31 -0.065563
9.32 -0.065727
9.33 -0.065885
9.34 -0.066037
9.35 -0.066183
9.36 -0.066321
9.37 -0.066453
9.38 -0.066577
9.39 -0.066694
9.40 -0.066803
9.41 -0.066905
9.42 -0.066998
9.43 -0.067083
9.44 -0.067160
9.45 -0.067227
9.46 -0.067286
9.47 -0.067335
9.48 -0.067374
9.49 -0.067403
9.50 -0.067423
9.51 -0.067432
9.52 -0.067431
9.53 -0.067419
9.54 -0.067396
9.55 -0.067363
9.56 -0.067319
9.57 -0.067265
9.58 -0.067199
9.59 -0.067123
9.60 -0.067036
9.61 -0.066938
9.62 -0.066830
9.63 -0.066711
9.64 -0.066582
9.65 -0.066442
9.66 -0.066292
9.67 -0.066132
9.68 -0.065961
9.69 -0.065781
9.70 -0.065591
9.71 -0.065390
9.72 -0.065180
9.73 -0.064960
9.74 -0.064730
9.75 -0.064491
9.76 -0.064242
9.77 -0.063983
9.78 -0.063714
9.79 -0.063436
9.80 -0.063149
9.81 -0.062851
9.82 -0.062545
9.83 -0.062228
9.84 -0.061902
9.85 -0.061567
9.86 -0.061222
9.87 -0.060867
9.88 -0.060503
9.89 -0.060130
9.90 -0.059747
9.91 -0.059354
9.92 -0.058951
9.93 -0.058539
9.94 -0.058117
9.95 -0.057686
9.96 -0.057244
9.97 -0.056793
9.98 -0.056332
9.99 -0.055861
10.00 -0.055380
10.01 -0.054890
10.02 -0.054389
10.03 -0.053880
10.04 -0.053360
10.05 -0.052831
10.06 -0.052292
10.07 -0.051744
10.08 -0.051187
10.09 -0.050620
10.10 -0.050044
10.11 -0.049459
10.12 -0.048864
10.13 -0.048261
10.14 -0.047649
10.15 -0.047028
10.16 -0.046398
10.17 -0.045760
10.18 -0.045114
10.19 -0.044460
10.20 -0.043798
10.21 -0.043129
10.22 -0.042453
10.23 -0.041770
10.24 -0.041080
10.25 -0.040384
10.26 -0.039682
10.27 -0.038974
10.28 -0.038260
10.29 -0.037541
10.30 -0.036817
10.31 -0.036087
10.32 -0.035352
10.33 -0.034612
10.34 -0.033867
10.35 -0.033117
10.36 -0.032363
10.37 -0.031604
10.38 -0.030841
10.39 -0.030073
10.40 -0.029302
10.41 -0.028526
10.42 -0.027746
10.43 -0.026963
10.44 -0.026176
10.45 -0.025385
10.46 -0.024591
10.47 -0.023794
10.48 -0.022995
10.49 -0.022192
10.50 -0.021387
10.51 -0.020580
10.52 -0.019771
10.53 -0.018959
10.54 -0.018146
10.55 -0.017332
10.56 -0.016515
10.57 -0.015698
10.58 -0.014879
10.59 -0.014059
10.60 -0.013239
10.61 -0.012417
10.62 -0.011595
10.63 -0.010771
10.64 -0.009948
10.65 -0.009124
10.66 -0.008299
10.67 -0.007474
10.68 -0.006649
10.69 -0.005824
10.70 -0.004999
10.71 -0.004173
10.72 -0.003348
10.73 -0.002523
10.74 -0.001699
10.75 -0.000874
10.76 -0.000050
10.77 0.000774
10.78 0.001597
10.79 0.002420
10.80 0.003243
10.81 0.004065
10.82 0.004887
10.83 0.005709
10.84 0.006532
10.85 0.007354
10.86 0.008176
10.87 0.008999
10.88 0.009822
10.89 0.010646
10.90 0.011470
10.91 0.012295
10.92 0.013120
10.93 0.013947
10.94 0.014774
10.95 0.015603
10.96 0.016433
10.97 0.017264
10.98 0.018096
10.99 0.018929
11.00 0.019764
11.01 0.020601
11.02 0.021439
11.03 0.022278
11.04 0.023119
11.05 0.023961
11.06 0.024805
11.07 0.025651
11.08 0.026497
11.09 0.027345
11.10 0.028195
11.11 0.029045
11.12 0.029897
11.13 0.030749
11.14 0.031602
11.15 0.032456
11.16 0.033311
11.17 0.034165
11.18 0.035020
11.19 0.035875
11.20 0.036730
11.21 0.037584
11.22 0.038438
11.23 0.039291
11.24 0.040143
11.25 0.040994
11.26 0.041844
11.27 0.042692
11.28 0.043538
11.29 0.044383
11.30 0.045225
11.31 0.046066
11.32 0.046904
11.33 0.047739
11.34 0.048573
11.35 0.049403
11.36 0.050231
11.37 0.051057
11.38 0.051880
11.39 0.052700
11.40 0.053517
11.41 0.054332
11.42 0.055144
11.43 0.055953
11.44 0.056760
11.45 0.057564
11.46 0.058365
11.47 0.059163
11.48 0.059958
11.49 0.060750
11.50 0.061540
11.51 0.062327
11.52 0.063110
11.53 0.063891
11.54 0.064669
11.55 0.065444
11.56 0.066215
11.57 0.066984
11.58 0.067749
11.59 0.068511
11.60 0.069270
11.61 0.070026
11.62 0.070777
11.63 0.071526
11.64 0.072271
11.65 0.073012
11.66 0.073750
11.67 0.074484
11.68 0.075214
11.69 0.075940
11.70 0.076663
11.71 0.077381
11.72 0.078096
11.73 0.078806
11.74 0.079511
11.75 0.080213
11.76 0.080910
11.77 0.081601
11.78 0.082288
11.79 0.082970
11.80 0.083647
11.81 0.084318
11.82 0.084984
11.83 0.085643
11.84 0.086297
11.85 0.086944
11.86 0.087584
11.87 0.088218
11.88 0.088845
11.89 0.089464
11.90 0.090075
11.91 0.090679
11.92 0.091275
11.93 0.091862
11.94 0.092440
11.95 0.093009
11.96 0.093569
11.97 0.094120
11.98 0.094660
11.99 0.095190
12.00 0.095710
12.01 0.096220
12.02 0.096718
12.03 0.097205
12.04 0.097681
12.05 0.098145
12.06 0.098598
12.07 0.099038
12.08 0.099467
12.09 0.099883
12.10 0.100287
12.11 0.100678
12.12 0.101056
12.13 0.101421
12.14 0.101773
12.15 0.102112
12.16 0.102438
12.17 0.102750
12.18 0.103049
12.19 0.103334
12.20 0.103605
12.21 0.103862
12.22 0.104105
12.23 0.104334
12.24 0.104549
12.25 0.104750
12.26 0.104937
12.27 0.105109
12.28 0.105266
12.29 0.105409
12.30 0.105537
12.31 0.105651
12.32 0.105750
12.33 0.105835
12.34 0.105905
12.35 0.105960
12.36 0.106000
12.37 0.106026
12.38 0.106037
12.39 0.106033
12.40 0.106014
12.41 0.105981
12.42 0.105934
12.43 0.105871
12.44 0.105795
12.45 0.105703
12.46 0.105598
12.47 0.105478
12.48 0.105344
12.49 0.105195
12.50 0.105033
12.51 0.104856
12.52 0.104666
12.53 0.104461
12.54 0.104243
12.55 0.104011
12.56 0.103765
12.57 0.103505
12.58 0.103232
12.59 0.102945
12.60 0.102644
12.61 0.102329
12.62 0.102001
12.63 0.101660
12.64 0.101305
12.65 0.100936
12.66 0.100553
12.67 0.100157
12.68 0.099747
12.69 0.099324
12.70 0.098888
12.71 0.098437
12.72 0.097974
12.73 0.097496
12.74 0.097006
12.75 0.096502
12.76 0.095985
12.77 0.095455
12.78 0.094912
12.79 0.094356
12.80 0.093787
12.81 0.093205
12.82 0.092611
12.83 0.092004
12.84 0.091385
12.85 0.090753
12.86 0.090109
12.87 0.089453
12.88 0.088785
12.89 0.088104
12.90 0.087412
12.91 0.086709
12.92 0.085993
12.93 0.085266
12.94 0.084528
12.95 0.083778
12.96 0.083018
12.97 0.082246
12.98 0.081463
12.99 0.080669
13.00 0.079864
13.01 0.079049
13.02 0.078223
13.03 0.077386
13.04 0.076539
13.05 0.075682
13.06 0.074815
13.07 0.073938
13.08 0.073052
13.09 0.072155
13.10 0.071249
13.11 0.070334
13.12 0.069409
13.13 0.068475
13.14 0.067532
13.15 0.066580
13.16 0.065619
13.17 0.064649
13.18 0.063672
13.19 0.062685
13.20 0.061691
13.21 0.060689
13.22 0.059678
13.23 0.058660
13.24 0.057635
13.25 0.056602
13.26 0.055562
13.27 0.054516
13.28 0.053462
13.29 0.052402
13.30 0.051335
13.31 0.050263
13.32 0.049184
13.33 0.048100
13.34 0.047009
13.35 0.045914
13.36 0.044813
13.37 0.043707
13.38 0.042596
13.39 0.041481
13.40 0.040361
13.41 0.039236
13.42 0.038107
13.43 0.036975
13.44 0.035838
13.45 0.034698
13.46 0.033554
13.47 0.032407
13.48 0.031257
13.49 0.030104
13.50 0.028948
13.51 0.027789
13.52 0.026628
13.53 0.025464
13.54 0.024299
13.55 0.023131
13.56 0.021962
13.57 0.020791
13.58 0.019619
13.59 0.018446
13.60 0.017273
13.61 0.016098
13.62 0.014924
13.63 0.013749
13.64 0.012574
13.65 0.011400
13.66 0.010226
13.67 0.009053
13.68 0.007882
13.69 0.006711
13.70 0.005542
13.71 0.004375
13.72 0.003210
13.73 0.002048
13.74 0.000887
13.75 -0.000270
13.76 -0.001425
13.77 -0.002576
13.78 -0.003724
13.79 -0.004869
13.80 -0.006010
13.81 -0.007146
13.82 -0.008279
13.83 -0.009407
13.84 -0.010530
13.85 -0.011649
13.86 -0.012763
13.87 -0.013872
13.88 -0.014975
13.89 -0.016073
13.90 -0.017165
13.91 -0.018251
13.92 -0.019331
13.93 -0.020406
13.94 -0.021473
13.95 -0.022535
13.96 -0.023589
13.97 -0.024637
13.98 -0.025678
13.99 -0.026712
14.00 -0.027739
14.01 -0.028759
14.02 -0.029771
14.03 -0.030775
14.04 -0.031772
14.05 -0.032761
14.06 -0.033741
14.07 -0.034714
14.08 -0.035679
14.09 -0.036635
14.10 -0.037583
14.11 -0.038523
14.12 -0.039454
14.13 -0.040377
14.14 -0.041290
14.15 -0.042195
14.16 -0.043092
14.17 -0.043979
14.18 -0.044858
14.19 -0.045727
14.20 -0.046588
14.21 -0.047440
14.22 -0.048283
14.23 -0.049117
14.24 -0.049942
14.25 -0.050758
14.26 -0.051565
14.27 -0.052363
14.28 -0.053152
14.29 -0.053932
14.30 -0.054703
14.31 -0.055465
14.32 -0.056218
14.33 -0.056962
14.34 -0.057697
14.35 -0.058423
14.36 -0.059140
14.37 -0.059848
14.38 -0.060547
14.39 -0.061237
14.40 -0.061918
14.41 -0.062590
14.42 -0.063253
14.43 -0.063906
14.44 -0.064551
14.45 -0.065186
14.46 -0.065812
14.47 -0.066429
14.48 -0.067036
14.49 -0.067635
14.50 -0.068223
14.51 -0.068803
14.52 -0.069373
14.53 -0.069933
14.54 -0.070484
14.55 -0.071025
14.56 -0.071557
14.57 -0.072078
14.58 -0.072590
14.59 -0.073091
14.60 -0.073582
14.61 -0.074063
14.62 -0.074534
14.63 -0.074994
14.64 -0.075444
14.65 -0.075883
14.66 -0.076311
14.67 -0.076728
14.68 -0.077134
14.69 -0.077529
14.70 -0.077912
14.71 -0.078285
14.72 -0.078645
14.73 -0.078994
14.74 -0.079331
14.75 -0.079657
14.76 -0.079970
14.77 -0.080271
14.78 -0.080560
14.79 -0.080837
14.80 -0.081102
14.81 -0.081354
14.82 -0.081594
14.83 -0.081821
14.84 -0.082036
14.85 -0.082238
14.86 -0.082427
14.87 -0.082603
14.88 -0.082767
14.89 -0.082918
14.90 -0.083056
14.91 -0.083180
14.92 -0.083292
14.93 -0.083391
14.94 -0.083477
14.95 -0.083549
14.96 -0.083609
14.97 -0.083655
14.98 -0.083688
14.99 -0.083708
15.00 -0.083714
15.01 -0.083708
15.02 -0.083688
15.03 -0.083655
15.04 -0.083609
15.05 -0.083550
15.06 -0.083477
15.07 -0.083392
15.08 -0.083294
15.09 -0.083182
15.10 -0.083058
15.11 -0.082920
15.12 -0.082770
15.13 -0.082607
15.14 -0.082431
15.15 -0.082242
15.16 -0.082040
15.17 -0.081825
15.18 -0.081598
15.19 -0.081358
15.20 -0.081106
15.21 -0.080841
15.22 -0.080563
15.23 -0.080273
15.24 -0.079971
15.25 -0.079656
15.26 -0.079329
15.27 -0.078990
15.28 -0.078639
15.29 -0.078275
15.30 -0.077900
15.31 -0.077513
15.32 -0.077113
15.33 -0.076702
15.34 -0.076280
15.35 -0.075845
15.36 -0.075399
15.37 -0.074942
15.38 -0.074473
15.39 -0.073992
15.40 -0.073501
15.41 -0.072998
15.42 -0.072484
15.43 -0.071959
15.44 -0.071423
15.45 -0.070876
15.46 -0.070318
15.47 -0.069750
15.48 -0.069171
15.49 -0.068581
15.50 -0.067981
15.51 -0.067371
15.52 -0.066750
15.53 -0.066120
15.54 -0.065479
15.55 -0.064829
15.56 -0.064169
15.57 -0.063500
15.58 -0.062822
15.59 -0.062134
15.60 -0.061439
15.61 -0.060734
15.62 -0.060021
15.63 -0.059301
15.64 -0.058572
15.65 -0.057836
15.66 -0.057092
15.67 -0.056342
15.68 -0.055584
15.69 -0.054820
15.70 -0.054050
15.71 -0.053273
15.72 -0.052490
15.73 -0.051702
15.74 -0.050907
15.75 -0.050108
15.76 -0.049303
15.77 -0.048493
15.78 -0.047678
15.79 -0.046858
15.80 -0.046035
15.81 -0.045207
15.82 -0.044375
15.83 -0.043539
15.84 -0.042699
15.85 -0.041856
15.86 -0.041010
15.87 -0.040161
15.88 -0.039309
15.89 -0.038454
15.90 -0.037597
15.91 -0.036737
15.92 -0.035876
15.93 -0.035012
15.94 -0.034146
15.95 -0.033279
15.96 -0.032410
15.97 -0.031540
15.98 -0.030669
15.99 -0.029796
16.00 -0.028924
16.01 -0.028050
16.02 -0.027176
16.03 -0.026302
16.04 -0.025428
16.05 -0.024554
16.06 -0.023680
16.07 -0.022807
16.08 -0.021934
16.09 -0.021062
16.10 -0.020190
16.11 -0.019320
16.12 -0.018451
16.13 -0.017583
16.14 -0.016716
16.15 -0.015851
16.16 -0.014987
16.17 -0.014126
16.18 -0.013266
16.19 -0.012408
16.20 -0.011552
16.21 -0.010699
16.22 -0.009848
16.23 -0.008999
16.24 -0.008153
16.25 -0.007310
16.26 -0.006470
16.27 -0.005634
16.28 -0.004800
16.29 -0.003971
16.30 -0.003144
16.31 -0.002322
16.32 -0.001504
16.33 -0.000690
16.34 0.000119
16.35 0.000924
16.36 0.001723
16.37 0.002518
16.38 0.003307
16.39 0.004091
16.40 0.004870
16.41 0.005642
16.42 0.006408
16.43 0.007168
16.44 0.007921
16.45 0.008668
16.46 0.009408
16.47 0.010141
16.48 0.010866
16.49 0.011585
16.50 0.012295
16.51 0.012998
16.52 0.013693
16.53 0.014380
16.54 0.015058
16.55 0.015728
16.56 0.016390
16.57 0.017042
16.58 0.017686
16.59 0.018320
16.60 0.018945
16.61 0.019561
16.62 0.020167
16.63 0.020764
16.64 0.021351
16.65 0.021927
16.66 0.022494
16.67 0.023051
16.68 0.023597
16.69 0.024133
16.70 0.024659
16.71 0.025174
16.72 0.025679
16.73 0.026173
16.74 0.026656
16.75 0.027129
16.76 0.027590
16.77 0.028041
16.78 0.028481
16.79 0.028909
16.80 0.029326
16.81 0.029733
16.82 0.030127
16.83 0.030511
16.84 0.030883
16.85 0.031244
16.86 0.031593
16.87 0.031931
16.88 0.032257
16.89 0.032572
16.90 0.032875
16.91 0.033167
16.92 0.033448
16.93 0.033717
16.94 0.033974
16.95 0.034220
16.96 0.034455
16.97 0.034678
16.98 0.034889
16.99 0.035089
17.00 0.035278
17.01 0.035455
17.02 0.035621
17.03 0.035776
17.04 0.035919
17.05 0.036050
17.06 0.036170
17.07 0.036279
17.08 0.036377
17.09 0.036463
17.10 0.036537
17.11 0.036601
17.12 0.036653
17.13 0.036693
17.14 0.036723
17.15 0.036741
17.16 0.036747
17.17 0.036743
17.18 0.036727
17.19 0.036699
17.20 0.036661
17.21 0.036612
17.22 0.036551
17.23 0.036479
17.24 0.036397
17.25 0.036303
17.26 0.036199
17.27 0.036084
17.28 0.035958
17.29 0.035822
17.30 0.035675
17.31 0.035518
17.32 0.035351
17.33 0.035174
17.34 0.034987
17.35 0.034790
17.36 0.034584
17.37 0.034368
17.38 0.034143
17.39 0.033909
17.40 0.033666
17.41 0.033415
17.42 0.033154
17.43 0.032886
17.44 0.032609
17.45 0.032325
17.46 0.032032
17.47 0.031732
17.48 0.031425
17.49 0.031110
17.50 0.030787
17.51 0.030458
17.52 0.030122
17.53 0.029779
17.54 0.029430
17.55 0.029074
17.56 0.028712
17.57 0.028343
17.58 0.027969
17.59 0.027588
17.60 0.027202
17.61 0.026811
17.62 0.026414
17.63 0.026011
17.64 0.025604
17.65 0.025192
17.66 0.024775
17.67 0.024354
17.68 0.023928
17.69 0.023498
17.70 0.023064
17.71 0.022626
17.72 0.022185
17.73 0.021740
17.74 0.021292
17.75 0.020841
17.76 0.020386
17.77 0.019929
17.78 0.019469
17.79 0.019007
17.80 0.018543
17.81 0.018076
17.82 0.017608
17.83 0.017138
17.84 0.016666
17.85 0.016193
17.86 0.015719
17.87 0.015244
17.88 0.014768
17.89 0.014291
17.90 0.013814
17.91 0.013336
17.92 0.012858
17.93 0.012379
17.94 0.011900
17.95 0.011422
17.96 0.010943
17.97 0.010465
17.98 0.009987
17.99 0.009509
18.00 0.009032
18.01 0.008556
18.02 0.008080
18.03 0.007605
18.04 0.007132
18.05 0.006659
18.06 0.006187
18.07 0.005717
18.08 0.005249
18.09 0.004782
18.10 0.004316
18.11 0.003853
18.12 0.003391
18.13 0.002931
18.14 0.002473
18.15 0.002017
18.16 0.001564
18.17 0.001112
18.18 0.000663
18.19 0.000216
18.20 -0.000228
18.21 -0.000671
18.22 -0.001110
18.23 -0.001548
18.24 -0.001983
18.25 -0.002415
18.26 -0.002845
18.27 -0.003272
18.28 -0.003697
18.29 -0.004118
18.30 -0.004537
18.31 -0.004953
18.32 -0.005366
18.33 -0.005776
18.34 -0.006183
18.35 -0.006587
18.36 -0.006988
18.37 -0.007385
18.38 -0.007779
18.39 -0.008170
18.40 -0.008557
18.41 -0.008941
18.42 -0.009322
18.43 -0.009699
18.44 -0.010073
18.45 -0.010443
18.46 -0.010809
18.47 -0.011172
18.48 -0.011531
18.49 -0.011886
18.50 -0.012238
18.51 -0.012586
18.52 -0.012930
18.53 -0.013270
18.54 -0.013606
18.55 -0.013938
18.56 -0.014266
18.57 -0.014590
18.58 -0.014910
18.59 -0.015226
18.60 -0.015537
18.61 -0.015844
18.62 -0.016147
18.63 -0.016445
18.64 -0.016739
18.65 -0.017028
18.66 -0.017313
18.67 -0.017593
18.68 -0.017869
18.69 -0.018140
18.70 -0.018406
18.71 -0.018667
18.72 -0.018923
18.73 -0.019175
18.74 -0.019421
18.75 -0.019662
18.76 -0.019898
18.77 -0.020129
18.78 -0.020355
18.79 -0.020576
18.80 -0.020791
18.81 -0.021001
18.82 -0.021205
18.83 -0.021404
18.84 -0.021597
18.85 -0.021784
18.86 -0.021966
18.87 -0.022142
18.88 -0.022313
18.89 -0.022478
18.90 -0.022637
18.91 -0.022790
18.92 -0.022937
18.93 -0.023079
18.94 -0.023215
18.95 -0.023344
18.96 -0.023468
18.97 -0.023587
18.98 -0.023699
18.99 -0.023805
19.00 -0.023905
19.01 -0.024000
19.02 -0.024088
19.03 -0.024171
19.04 -0.024247
19.05 -0.024317
19.06 -0.024381
19.07 -0.024439
19.08 -0.024491
19.09 -0.024536
19.10 -0.024575
19.11 -0.024607
19.12 -0.024633
19.13 -0.024652
19.14 -0.024665
19.15 -0.024670
19.16 -0.024670
19.17 -0.024662
19.18 -0.024647
19.19 -0.024626
19.20 -0.024598
19.21 -0.024562
19.22 -0.024520
19.23 -0.024471
19.24 -0.024414
19.25 -0.024351
19.26 -0.024280
19.27 -0.024202
19.28 -0.024117
19.29 -0.024025
19.30 -0.023926
19.31 -0.023820
19.32 -0.023706
19.33 -0.023585
19.34 -0.023457
19.35 -0.023321
19.36 -0.023179
19.37 -0.023029
19.38 -0.022872
19.39 -0.022707
19.40 -0.022536
19.41 -0.022357
19.42 -0.022172
19.43 -0.021979
19.44 -0.021779
19.45 -0.021572
19.46 -0.021359
19.47 -0.021138
19.48 -0.020910
19.49 -0.020676
19.50 -0.020434
19.51 -0.020186
19.52 -0.019932
19.53 -0.019670
19.54 -0.019403
19.55 -0.019128
19.56 -0.018848
19.57 -0.018561
19.58 -0.018267
19.59 -0.017968
19.60 -0.017663
19.61 -0.017352
19.62 -0.017035
19.63 -0.016713
19.64 -0.016385
19.65 -0.016052
19.66 -0.015714
19.67 -0.015371
19.68 -0.015023
19.69 -0.014671
19.70 -0.014315
19.71 -0.013954
19.72 -0.013589
19.73 -0.013220
19.74 -0.012847
19.75 -0.012471
19.76 -0.012091
19.77 -0.011708
19.78 -0.011321
19.79 -0.010932
19.80 -0.010539
19.81 -0.010144
19.82 -0.009746
19.83 -0.009345
19.84 -0.008942
19.85 -0.008537
19.86 -0.008129
19.87 -0.007720
19.88 -0.007308
19.89 -0.006895
19.90 -0.006481
19.91 -0.006065
19.92 -0.005648
19.93 -0.005230
19.94 -0.004811
19.95 -0.004391
19.96 -0.003971
19.97 -0.003550
19.98 -0.003128
19.99 -0.002706
20.00 -0.002284
20.01 -0.001862
20.02 -0.001440
20.03 -0.001018
20.04 -0.000596
20.05 -0.000175
20.06 0.000246
20.07 0.000667
20.08 0.001086
20.09 0.001505
20.10 0.001923
20.11 0.002340
20.12 0.002756
20.13 0.003171
20.14 0.003584
20.15 0.003996
20.16 0.004406
20.17 0.004815
20.18 0.005221
20.19 0.005626
20.20 0.006029
20.21 0.006430
20.22 0.006828
20.23 0.007225
20.24 0.007619
20.25 0.008010
20.26 0.008399
20.27 0.008785
20.28 0.009169
20.29 0.009549
20.30 0.009927
20.31 0.010302
20.32 0.010674
20.33 0.011042
20.34 0.011407
20.35 0.011770
20.36 0.012128
20.37 0.012483
20.38 0.012835
20.39 0.013183
20.40 0.013527
20.41 0.013868
20.42 0.014204
20.43 0.014537
20.44 0.014866
20.45 0.015191
20.46 0.015511
20.47 0.015828
20.48 0.016140
20.49 0.016448
20.50 0.016752
20.51 0.017051
20.52 0.017346
20.53 0.017637
20.54 0.017923
20.55 0.018205
20.56 0.018482
20.57 0.018755
20.58 0.019023
20.59 0.019287
20.60 0.019546
20.61 0.019800
20.62 0.020050
20.63 0.020295
20.64 0.020536
20.65 0.020772
20.66 0.021003
20.67 0.021230
20.68 0.021451
20.69 0.021668
20.70 0.021881
20.71 0.022088
20.72 0.022291
20.73 0.022489
20.74 0.022682
20.75 0.022870
20.76 0.023054
20.77 0.023233
20.78 0.023407
20.79 0.023576
20.80 0.023741
20.81 0.023900
20.82 0.024055
20.83 0.024206
20.84 0.024351
20.85 0.024492
20.86 0.024628
20.87 0.024759
20.88 0.024886
20.89 0.025008
20.90 0.025125
20.91 0.025237
20.92 0.025345
20.93 0.025448
20.94 0.025546
20.95 0.025639
20.96 0.025728
20.97 0.025812
20.98 0.025892
20.99 0.025967
21.00 0.026037
21.01 0.026102
21.02 0.026164
21.03 0.026220
21.04 0.026272
21.05 0.026320
21.06 0.026363
21.07 0.026402
21.08 0.026437
21.09 0.026467
21.10 0.026493
21.11 0.026515
21.12 0.026533
21.13 0.026546
21.14 0.026556
21.15 0.026561
21.16 0.026563
21.17 0.026560
21.18 0.026554
21.19 0.026544
21.20 0.026531
21.21 0.026513
21.22 0.026492
21.23 0.026468
21.24 0.026440
21.25 0.026408
21.26 0.026373
21.27 0.026335
21.28 0.026294
21.29 0.026249
21.30 0.026201
21.31 0.026150
21.32 0.026096
21.33 0.026038
21.34 0.025978
21.35 0.025915
21.36 0.025848
21.37 0.025779
21.38 0.025707
21.39 0.025632
21.40 0.025554
21.41 0.025473
21.42 0.025390
21.43 0.025304
21.44 0.025215
21.45 0.025124
21.46 0.025030
21.47 0.024933
21.48 0.024834
21.49 0.024733
21.50 0.024630
21.51 0.024524
21.52 0.024416
21.53 0.024305
21.54 0.024193
21.55 0.024078
21.56 0.023961
21.57 0.023842
21.58 0.023721
21.59 0.023598
21.60 0.023472
21.61 0.023345
21.62 0.023215
21.63 0.023083
21.64 0.022950
21.65 0.022814
21.66 0.022676
21.67 0.022536
21.68 0.022393
21.69 0.022249
21.70 0.022103
21.71 0.021954
21.72 0.021804
21.73 0.021651
21.74 0.021496
21.75 0.021339
21.76 0.021180
21.77 0.021018
21.78 0.020855
21.79 0.020689
21.80 0.020522
21.81 0.020352
21.82 0.020180
21.83 0.020005
21.84 0.019829
21.85 0.019651
21.86 0.019470
21.87 0.019287
21.88 0.019102
21.89 0.018915
21.90 0.018726
21.91 0.018534
21.92 0.018341
21.93 0.018145
21.94 0.017947
21.95 0.017747
21.96 0.017545
21.97 0.017341
21.98 0.017134
21.99 0.016926
22.00 0.016715
22.01 0.016502
22.02 0.016287
22.03 0.016070
22.04 0.015851
22.05 0.015629
22.06 0.015406
22.07 0.015180
22.08 0.014952
22.09 0.014722
22.10 0.014490
22.11 0.014256
22.12 0.014019
22.13 0.013781
22.14 0.013540
22.15 0.013298
22.16 0.013053
22.17 0.012806
22.18 0.012557
22.19 0.012306
22.20 0.012054
22.21 0.011799
22.22 0.011542
22.23 0.011284
22.24 0.011023
22.25 0.010761
22.26 0.010497
22.27 0.010232
22.28 0.009964
22.29 0.009695
22.30 0.009425
22.31 0.009153
22.32 0.008879
22.33 0.008604
22.34 0.008328
22.35 0.008050
22.36 0.007771
22.37 0.007490
22.38 0.007209
22.39 0.006926
22.40 0.006643
22.41 0.006358
22.42 0.006073
22.43 0.005786
22.44 0.005499
22.45 0.005211
22.46 0.004923
22.47 0.004634
22.48 0.004344
22.49 0.004054
22.50 0.003764
22.51 0.003474
22.52 0.003184
22.53 0.002893
22.54 0.002603
22.55 0.002313
22.56 0.002023
22.57 0.001734
22.58 0.001445
22.59 0.001157
22.60 0.000869
22.61 0.000582
22.62 0.000296
22.63 0.000011
22.64 -0.000273
22.65 -0.000556
22.66 -0.000837
22.67 -0.001118
22.68 -0.001397
22.69 -0.001674
22.70 -0.001949
22.71 -0.002223
22.72 -0.002496
22.73 -0.002766
22.74 -0.003034
22.75 -0.003301
22.76 -0.003565
22.77 -0.003827
22.78 -0.004087
22.79 -0.004344
22.80 -0.004599
22.81 -0.004851
22.82 -0.005101
22.83 -0.005348
22.84 -0.005592
22.85 -0.005833
22.86 -0.006072
22.87 -0.006307
22.88 -0.006539
22.89 -0.006768
22.90 -0.006994
22.91 -0.007216
22.92 -0.007435
22.93 -0.007651
22.94 -0.007863
22.95 -0.008071
22.96 -0.008276
22.97 -0.008477
22.98 -0.008674
22.99 -0.008868
23.00 -0.009057
23.01 -0.009243
23.02 -0.009424
23.03 -0.009602
23.04 -0.009775
23.05 -0.009945
23.06 -0.010110
23.07 -0.010271
23.08 -0.010428
23.09 -0.010581
23.10 -0.010730
23.11 -0.010874
23.12 -0.011014
23.13 -0.011150
23.14 -0.011282
23.15 -0.011410
23.16 -0.011533
23.17 -0.011652
23.18 -0.011767
23.19 -0.011878
23.20 -0.011984
23.21 -0.012087
23.22 -0.012185
23.23 -0.012279
23.24 -0.012368
23.25 -0.012454
23.26 -0.012536
23.27 -0.012613
23.28 -0.012686
23.29 -0.012755
23.30 -0.012821
23.31 -0.012882
23.32 -0.012939
23.33 -0.012992
23.34 -0.013041
23.35 -0.013086
23.36 -0.013128
23.37 -0.013165
23.38 -0.013199
23.39 -0.013229
23.40 -0.013255
23.41 -0.013277
23.42 -0.013296
23.43 -0.013311
23.44 -0.013323
23.45 -0.013331
23.46 -0.013335
23.47 -0.013337
23.48 -0.013334
23.49 -0.013328
23.50 -0.013319
23.51 -0.013307
23.52 -0.013291
23.53 -0.013272
23.54 -0.013250
23.55 -0.013225
23.56 -0.013197
23.57 -0.013165
23.58 -0.013131
23.59 -0.013093
23.60 -0.013053
23.61 -0.013010
23.62 -0.012964
23.63 -0.012915
23.64 -0.012864
23.65 -0.012809
23.66 -0.012753
23.67 -0.012693
23.68 -0.012631
23.69 -0.012567
23.70 -0.012500
23.71 -0.012431
23.72 -0.012359
23.73 -0.012285
23.74 -0.012209
23.75 -0.012131
23.76 -0.012051
23.77 -0.011968
23.78 -0.011884
23.79 -0.011798
23.80 -0.011709
23.81 -0.011619
23.82 -0.011527
23.83 -0.011434
23.84 -0.011339
23.85 -0.011242
23.86 -0.011143
23.87 -0.011043
23.88 -0.010942
23.89 -0.010839
23.90 -0.010735
23.91 -0.010630
23.92 -0.010523
23.93 -0.010415
23.94 -0.010307
23.95 -0.010197
23.96 -0.010086
23.97 -0.009974
23.98 -0.009861
23.99 -0.009748
24.00 -0.009633
24.01 -0.009518
24.02 -0.009402
24.03 -0.009286
24.04 -0.009169
24.05 -0.009051
24.06 -0.008933
24.07 -0.008814
24.08 -0.008695
24.09 -0.008576
24.10 -0.008456
24.11 -0.008336
24.12 -0.008216
24.13 -0.008096
24.14 -0.007975
24.15 -0.007854
24.16 -0.007734
24.17 -0.007613
24.18 -0.007492
24.19 -0.007371
24.20 -0.007251
24.21 -0.007130
24.22 -0.007010
24.23 -0.006889
24.24 -0.006769
24.25 -0.006650
24.26 -0.006530
24.27 -0.006411
24.28 -0.006292
24.29 -0.006173
24.30 -0.006055
24.31 -0.005937
24.32 -0.005819
24.33 -0.005702
24.34 -0.005585
24.35 -0.005468
24.36 -0.005352
24.37 -0.005237
24.38 -0.005122
24.39 -0.005007
24.40 -0.004893
24.41 -0.004779
24.42 -0.004666
24.43 -0.004553
24.44 -0.004441
24.45 -0.004329
24.46 -0.004218
24.47 -0.004107
24.48 -0.003997
24.49 -0.003888
24.50 -0.003779
24.51 -0.003670
24.52 -0.003562
24.53 -0.003455
24.54 -0.003348
24.55 -0.003242
24.56 -0.003136
24.57 -0.003031
24.58 -0.002926
24.59 -0.002822
24.60 -0.002719
24.61 -0.002616
24.62 -0.002514
24.63 -0.002412
24.64 -0.002311
24.65 -0.002211
24.66 -0.002111
24.67 -0.002012
24.68 -0.001914
24.69 -0.001816
24.70 -0.001719
24.71 -0.001623
24.72 -0.001527
24.73 -0.001432
24.74 -0.001338
24.75 -0.001244
24.76 -0.001150
24.77 -0.001058
24.78 -0.000966
24.79 -0.000874
24.80 -0.000783
24.81 -0.000693
24.82 -0.000603
24.83 -0.000514
24.84 -0.000426
24.85 -0.000338
24.86 -0.000250
24.87 -0.000163
24.88 -0.000077
24.89 0.000009
24.90 0.000094
24.91 0.000178
24.92 0.000262
24.93 0.000346
24.94 0.000429
24.95 0.000511
24.96 0.000593
24.97 0.000674
24.98 0.000754
24.99 0.000834
25.00 0.000912
25.01 0.000991
25.02 0.001068
25.03 0.001145
25.04 0.001221
25.05 0.001296
25.06 0.001370
25.07 0.001443
25.08 0.001516
25.09 0.001587
25.10 0.001657
25.11 0.001727
25.12 0.001795
25.13 0.001862
25.14 0.001929
25.15 0.001994
25.16 0.002058
25.17 0.002120
25.18 0.002182
25.19 0.002242
25.20 0.002301
25.21 0.002359
25.22 0.002416
25.23 0.002471
25.24 0.002525
25.25 0.002577
25.26 0.002628
25.27 0.002678
25.28 0.002726
25.29 0.002773
25.30 0.002818
25.31 0.002862
25.32 0.002904
25.33 0.002945
25.34 0.002984
25.35 0.003022
25.36 0.003058
25.37 0.003093
25.38 0.003126
25.39 0.003158
25.40 0.003187
25.41 0.003216
25.42 0.003242
25.43 0.003267
25.44 0.003291
25.45 0.003313
25.46 0.003333
25.47 0.003352
25.48 0.003369
25.49 0.003384
25.50 0.003397
25.51 0.003409
25.52 0.003420
25.53 0.003428
25.54 0.003435
25.55 0.003440
25.56 0.003444
25.57 0.003446
25.58 0.003446
25.59 0.003444
25.60 0.003441
25.61 0.003436
25.62 0.003430
25.63 0.003421
25.64 0.003411
25.65 0.003399
25.66 0.003386
25.67 0.003371
25.68 0.003354
25.69 0.003335
25.70 0.003314
25.71 0.003292
25.72 0.003268
25.73 0.003243
25.74 0.003215
25.75 0.003186
25.76 0.003155
25.77 0.003122
25.78 0.003088
25.79 0.003051
25.80 0.003013
25.81 0.002973
25.82 0.002931
25.83 0.002888
25.84 0.002842
25.85 0.002795
25.86 0.002746
25.87 0.002695
25.88 0.002642
25.89 0.002587
25.90 0.002531
25.91 0.002473
25.92 0.002413
25.93 0.002351
25.94 0.002287
25.95 0.002222
25.96 0.002155
25.97 0.002086
25.98 0.002015
25.99 0.001943
26.00 0.001869
26.01 0.001793
26.02 0.001716
26.03 0.001637
26.04 0.001556
26.05 0.001474
26.06 0.001391
26.07 0.001306
26.08 0.001219
26.09 0.001131
26.10 0.001042
26.11 0.000952
26.12 0.000860
26.13 0.000767
26.14 0.000673
26.15 0.000578
26.16 0.000481
26.17 0.000384
26.18 0.000285
26.19 0.000186
26.20 0.000086
26.21 -0.000016
26.22 -0.000118
26.23 -0.000221
26.24 -0.000324
26.25 -0.000429
26.26 -0.000534
26.27 -0.000640
26.28 -0.000746
26.29 -0.000853
26.30 -0.000961
26.31 -0.001069
26.32 -0.001177
26.33 -0.001286
26.34 -0.001394
26.35 -0.001504
26.36 -0.001613
26.37 -0.001723
26.38 -0.001832
26.39 -0.001942
26.40 -0.002051
26.41 -0.002161
26.42 -0.002270
26.43 -0.002380
26.44 -0.002489
26.45 -0.002597
26.46 -0.002706
26.47 -0.002814
26.48 -0.002921
26.49 -0.003028
26.50 -0.003134
26.51 -0.003240
26.52 -0.003345
26.53 -0.003450
26.54 -0.003553
26.55 -0.003656
26.56 -0.003758
26.57 -0.003860
26.58 -0.003960
26.59 -0.004059
26.60 -0.004157
26.61 -0.004255
26.62 -0.004351
26.63 -0.004446
26.64 -0.004540
26.65 -0.004633
26.66 -0.004725
26.67 -0.004815
26.68 -0.004904
26.69 -0.004992
26.70 -0.005079
26.71 -0.005164
26.72 -0.005248
26.73 -0.005331
26.74 -0.005412
26.75 -0.005492
26.76 -0.005571
26.77 -0.005648
26.78 -0.005723
26.79 -0.005798
26.80 -0.005870
26.81 -0.005942
26.82 -0.006011
26.83 -0.006080
26.84 -0.006147
26.85 -0.006212
26.86 -0.006276
26.87 -0.006338
26.88 -0.006399
26.89 -0.006458
26.90 -0.006516
26.91 -0.006572
26.92 -0.006627
26.93 -0.006680
26.94 -0.006731
26.95 -0.006781
26.96 -0.006830
26.97 -0.006877
26.98 -0.006923
26.99 -0.006967
27.00 -0.007010
27.01 -0.007051
27.02 -0.007091
27.03 -0.007129
27.04 -0.007166
27.05 -0.007202
27.06 -0.007236
27.07 -0.007269
27.08 -0.007300
27.09 -0.007330
27.10 -0.007359
27.11 -0.007387
27.12 -0.007413
27.13 -0.007438
27.14 -0.007461
27.15 -0.007483
27.16 -0.007504
27.17 -0.007524
27.18 -0.007543
27.19 -0.007560
27.20 -0.007576
27.21 -0.007591
27.22 -0.007605
27.23 -0.007617
27.24 -0.007629
27.25 -0.007639
27.26 -0.007648
27.27 -0.007656
27.28 -0.007663
27.29 -0.007669
27.30 -0.007673
27.31 -0.007677
27.32 -0.007679
27.33 -0.007680
27.34 -0.007681
27.35 -0.007680
27.36 -0.007678
27.37 -0.007675
27.38 -0.007671
27.39 -0.007666
27.40 -0.007659
27.41 -0.007652
27.42 -0.007644
27.43 -0.007634
27.44 -0.007624
27.45 -0.007613
27.46 -0.007600
27.47 -0.007587
27.48 -0.007572
27.49 -0.007557
27.50 -0.007540
27.51 -0.007522
27.52 -0.007504
27.53 -0.007484
27.54 -0.007463
27.55 -0.007442
27.56 -0.007419
27.57 -0.007395
27.58 -0.007371
27.59 -0.007345
27.60 -0.007318
27.61 -0.007291
27.62 -0.007262
27.63 -0.007232
27.64 -0.007202
27.65 -0.007170
27.66 -0.007138
27.67 -0.007105
27.68 -0.007070
27.69 -0.007035
27.70 -0.006999
27.71 -0.006962
27.72 -0.006923
27.73 -0.006885
27.74 -0.006845
27.75 -0.006804
27.76 -0.006762
27.77 -0.006720
27.78 -0.006676
27.79 -0.006632
27.80 -0.006587
27.81 -0.006541
27.82 -0.006494
27.83 -0.006447
27.84 -0.006398
27.85 -0.006349
27.86 -0.006299
27.87 -0.006248
27.88 -0.006197
27.89 -0.006144
27.90 -0.006091
27.91 -0.006037
27.92 -0.005983
27.93 -0.005928
27.94 -0.005872
27.95 -0.005815
27.96 -0.005758
27.97 -0.005700
27.98 -0.005641
27.99 -0.005581
28.00 -0.005521
28.01 -0.005460
28.02 -0.005399
28.03 -0.005337
28.04 -0.005274
28.05 -0.005210
28.06 -0.005146
28.07 -0.005081
28.08 -0.005016
28.09 -0.004950
28.10 -0.004883
28.11 -0.004816
28.12 -0.004748
28.13 -0.004680
28.14 -0.004611
28.15 -0.004541
28.16 -0.004471
28.17 -0.004400
28.18 -0.004328
28.19 -0.004256
28.20 -0.004184
28.21 -0.004110
28.22 -0.004037
28.23 -0.003962
28.24 -0.003887
28.25 -0.003812
28.26 -0.003736
28.27 -0.003660
28.28 -0.003583
28.29 -0.003505
28.30 -0.003427
28.31 -0.003349
28.32 -0.003270
28.33 -0.003190
28.34 -0.003110
28.35 -0.003029
28.36 -0.002948
28.37 -0.002867
28.38 -0.002785
28.39 -0.002702
28.40 -0.002619
28.41 -0.002535
28.42 -0.002451
28.43 -0.002367
28.44 -0.002281
28.45 -0.002196
28.46 -0.002110
28.47 -0.002023
28.48 -0.001936
28.49 -0.001849
28.50 -0.001761
28.51 -0.001673
28.52 -0.001584
28.53 -0.001495
28.54 -0.001406
28.55 -0.001317
28.56 -0.001227
28.57 -0.001136
28.58 -0.001046
28.59 -0.000955
28.60 -0.000864
28.61 -0.000773
28.62 -0.000681
28.63 -0.000589
28.64 -0.000497
28.65 -0.000405
28.66 -0.000313
28.67 -0.000221
28.68 -0.000129
28.69 -0.000036
28.70 0.000056
28.71 0.000149
28.72 0.000241
28.73 0.000333
28.74 0.000426
28.75 0.000518
28.76 0.000610
28.77 0.000702
28.78 0.000794
28.79 0.000885
28.80 0.000976
28.81 0.001067
28.82 0.001158
28.83 0.001248
28.84 0.001338
28.85 0.001428
28.86 0.001517
28.87 0.001605
28.88 0.001693
28.89 0.001781
28.90 0.001868
28.91 0.001954
28.92 0.002040
28.93 0.002125
28.94 0.002209
28.95 0.002293
28.96 0.002375
28.97 0.002457
28.98 0.002539
28.99 0.002619
29.00 0.002699
29.01 0.002777
29.02 0.002855
29.03 0.002932
29.04 0.003008
29.05 0.003083
29.06 0.003157
29.07 0.003230
29.08 0.003302
29.09 0.003372
29.10 0.003442
29.11 0.003511
29.12 0.003579
29.13 0.003645
29.14 0.003711
29.15 0.003775
29.16 0.003839
29.17 0.003901
29.18 0.003962
29.19 0.004022
29.20 0.004081
29.21 0.004139
29.22 0.004195
29.23 0.004251
29.24 0.004305
29.25 0.004358
29.26 0.004410
29.27 0.004460
29.28 0.004509
29.29 0.004558
29.30 0.004604
29.31 0.004650
29.32 0.004694
29.33 0.004737
29.34 0.004779
29.35 0.004820
29.36 0.004859
29.37 0.004897
29.38 0.004934
29.39 0.004969
29.40 0.005003
29.41 0.005036
29.42 0.005068
29.43 0.005098
29.44 0.005127
29.45 0.005154
29.46 0.005181
29.47 0.005206
29.48 0.005229
29.49 0.005252
29.50 0.005273
29.51 0.005292
29.52 0.005311
29.53 0.005328
29.54 0.005344
29.55 0.005358
29.56 0.005372
29.57 0.005384
29.58 0.005394
29.59 0.005404
29.60 0.005412
29.61 0.005419
29.62 0.005424
29.63 0.005429
29.64 0.005432
29.65 0.005434
29.66 0.005434
29.67 0.005433
29.68 0.005431
29.69 0.005428
29.70 0.005423
29.71 0.005418
29.72 0.005411
29.73 0.005403
29.74 0.005393
29.75 0.005382
29.76 0.005371
29.77 0.005358
29.78 0.005344
29.79 0.005328
29.80 0.005312
29.81 0.005294
29.82 0.005275
29.83 0.005256
29.84 0.005235
29.85 0.005212
29.86 0.005189
29.87 0.005165
29.88 0.005140
29.89 0.005113
29.90 0.005086
29.91 0.005058
29.92 0.005028
29.93 0.004998
29.94 0.004966
29.95 0.004934
29.96 0.004901
29.97 0.004867
29.98 0.004832
29.99 0.004796
30.00 0.004759
30.01 0.004721
30.02 0.004683
30.03 0.004643
30.04 0.004603
30.05 0.004562
30.06 0.004521
30.07 0.004478
30.08 0.004435
30.09 0.004392
30.10 0.004347
30.11 0.004302
30.12 0.004256
30.13 0.004210
30.14 0.004163
30.15 0.004116
30.16 0.004068
30.17 0.004019
30.18 0.003970
30.19 0.003920
30.20 0.003870
30.21 0.003819
30.22 0.003768
30.23 0.003716
30.24 0.003664
30.25 0.003611
30.26 0.003557
30.27 0.003504
30.28 0.003450
30.29 0.003395
30.30 0.003340
30.31 0.003284
30.32 0.003228
30.33 0.003172
30.34 0.003115
30.35 0.003058
30.36 0.003001
30.37 0.002943
30.38 0.002884
30.39 0.002826
30.40 0.002767
30.41 0.002707
30.42 0.002648
30.43 0.002588
30.44 0.002527
30.45 0.002467
30.46 0.002406
30.47 0.002345
30.48 0.002283
30.49 0.002221
30.50 0.002159
30.51 0.002097
30.52 0.002035
30.53 0.001972
30.54 0.001909
30.55 0.001846
30.56 0.001783
30.57 0.001719
30.58 0.001656
30.59 0.001592
30.60 0.001528
30.61 0.001464
30.62 0.001400
30.63 0.001336
30.64 0.001272
30.65 0.001207
30.66 0.001143
30.67 0.001079
30.68 0.001014
30.69 0.000950
30.70 0.000886
30.71 0.000821
30.72 0.000757
30.73 0.000693
30.74 0.000629
30.75 0.000565
30.76 0.000502
30.77 0.000438
30.78 0.000375
30.79 0.000312
30.80 0.000249
30.81 0.000186
30.82 0.000124
30.83 0.000062
30.84 0.000000
30.85 -0.000061
30.86 -0.000122
30.87 -0.000183
30.88 -0.000243
30.89 -0.000303
30.90 -0.000362
30.91 -0.000421
30.92 -0.000480
30.93 -0.000538
30.94 -0.000596
30.95 -0.000653
30.96 -0.000709
30.97 -0.000766
30.98 -0.000821
30.99 -0.000876
31.00 -0.000930
31.01 -0.000984
31.02 -0.001037
31.03 -0.001090
31.04 -0.001142
31.05 -0.001193
31.06 -0.001244
31.07 -0.001293
31.08 -0.001343
31.09 -0.001391
31.10 -0.001439
31.11 -0.001487
31.12 -0.001533
31.13 -0.001579
31.14 -0.001624
31.15 -0.001669
31.16 -0.001712
31.17 -0.001755
31.18 -0.001798
31.19 -0.001839
31.20 -0.001880
31.21 -0.001920
31.22 -0.001959
31.23 -0.001997
31.24 -0.002035
31.25 -0.002072
31.26 -0.002108
31.27 -0.002143
31.28 -0.002178
31.29 -0.002212
31.30 -0.002245
31.31 -0.002277
31.32 -0.002308
31.33 -0.002338
31.34 -0.002368
31.35 -0.002397
31.36 -0.002424
31.37 -0.002451
31.38 -0.002478
31.39 -0.002503
31.40 -0.002527
31.41 -0.002551
31.42 -0.002573
31.43 -0.002595
31.44 -0.002616
31.45 -0.002636
31.46 -0.002655
31.47 -0.002673
31.48 -0.002690
31.49 -0.002707
31.50 -0.002722
31.51 -0.002737
31.52 -0.002750
31.53 -0.002763
31.54 -0.002775
31.55 -0.002786
31.56 -0.002796
31.57 -0.002806
31.58 -0.002814
31.59 -0.002822
31.60 -0.002828
31.61 -0.002834
31.62 -0.002839
31.63 -0.002843
31.64 -0.002846
31.65 -0.002848
31.66 -0.002850
31.67 -0.002851
31.68 -0.002850
31.69 -0.002849
31.70 -0.002847
31.71 -0.002845
31.72 -0.002841
31.73 -0.002837
31.74 -0.002831
31.75 -0.002825
31.76 -0.002818
31.77 -0.002811
31.78 -0.002802
31.79 -0.002793
31.80 -0.002783
31.81 -0.002772
31.82 -0.002760
31.83 -0.002748
31.84 -0.002734
31.85 -0.002720
31.86 -0.002706
31.87 -0.002690
31.88 -0.002674
31.89 -0.002656
31.90 -0.002639
31.91 -0.002620
31.92 -0.002601
31.93 -0.002580
31.94 -0.002560
31.95 -0.002538
31.96 -0.002516
31.97 -0.002493
31.98 -0.002469
31.99 -0.002445
32.00 -0.002420
32.01 -0.002395
32.02 -0.002369
32.03 -0.002342
32.04 -0.002315
32.05 -0.002287
32.06 -0.002259
32.07 -0.002230
32.08 -0.002200
32.09 -0.002170
32.10 -0.002140
32.11 -0.002109
32.12 -0.002077
32.13 -0.002045
32.14 -0.002013
32.15 -0.001980
32.16 -0.001947
32.17 -0.001914
32.18 -0.001880
32.19 -0.001846
32.20 -0.001812
32.21 -0.001777
32.22 -0.001742
32.23 -0.001706
32.24 -0.001671
32.25 -0.001635
32.26 -0.001599
32.27 -0.001563
32.28 -0.001526
32.29 -0.001490
32.30 -0.001453
32.31 -0.001416
32.32 -0.001378
32.33 -0.001341
32.34 -0.001303
32.35 -0.001266
32.36 -0.001228
32.37 -0.001190
32.38 -0.001151
32.39 -0.001113
32.40 -0.001074
32.41 -0.001036
32.42 -0.000997
32.43 -0.000958
32.44 -0.000919
32.45 -0.000879
32.46 -0.000840
32.47 -0.000801
32.48 -0.000761
32.49 -0.000721
32.50 -0.000682
32.51 -0.000642
32.52 -0.000602
32.53 -0.000562
32.54 -0.000522
32.55 -0.000482
32.56 -0.000442
32.57 -0.000401
32.58 -0.000361
32.59 -0.000321
32.60 -0.000280
32.61 -0.000240
32.62 -0.000199
32.63 -0.000159
32.64 -0.000118
32.65 -0.000077
32.66 -0.000037
32.67 0.000004
32.68 0.000045
32.69 0.000086
32.70 0.000126
32.71 0.000167
32.72 0.000208
32.73 0.000249
32.74 0.000290
32.75 0.000331
32.76 0.000372
32.77 0.000413
32.78 0.000455
32.79 0.000496
32.80 0.000537
32.81 0.000579
32.82 0.000620
32.83 0.000662
32.84 0.000703
32.85 0.000745
32.86 0.000787
32.87 0.000829
32.88 0.000871
32.89 0.000913
32.90 0.000955
32.91 0.000997
32.92 0.001039
32.93 0.001081
32.94 0.001123
32.95 0.001165
32.96 0.001208
32.97 0.001250
32.98 0.001292
32.99 0.001335
33.00 0.001377
33.01 0.001420
33.02 0.001462
33.03 0.001505
33.04 0.001548
33.05 0.001591
33.06 0.001633
33.07 0.001676
33.08 0.001719
33.09 0.001762
33.10 0.001805
33.11 0.001848
33.12 0.001891
33.13 0.001934
33.14 0.001976
33.15 0.002019
33.16 0.002062
33.17 0.002105
33.18 0.002147
33.19 0.002190
33.20 0.002232
33.21 0.002275
33.22 0.002317
33.23 0.002359
33.24 0.002401
33.25 0.002443
33.26 0.002484
33.27 0.002525
33.28 0.002566
33.29 0.002607
33.30 0.002648
33.31 0.002688
33.32 0.002727
33.33 0.002767
33.34 0.002806
33.35 0.002845
33.36 0.002883
33.37 0.002921
33.38 0.002958
33.39 0.002995
33.40 0.003031
33.41 0.003067
33.42 0.003103
33.43 0.003138
33.44 0.003172
33.45 0.003206
33.46 0.003240
33.47 0.003273
33.48 0.003305
33.49 0.003337
33.50 0.003368
33.51 0.003399
33.52 0.003429
33.53 0.003458
33.54 0.003487
33.55 0.003515
33.56 0.003543
33.57 0.003570
33.58 0.003597
33.59 0.003622
33.60 0.003647
33.61 0.003672
33.62 0.003696
33.63 0.003719
33.64 0.003741
33.65 0.003763
33.66 0.003784
33.67 0.003805
33.68 0.003825
33.69 0.003844
33.70 0.003862
33.71 0.003880
33.72 0.003897
33.73 0.003913
33.74 0.003929
33.75 0.003944
33.76 0.003958
33.77 0.003971
33.78 0.003984
33.79 0.003996
33.80 0.004007
33.81 0.004018
33.82 0.004028
33.83 0.004037
33.84 0.004046
33.85 0.004054
33.86 0.004061
33.87 0.004068
33.88 0.004074
33.89 0.004079
33.90 0.004084
33.91 0.004088
33.92 0.004091
33.93 0.004094
33.94 0.004096
33.95 0.004097
33.96 0.004098
33.97 0.004098
33.98 0.004097
33.99 0.004096
34.00 0.004094
34.01 0.004092
34.02 0.004089
34.03 0.004085
34.04 0.004081
34.05 0.004077
34.06 0.004071
34.07 0.004065
34.08 0.004059
34.09 0.004052
34.10 0.004044
34.11 0.004036
34.12 0.004027
34.13 0.004018
34.14 0.004008
34.15 0.003997
34.16 0.003986
34.17 0.003975
34.18 0.003963
34.19 0.003950
34.20 0.003937
34.21 0.003923
34.22 0.003909
34.23 0.003895
34.24 0.003879
34.25 0.003864
34.26 0.003847
34.27 0.003830
34.28 0.003813
34.29 0.003795
34.30 0.003777
34.31 0.003758
34.32 0.003739
34.33 0.003719
34.34 0.003699
34.35 0.003678
34.36 0.003656
34.37 0.003634
34.38 0.003612
34.39 0.003589
34.40 0.003565
34.41 0.003541
34.42 0.003516
34.43 0.003491
34.44 0.003465
34.45 0.003439
34.46 0.003412
34.47 0.003385
34.48 0.003357
34.49 0.003328
34.50 0.003299
34.51 0.003269
34.52 0.003239
34.53 0.003208
34.54 0.003177
34.55 0.003145
34.56 0.003112
34.57 0.003079
34.58 0.003046
34.59 0.003011
34.60 0.002977
34.61 0.002941
34.62 0.002906
34.63 0.002869
34.64 0.002833
34.65 0.002795
34.66 0.002758
34.67 0.002720
34.68 0.002681
34.69 0.002642
34.70 0.002603
34.71 0.002563
34.72 0.002523
34.73 0.002482
34.74 0.002441
34.75 0.002400
34.76 0.002358
34.77 0.002317
34.78 0.002275
34.79 0.002232
34.80 0.002190
34.81 0.002147
34.82 0.002104
34.83 0.002061
34.84 0.002018
34.85 0.001974
34.86 0.001931
34.87 0.001887
34.88 0.001843
34.89 0.001799
34.90 0.001755
34.91 0.001711
34.92 0.001667
34.93 0.001623
34.94 0.001578
34.95 0.001534
34.96 0.001490
34.97 0.001446
34.98 0.001401
34.99 0.001357
35.00 0.001313
35.01 0.001269
35.02 0.001225
35.03 0.001181
35.04 0.001137
35.05 0.001093
35.06 0.001049
35.07 0.001006
35.08 0.000962
35.09 0.000919
35.10 0.000875
35.11 0.000832
35.12 0.000789
35.13 0.000745
35.14 0.000702
35.15 0.000660
35.16 0.000617
35.17 0.000574
35.18 0.000531
35.19 0.000489
35.20 0.000447
35.21 0.000404
35.22 0.000362
35.23 0.000320
35.24 0.000278
35.25 0.000236
35.26 0.000195
35.27 0.000153
35.28 0.000112
35.29 0.000070
35.30 0.000029
35.31 -0.000012
35.32 -0.000053
35.33 -0.000094
35.34 -0.000135
35.35 -0.000176
35.36 -0.000217
35.37 -0.000258
35.38 -0.000298
35.39 -0.000339
35.40 -0.000379
35.41 -0.000420
35.42 -0.000460
35.43 -0.000500
35.44 -0.000541
35.45 -0.000581
35.46 -0.000621
35.47 -0.000661
35.48 -0.000701
35.49 -0.000741
35.50 -0.000781
35.51 -0.000822
35.52 -0.000862
35.53 -0.000902
35.54 -0.000942
35.55 -0.000982
35.56 -0.001021
35.57 -0.001061
35.58 -0.001101
35.59 -0.001141
35.60 -0.001181
35.61 -0.001221
35.62 -0.001261
35.63 -0.001301
35.64 -0.001341
35.65 -0.001380
35.66 -0.001420
35.67 -0.001460
35.68 -0.001499
35.69 -0.001539
35.70 -0.001579
35.71 -0.001618
35.72 -0.001658
35.73 -0.001697
35.74 -0.001736
35.75 -0.001775
35.76 -0.001814
35.77 -0.001853
35.78 -0.001892
35.79 -0.001930
35.80 -0.001968
35.81 -0.002007
35.82 -0.002045
35.83 -0.002082
35.84 -0.002120
35.85 -0.002157
35.86 -0.002194
35.87 -0.002230
35.88 -0.002266
35.89 -0.002302
35.90 -0.002338
35.91 -0.002373
35.92 -0.002408
35.93 -0.002442
35.94 -0.002476
35.95 -0.002509
35.96 -0.002542
35.97 -0.002575
35.98 -0.002607
35.99 -0.002638
36.00 -0.002669
36.01 -0.002700
36.02 -0.002729
36.03 -0.002759
36.04 -0.002787
36.05 -0.002815
36.06 -0.002842
36.07 -0.002869
36.08 -0.002895
36.09 -0.002920
36.10 -0.002945
36.11 -0.002969
36.12 -0.002992
36.13 -0.003015
36.14 -0.003037
36.15 -0.003058
36.16 -0.003078
36.17 -0.003098
36.18 -0.003117
36.19 -0.003135
36.20 -0.003153
36.21 -0.003169
36.22 -0.003185
36.23 -0.003200
36.24 -0.003215
36.25 -0.003228
36.26 -0.003241
36.27 -0.003253
36.28 -0.003265
36.29 -0.003275
36.30 -0.003285
36.31 -0.003294
36.32 -0.003302
36.33 -0.003309
36.34 -0.003316
36.35 -0.003321
36.36 -0.003326
36.37 -0.003331
36.38 -0.003334
36.39 -0.003337
36.40 -0.003338
36.41 -0.003340
36.42 -0.003340
36.43 -0.003340
36.44 -0.003338
36.45 -0.003336
36.46 -0.003334
36.47 -0.003330
36.48 -0.003326
36.49 -0.003321
36.50 -0.003315
36.51 -0.003309
36.52 -0.003302
36.53 -0.003294
36.54 -0.003285
36.55 -0.003276
36.56 -0.003266
36.57 -0.003255
36.58 -0.003243
36.59 -0.003231
36.60 -0.003218
36.61 -0.003204
36.62 -0.003189
36.63 -0.003174
36.64 -0.003158
36.65 -0.003141
36.66 -0.003124
36.67 -0.003106
36.68 -0.003087
36.69 -0.003067
36.70 -0.003047
36.71 -0.003026
36.72 -0.003005
36.73 -0.002982
36.74 -0.002959
36.75 -0.002935
36.76 -0.002911
36.77 -0.002886
36.78 -0.002860
36.79 -0.002834
36.80 -0.002807
36.81 -0.002779
36.82 -0.002751
36.83 -0.002722
36.84 -0.002692
36.85 -0.002662
36.86 -0.002632
36.87 -0.002600
36.88 -0.002569
36.89 -0.002536
36.90 -0.002503
36.91 -0.002470
36.92 -0.002436
36.93 -0.002402
36.94 -0.002367
36.95 -0.002332
36.96 -0.002296
36.97 -0.002260
36.98 -0.002223
36.99 -0.002186
37.00 -0.002149
37.01 -0.002111
37.02 -0.002073
37.03 -0.002035
37.04 -0.001997
37.05 -0.001958
37.06 -0.001919
37.07 -0.001879
37.08 -0.001840
37.09 -0.001800
37.10 -0.001761
37.11 -0.001721
37.12 -0.001681
37.13 -0.001641
37.14 -0.001601
37.15 -0.001560
37.16 -0.001520
37.17 -0.001480
37.18 -0.001440
37.19 -0.001400
37.20 -0.001360
37.21 -0.001320
37.22 -0.001280
37.23 -0.001240
37.24 -0.001200
37.25 -0.001161
37.26 -0.001121
37.27 -0.001082
37.28 -0.001043
37.29 -0.001004
37.30 -0.000966
37.31 -0.000927
37.32 -0.000889
37.33 -0.000851
37.34 -0.000814
37.35 -0.000776
37.36 -0.000739
37.37 -0.000702
37.38 -0.000666
37.39 -0.000629
37.40 -0.000593
37.41 -0.000558
37.42 -0.000522
37.43 -0.000487
37.44 -0.000452
37.45 -0.000417
37.46 -0.000383
37.47 -0.000349
37.48 -0.000315
37.49 -0.000281
37.50 -0.000248
37.51 -0.000215
37.52 -0.000182
37.53 -0.000149
37.54 -0.000117
37.55 -0.000085
37.56 -0.000053
37.57 -0.000022
37.58 0.000010
37.59 0.000041
37.60 0.000072
37.61 0.000103
37.62 0.000133
37.63 0.000164
37.64 0.000194
37.65 0.000224
37.66 0.000254
37.67 0.000283
37.68 0.000313
37.69 0.000342
37.70 0.000371
37.71 0.000400
37.72 0.000429
37.73 0.000458
37.74 0.000486
37.75 0.000515
37.76 0.000543
37.77 0.000571
37.78 0.000599
37.79 0.000627
37.80 0.000654
37.81 0.000682
37.82 0.000709
37.83 0.000736
37.84 0.000764
37.85 0.000790
37.86 0.000817
37.87 0.000844
37.88 0.000871
37.89 0.000897
37.90 0.000924
37.91 0.000950
37.92 0.000976
37.93 0.001002
37.94 0.001028
37.95 0.001054
37.96 0.001079
37.97 0.001105
37.98 0.001131
37.99 0.001156
38.00 0.001181
38.01 0.001207
38.02 0.001232
38.03 0.001257
38.04 0.001281
38.05 0.001306
38.06 0.001331
38.07 0.001355
38.08 0.001380
38.09 0.001404
38.10 0.001428
38.11 0.001452
38.12 0.001476
38.13 0.001500
38.14 0.001524
38.15 0.001547
38.16 0.001570
38.17 0.001594
38.18 0.001617
38.19 0.001639
38.20 0.001662
38.21 0.001684
38.22 0.001707
38.23 0.001729
38.24 0.001750
38.25 0.001772
38.26 0.001793
38.27 0.001815
38.28 0.001835
38.29 0.001856
38.30 0.001877
38.31 0.001897
38.32 0.001917
38.33 0.001936
38.34 0.001956
38.35 0.001975
38.36 0.001993
38.37 0.002012
38.38 0.002030
38.39 0.002048
38.40 0.002065
38.41 0.002082
38.42 0.002099
38.43 0.002115
38.44 0.002132
38.45 0.002147
38.46 0.002163
38.47 0.002177
38.48 0.002192
38.49 0.002206
38.50 0.002220
38.51 0.002233
38.52 0.002246
38.53 0.002258
38.54 0.002270
38.55 0.002282
38.56 0.002293
38.57 0.002304
38.58 0.002314
38.59 0.002323
38.60 0.002333
38.61 0.002341
38.62 0.002349
38.63 0.002357
38.64 0.002364
38.65 0.002371
38.66 0.002377
38.67 0.002383
38.68 0.002388
38.69 0.002393
38.70 0.002397
38.71 0.002401
38.72 0.002404
38.73 0.002407
38.74 0.002409
38.75 0.002411
38.76 0.002412
38.77 0.002413
38.78 0.002413
38.79 0.002413
38.80 0.002412
38.81 0.002411
38.82 0.002409
38.83 0.002407
38.84 0.002404
38.85 0.002401
38.86 0.002397
38.87 0.002393
38.88 0.002389
38.89 0.002384
38.90 0.002378
38.91 0.002372
38.92 0.002366
38.93 0.002359
38.94 0.002352
38.95 0.002344
38.96 0.002336
38.97 0.002327
38.98 0.002318
38.99 0.002309
39.00 0.002299
39.01 0.002289
39.02 0.002278
39.03 0.002267
39.04 0.002256
39.05 0.002244
39.06 0.002232
39.07 0.002220
39.08 0.002207
39.09 0.002194
39.10 0.002181
39.11 0.002167
39.12 0.002153
39.13 0.002139
39.14 0.002124
39.15 0.002110
39.16 0.002094
39.17 0.002079
39.18 0.002063
39.19 0.002047
39.20 0.002031
39.21 0.002015
39.22 0.001998
39.23 0.001981
39.24 0.001964
39.25 0.001947
39.26 0.001929
39.27 0.001911
39.28 0.001893
39.29 0.001875
39.30 0.001857
39.31 0.001838
39.32 0.001820
39.33 0.001801
39.34 0.001782
39.35 0.001763
39.36 0.001744
39.37 0.001725
39.38 0.001706
39.39 0.001686
39.40 0.001667
39.41 0.001647
39.42 0.001627
39.43 0.001607
39.44 0.001588
39.45 0.001568
39.46 0.001548
39.47 0.001528
39.48 0.001507
39.49 0.001487
39.50 0.001467
39.51 0.001447
39.52 0.001427
39.53 0.001406
39.54 0.001386
39.55 0.001366
39.56 0.001345
39.57 0.001325
39.58 0.001304
39.59 0.001284
39.60 0.001264
39.61 0.001243
39.62 0.001223
39.63 0.001203
39.64 0.001182
39.65 0.001162
39.66 0.001141
39.67 0.001121
39.68 0.001101
39.69 0.001081
39.70 0.001060
39.71 0.001040
39.72 0.001020
39.73 0.001000
39.74 0.000980
39.75 0.000959
39.76 0.000939
39.77 0.000919
39.78 0.000899
39.79 0.000880
39.80 0.000860
39.81 0.000840
39.82 0.000820
39.83 0.000800
39.84 0.000781
39.85 0.000761
39.86 0.000742
39.87 0.000722
39.88 0.000703
39.89 0.000683
39.90 0.000664
39.91 0.000645
39.92 0.000626
39.93 0.000606
39.94 0.000587
39.95 0.000568
39.96 0.000550
39.97 0.000531
39.98 0.000512
39.99 0.000493
40.00 0.000475
