# Time (s)   Displacement (m)
0.00 0.000000
0.01 0.000000
0.02 0.000000
0.03 0.000000
0.04 0.000000
0.05 0.000000
0.06 0.000000
0.07 0.000000
0.08 0.000000
0.09 0.000000
0.10 0.000000
0.11 0.000000
0.12 0.000000
0.13 0.000000
0.14 0.000000
0.15 0.000000
0.16 0.000000
0.17 0.000000
0.18 0.000000
0.19 0.000000
0.20 0.000000
0.21 0.000000
0.22 0.000000
0.23 0.000000
0.24 0.000000
0.25 0.000000
0.26 0.000000
0.27 0.000000
0.28 0.000000
0.29 0.000001
0.30 0.000001
0.31 0.000001
0.32 0.000001
0.33 0.000001
0.34 0.000001
0.35 0.000001
0.36 0.000001
0.37 0.000001
0.38 0.000001
0.39 0.000001
0.40 0.000001
0.41 0.000001
0.42 0.000001
0.43 0.000001
0.44 0.000001
0.45 0.000001
0.46 0.000002
0.47 0.000002
0.48 0.000002
0.49 0.000002
0.50 0.000002
0.51 0.000002
0.52 0.000002
0.53 0.000002
0.54 0.000002
0.55 0.000002
0.56 0.000002
0.57 0.000003
0.58 0.000003
0.59 0.000003
0.60 0.000003
0.61 0.000003
0.62 0.000003
0.63 0.000003
0.64 0.000003
0.65 0.000003
0.66 0.000003
0.67 0.000004
0.68 0.000004
0.69 0.000004
0.70 0.000004
0.71 0.000004
0.72 0.000004
0.73 0.000005
0.74 0.000005
0.75 0.000005
0.76 0.000005
0.77 0.000006
0.78 0.000006
0.79 0.000006
0.80 0.000006
0.81 0.000006
0.82 0.000006
0.83 0.000006
0.84 0.000006
0.85 0.000006
0.86 0.000007
0.87 0.000007
0.88 0.000007
0.89 0.000007
0.90 0.000007
0.91 0.000007
0.92 0.000008
0.93 0.000008
0.94 0.000008
0.95 0.000009
0.96 0.000009
0.97 0.000009
0.98 0.000009
0.99 0.000009
1.00 0.000009
1.01 0.000009
1.02 0.000009
1.03 0.000009
1.04 0.000010
1.05 0.000010
1.06 0.000010
1.07 0.000010
1.08 0.000010
1.09 0.000011
1.10 0.000011
1.11 0.000011
1.12 0.000011
1.13 0.000011
1.14 0.000011
1.15 0.000011
1.16 0.000011
1.17 0.000011
1.18 0.000011
1.19 0.000012
1.20 0.000012
1.21 0.000012
1.22 0.000013
1.23 0.000013
1.24 0.000014
1.25 0.000015
1.26 0.000015
1.27 0.000016
1.28 0.000016
1.29 0.000016
1.30 0.000016
1.31 0.000016
1.32 0.000016
1.33 0.000016
1.34 0.000017
1.35 0.000017
1.36 0.000017
1.37 0.000018
1.38 0.000018
1.39 0.000019
1.40 0.000019
1.41 0.000019
1.42 0.000020
1.43 0.000020
1.44 0.000020
1.45 0.000021
1.46 0.000021
1.47 0.000020
1.48 0.000020
1.49 0.000020
1.50 0.000020
1.51 0.000020
1.52 0.000020
1.53 0.000020
1.54 0.000021
1.55 0.000022
1.56 0.000022
1.57 0.000023
1.58 0.000022
1.59 0.000022
1.60 0.000022
1.61 0.000022
1.62 0.000023
1.63 0.000023
1.64 0.000024
1.65 0.000025
1.66 0.000025
1.67 0.000026
1.68 0.000026
1.69 0.000026
1.70 0.000027
1.71 0.000027
1.72 0.000027
1.73 0.000027
1.74 0.000028
1.75 0.000028
1.76 0.000029
1.77 0.000029
1.78 0.000029
1.79 0.000029
1.80 0.000029
1.81 0.000029
1.82 0.000029
1.83 0.000029
1.84 0.000029
1.85 0.000030
1.86 0.000030
1.87 0.000031
1.88 0.000031
1.89 0.000031
1.90 0.000032
1.91 0.000032
1.92 0.000032
1.93 0.000031
1.94 0.000031
1.95 0.000032
1.96 0.000032
1.97 0.000033
1.98 0.000033
1.99 0.000034
2.00 0.000035
2.01 0.000035
2.02 0.000035
2.03 0.000035
2.04 0.000035
2.05 0.000035
2.06 0.000035
2.07 0.000036
2.08 0.000036
2.09 0.000037
2.10 0.000037
2.11 0.000037
2.12 0.000038
2.13 0.000038
2.14 0.000038
2.15 0.000038
2.16 0.000038
2.17 0.000038
2.18 0.000039
2.19 0.000040
2.20 0.000040
2.21 0.000040
2.22 0.000040
2.23 0.000040
2.24 0.000040
2.25 0.000040
2.26 0.000039
2.27 0.000039
2.28 0.000039
2.29 0.000040
2.30 0.000041
2.31 0.000042
2.32 0.000043
2.33 0.000044
2.34 0.000045
2.35 0.000045
2.36 0.000045
2.37 0.000045
2.38 0.000045
2.39 0.000045
2.40 0.000045
2.41 0.000044
2.42 0.000044
2.43 0.000044
2.44 0.000044
2.45 0.000044
2.46 0.000045
2.47 0.000045
2.48 0.000045
2.49 0.000045
2.50 0.000045
2.51 0.000044
2.52 0.000043
2.53 0.000043
2.54 0.000043
2.55 0.000044
2.56 0.000045
2.57 0.000046
2.58 0.000048
2.59 0.000049
2.60 0.000051
2.61 0.000052
2.62 0.000053
2.63 0.000054
2.64 0.000055
2.65 0.000055
2.66 0.000055
2.67 0.000054
2.68 0.000053
2.69 0.000052
2.70 0.000051
2.71 0.000049
2.72 0.000047
2.73 0.000046
2.74 0.000046
2.75 0.000047
2.76 0.000049
2.77 0.000052
2.78 0.000054
2.79 0.000056
2.80 0.000057
2.81 0.000057
2.82 0.000057
2.83 0.000056
2.84 0.000057
2.85 0.000058
2.86 0.000059
2.87 0.000061
2.88 0.000062
2.89 0.000064
2.90 0.000067
2.91 0.000070
2.92 0.000073
2.93 0.000074
2.94 0.000076
2.95 0.000077
2.96 0.000079
2.97 0.000081
2.98 0.000081
2.99 0.000082
3.00 0.000081
3.01 0.000079
3.02 0.000076
3.03 0.000074
3.04 0.000074
3.05 0.000077
3.06 0.000080
3.07 0.000083
3.08 0.000084
3.09 0.000084
3.10 0.000085
3.11 0.000086
3.12 0.000088
3.13 0.000091
3.14 0.000094
3.15 0.000097
3.16 0.000101
3.17 0.000103
3.18 0.000105
3.19 0.000107
3.20 0.000109
3.21 0.000111
3.22 0.000112
3.23 0.000112
3.24 0.000110
3.25 0.000108
3.26 0.000108
3.27 0.000108
3.28 0.000109
3.29 0.000108
3.30 0.000107
3.31 0.000106
3.32 0.000107
3.33 0.000108
3.34 0.000110
3.35 0.000112
3.36 0.000114
3.37 0.000115
3.38 0.000115
3.39 0.000114
3.40 0.000114
3.41 0.000117
3.42 0.000121
3.43 0.000125
3.44 0.000130
3.45 0.000134
3.46 0.000137
3.47 0.000140
3.48 0.000142
3.49 0.000142
3.50 0.000140
3.51 0.000136
3.52 0.000132
3.53 0.000129
3.54 0.000126
3.55 0.000124
3.56 0.000123
3.57 0.000121
3.58 0.000120
3.59 0.000119
3.60 0.000118
3.61 0.000119
3.62 0.000121
3.63 0.000124
3.64 0.000127
3.65 0.000131
3.66 0.000133
3.67 0.000133
3.68 0.000130
3.69 0.000125
3.70 0.000120
3.71 0.000115
3.72 0.000113
3.73 0.000114
3.74 0.000117
3.75 0.000121
3.76 0.000124
3.77 0.000127
3.78 0.000129
3.79 0.000131
3.80 0.000132
3.81 0.000131
3.82 0.000124
3.83 0.000112
3.84 0.000098
3.85 0.000085
3.86 0.000078
3.87 0.000077
3.88 0.000081
3.89 0.000088
3.90 0.000095
3.91 0.000101
3.92 0.000104
3.93 0.000106
3.94 0.000107
3.95 0.000106
3.96 0.000103
3.97 0.000099
3.98 0.000095
3.99 0.000091
4.00 0.000090
4.01 0.000091
4.02 0.000093
4.03 0.000096
4.04 0.000099
4.05 0.000101
4.06 0.000102
4.07 0.000101
4.08 0.000099
4.09 0.000095
4.10 0.000087
4.11 0.000075
4.12 0.000062
4.13 0.000049
4.14 0.000042
4.15 0.000040
4.16 0.000042
4.17 0.000049
4.18 0.000058
4.19 0.000069
4.20 0.000078
4.21 0.000082
4.22 0.000084
4.23 0.000083
4.24 0.000082
4.25 0.000080
4.26 0.000078
4.27 0.000072
4.28 0.000064
4.29 0.000055
4.30 0.000046
4.31 0.000038
4.32 0.000030
4.33 0.000021
4.34 0.000010
4.35 -0.000001
4.36 -0.000009
4.37 -0.000011
4.38 -0.000006
4.39 0.000004
4.40 0.000019
4.41 0.000033
4.42 0.000044
4.43 0.000049
4.44 0.000046
4.45 0.000034
4.46 0.000014
4.47 -0.000012
4.48 -0.000039
4.49 -0.000068
4.50 -0.000095
4.51 -0.000117
4.52 -0.000133
4.53 -0.000142
4.54 -0.000142
4.55 -0.000133
4.56 -0.000117
4.57 -0.000094
4.58 -0.000067
4.59 -0.000038
4.60 -0.000012
4.61 0.000008
4.62 0.000022
4.63 0.000032
4.64 0.000039
4.65 0.000044
4.66 0.000043
4.67 0.000033
4.68 0.000013
4.69 -0.000019
4.70 -0.000061
4.71 -0.000112
4.72 -0.000168
4.73 -0.000225
4.74 -0.000278
4.75 -0.000324
4.76 -0.000363
4.77 -0.000397
4.78 -0.000426
4.79 -0.000452
4.80 -0.000478
4.81 -0.000508
4.82 -0.000544
4.83 -0.000583
4.84 -0.000618
4.85 -0.000643
4.86 -0.000656
4.87 -0.000661
4.88 -0.000661
4.89 -0.000661
4.90 -0.000663
4.91 -0.000665
4.92 -0.000666
4.93 -0.000662
4.94 -0.000657
4.95 -0.000655
4.96 -0.000661
4.97 -0.000679
4.98 -0.000707
4.99 -0.000739
5.00 -0.000772
5.01 -0.000803
5.02 -0.000831
5.03 -0.000852
5.04 -0.000863
5.05 -0.000857
5.06 -0.000833
5.07 -0.000792
5.08 -0.000743
5.09 -0.000697
5.10 -0.000661
5.11 -0.000636
5.12 -0.000617
5.13 -0.000596
5.14 -0.000572
5.15 -0.000544
5.16 -0.000517
5.17 -0.000491
5.18 -0.000467
5.19 -0.000443
5.20 -0.000422
5.21 -0.000411
5.22 -0.000412
5.23 -0.000424
5.24 -0.000443
5.25 -0.000467
5.26 -0.000491
5.27 -0.000514
5.28 -0.000538
5.29 -0.000564
5.30 -0.000591
5.31 -0.000616
5.32 -0.000633
5.33 -0.000639
5.34 -0.000633
5.35 -0.000620
5.36 -0.000602
5.37 -0.000579
5.38 -0.000551
5.39 -0.000517
5.40 -0.000484
5.41 -0.000457
5.42 -0.000442
5.43 -0.000440
5.44 -0.000449
5.45 -0.000464
5.46 -0.000479
5.47 -0.000487
5.48 -0.000481
5.49 -0.000461
5.50 -0.000426
5.51 -0.000383
5.52 -0.000340
5.53 -0.000302
5.54 -0.000271
5.55 -0.000247
5.56 -0.000227
5.57 -0.000209
5.58 -0.000194
5.59 -0.000182
5.60 -0.000172
5.61 -0.000158
5.62 -0.000139
5.63 -0.000113
5.64 -0.000081
5.65 -0.000041
5.66 0.000006
5.67 0.000060
5.68 0.000116
5.69 0.000169
5.70 0.000215
5.71 0.000255
5.72 0.000292
5.73 0.000328
5.74 0.000365
5.75 0.000405
5.76 0.000446
5.77 0.000486
5.78 0.000521
5.79 0.000547
5.80 0.000564
5.81 0.000577
5.82 0.000591
5.83 0.000614
5.84 0.000650
5.85 0.000704
5.86 0.000775
5.87 0.000861
5.88 0.000956
5.89 0.001054
5.90 0.001144
5.91 0.001220
5.92 0.001277
5.93 0.001311
5.94 0.001321
5.95 0.001307
5.96 0.001273
5.97 0.001222
5.98 0.001157
5.99 0.001084
6.00 0.001007
6.01 0.000928
6.02 0.000852
6.03 0.000781
6.04 0.000714
6.05 0.000646
6.06 0.000574
6.07 0.000498
6.08 0.000422
6.09 0.000359
6.10 0.000319
6.11 0.000307
6.12 0.000322
6.13 0.000357
6.14 0.000404
6.15 0.000454
6.16 0.000502
6.17 0.000543
6.18 0.000579
6.19 0.000612
6.20 0.000644
6.21 0.000673
6.22 0.000696
6.23 0.000711
6.24 0.000714
6.25 0.000706
6.26 0.000685
6.27 0.000656
6.28 0.000619
6.29 0.000575
6.30 0.000523
6.31 0.000464
6.32 0.000400
6.33 0.000337
6.34 0.000281
6.35 0.000235
6.36 0.000196
6.37 0.000164
6.38 0.000134
6.39 0.000105
6.40 0.000078
6.41 0.000058
6.42 0.000048
6.43 0.000051
6.44 0.000069
6.45 0.000097
6.46 0.000129
6.47 0.000161
6.48 0.000188
6.49 0.000207
6.50 0.000218
6.51 0.000221
6.52 0.000213
6.53 0.000194
6.54 0.000161
6.55 0.000116
6.56 0.000065
6.57 0.000016
6.58 -0.000023
6.59 -0.000044
6.60 -0.000046
6.61 -0.000032
6.62 -0.000011
6.63 0.000011
6.64 0.000031
6.65 0.000044
6.66 0.000049
6.67 0.000044
6.68 0.000028
6.69 0.000004
6.70 -0.000027
6.71 -0.000067
6.72 -0.000117
6.73 -0.000180
6.74 -0.000254
6.75 -0.000335
6.76 -0.000419
6.77 -0.000501
6.78 -0.000575
6.79 -0.000639
6.80 -0.000693
6.81 -0.000740
6.82 -0.000786
6.83 -0.000833
6.84 -0.000882
6.85 -0.000932
6.86 -0.000985
6.87 -0.001042
6.88 -0.001103
6.89 -0.001166
6.90 -0.001229
6.91 -0.001291
6.92 -0.001354
6.93 -0.001421
6.94 -0.001494
6.95 -0.001573
6.96 -0.001656
6.97 -0.001741
6.98 -0.001828
6.99 -0.001916
7.00 -0.001992
7.01 -0.002043
7.02 -0.002052
7.03 -0.002007
7.04 -0.001905
7.05 -0.001750
7.06 -0.001556
7.07 -0.001338
7.08 -0.001108
7.09 -0.000881
7.10 -0.000667
7.11 -0.000476
7.12 -0.000311
7.13 -0.000172
7.14 -0.000054
7.15 0.000043
7.16 0.000115
7.17 0.000155
7.18 0.000162
7.19 0.000144
7.20 0.000111
7.21 0.000070
7.22 0.000024
7.23 -0.000021
7.24 -0.000063
7.25 -0.000098
7.26 -0.000126
7.27 -0.000151
7.28 -0.000178
7.29 -0.000214
7.30 -0.000268
7.31 -0.000343
7.32 -0.000435
7.33 -0.000534
7.34 -0.000628
7.35 -0.000711
7.36 -0.000779
7.37 -0.000836
7.38 -0.000891
7.39 -0.000949
7.40 -0.001013
7.41 -0.001083
7.42 -0.001157
7.43 -0.001229
7.44 -0.001293
7.45 -0.001348
7.46 -0.001394
7.47 -0.001434
7.48 -0.001469
7.49 -0.001497
7.50 -0.001513
7.51 -0.001513
7.52 -0.001493
7.53 -0.001451
7.54 -0.001386
7.55 -0.001302
7.56 -0.001204
7.57 -0.001099
7.58 -0.000989
7.59 -0.000878
7.60 -0.000763
7.61 -0.000646
7.62 -0.000529
7.63 -0.000418
7.64 -0.000323
7.65 -0.000251
7.66 -0.000204
7.67 -0.000180
7.68 -0.000172
7.69 -0.000177
7.70 -0.000188
7.71 -0.000200
7.72 -0.000207
7.73 -0.000208
7.74 -0.000204
7.75 -0.000198
7.76 -0.000192
7.77 -0.000187
7.78 -0.000187
7.79 -0.000196
7.80 -0.000215
7.81 -0.000246
7.82 -0.000284
7.83 -0.000318
7.84 -0.000334
7.85 -0.000322
7.86 -0.000281
7.87 -0.000217
7.88 -0.000137
7.89 -0.000040
7.90 0.000071
7.91 0.000196
7.92 0.000329
7.93 0.000465
7.94 0.000600
7.95 0.000733
7.96 0.000868
7.97 0.001005
7.98 0.001144
7.99 0.001279
8.00 0.001401
8.01 0.001497
8.02 0.001563
8.03 0.001601
8.04 0.001619
8.05 0.001619
8.06 0.001603
8.07 0.001569
8.08 0.001513
8.09 0.001435
8.10 0.001336
8.11 0.001222
8.12 0.001102
8.13 0.000986
8.14 0.000877
8.15 0.000776
8.16 0.000677
8.17 0.000577
8.18 0.000471
8.19 0.000359
8.20 0.000241
8.21 0.000120
8.22 -0.000005
8.23 -0.000133
8.24 -0.000265
8.25 -0.000398
8.26 -0.000532
8.27 -0.000664
8.28 -0.000788
8.29 -0.000895
8.30 -0.000978
8.31 -0.001035
8.32 -0.001063
8.33 -0.001061
8.34 -0.001033
8.35 -0.000982
8.36 -0.000913
8.37 -0.000827
8.38 -0.000727
8.39 -0.000615
8.40 -0.000497
8.41 -0.000381
8.42 -0.000272
8.43 -0.000172
8.44 -0.000079
8.45 0.000011
8.46 0.000103
8.47 0.000203
8.48 0.000317
8.49 0.000445
8.50 0.000578
8.51 0.000709
8.52 0.000829
8.53 0.000936
8.54 0.001031
8.55 0.001116
8.56 0.001192
8.57 0.001259
8.58 0.001314
8.59 0.001357
8.60 0.001391
8.61 0.001415
8.62 0.001429
8.63 0.001433
8.64 0.001424
8.65 0.001397
8.66 0.001347
8.67 0.001274
8.68 0.001183
8.69 0.001082
8.70 0.000975
8.71 0.000865
8.72 0.000753
8.73 0.000645
8.74 0.000545
8.75 0.000456
8.76 0.000383
8.77 0.000327
8.78 0.000290
8.79 0.000269
8.80 0.000264
8.81 0.000270
8.82 0.000285
8.83 0.000302
8.84 0.000314
8.85 0.000315
8.86 0.000301
8.87 0.000276
8.88 0.000244
8.89 0.000210
8.90 0.000177
8.91 0.000150
8.92 0.000131
8.93 0.000121
8.94 0.000121
8.95 0.000126
8.96 0.000132
8.97 0.000136
8.98 0.000134
8.99 0.000121
9.00 0.000095
9.01 0.000058
9.02 0.000014
9.03 -0.000032
9.04 -0.000074
9.05 -0.000108
9.06 -0.000130
9.07 -0.000133
9.08 -0.000116
9.09 -0.000079
9.10 -0.000026
9.11 0.000043
9.12 0.000124
9.13 0.000218
9.14 0.000320
9.15 0.000423
9.16 0.000520
9.17 0.000605
9.18 0.000676
9.19 0.000728
9.20 0.000757
9.21 0.000764
9.22 0.000753
9.23 0.000732
9.24 0.000708
9.25 0.000689
9.26 0.000679
9.27 0.000686
9.28 0.000719
9.29 0.000781
9.30 0.000871
9.31 0.000985
9.32 0.001115
9.33 0.001253
9.34 0.001393
9.35 0.001527
9.36 0.001652
9.37 0.001768
9.38 0.001874
9.39 0.001966
9.40 0.002036
9.41 0.002082
9.42 0.002107
9.43 0.002116
9.44 0.002112
9.45 0.002094
9.46 0.002057
9.47 0.001996
9.48 0.001916
9.49 0.001820
9.50 0.001708
9.51 0.001581
9.52 0.001440
9.53 0.001291
9.54 0.001145
9.55 0.001006
9.56 0.000877
9.57 0.000760
9.58 0.000655
9.59 0.000562
9.60 0.000483
9.61 0.000419
9.62 0.000370
9.63 0.000337
9.64 0.000322
9.65 0.000326
9.66 0.000347
9.67 0.000382
9.68 0.000424
9.69 0.000467
9.70 0.000507
9.71 0.000544
9.72 0.000583
9.73 0.000629
9.74 0.000680
9.75 0.000735
9.76 0.000788
9.77 0.000833
9.78 0.000864
9.79 0.000878
9.80 0.000882
9.81 0.000882
9.82 0.000887
9.83 0.000901
9.84 0.000925
9.85 0.000962
9.86 0.001013
9.87 0.001079
9.88 0.001153
9.89 0.001224
9.90 0.001278
9.91 0.001307
9.92 0.001311
9.93 0.001292
9.94 0.001254
9.95 0.001202
9.96 0.001142
9.97 0.001078
9.98 0.001016
9.99 0.000958
10.00 0.000909
10.01 0.000872
10.02 0.000849
10.03 0.000838
10.04 0.000835
10.05 0.000832
10.06 0.000825
10.07 0.000808
10.08 0.000777
10.09 0.000731
10.10 0.000666
10.11 0.000585
10.12 0.000487
10.13 0.000374
10.14 0.000249
10.15 0.000113
10.16 -0.000031
10.17 -0.000177
10.18 -0.000313
10.19 -0.000426
10.20 -0.000498
10.21 -0.000518
10.22 -0.000488
10.23 -0.000418
10.24 -0.000324
10.25 -0.000216
10.26 -0.000102
10.27 0.000014
10.28 0.000127
10.29 0.000229
10.30 0.000312
10.31 0.000371
10.32 0.000407
10.33 0.000427
10.34 0.000434
10.35 0.000429
10.36 0.000407
10.37 0.000369
10.38 0.000317
10.39 0.000258
10.40 0.000199
10.41 0.000142
10.42 0.000089
10.43 0.000038
10.44 -0.000010
10.45 -0.000057
10.46 -0.000097
10.47 -0.000129
10.48 -0.000145
10.49 -0.000148
10.50 -0.000138
10.51 -0.000122
10.52 -0.000098
10.53 -0.000068
10.54 -0.000028
10.55 0.000021
10.56 0.000075
10.57 0.000132
10.58 0.000189
10.59 0.000241
10.60 0.000283
10.61 0.000314
10.62 0.000331
10.63 0.000337
10.64 0.000330
10.65 0.000313
10.66 0.000290
10.67 0.000268
10.68 0.000256
10.69 0.000259
10.70 0.000278
10.71 0.000313
10.72 0.000360
10.73 0.000418
10.74 0.000488
10.75 0.000568
10.76 0.000659
10.77 0.000760
10.78 0.000867
10.79 0.000976
10.80 0.001080
10.81 0.001170
10.82 0.001241
10.83 0.001291
10.84 0.001321
10.85 0.001335
10.86 0.001335
10.87 0.001324
10.88 0.001304
10.89 0.001279
10.90 0.001253
10.91 0.001232
10.92 0.001218
10.93 0.001207
10.94 0.001193
10.95 0.001169
10.96 0.001132
10.97 0.001086
10.98 0.001033
10.99 0.000976
11.00 0.000914
11.01 0.000844
11.02 0.000764
11.03 0.000675
11.04 0.000580
11.05 0.000482
11.06 0.000384
11.07 0.000286
11.08 0.000189
11.09 0.000095
11.10 0.000006
11.11 -0.000077
11.12 -0.000153
11.13 -0.000223
11.14 -0.000290
11.15 -0.000356
11.16 -0.000422
11.17 -0.000488
11.18 -0.000552
11.19 -0.000614
11.20 -0.000669
11.21 -0.000713
11.22 -0.000739
11.23 -0.000748
11.24 -0.000740
11.25 -0.000719
11.26 -0.000685
11.27 -0.000639
11.28 -0.000580
11.29 -0.000509
11.30 -0.000424
11.31 -0.000328
11.32 -0.000225
11.33 -0.000129
11.34 -0.000056
11.35 -0.000011
11.36 0.000013
11.37 0.000032
11.38 0.000054
11.39 0.000081
11.40 0.000106
11.41 0.000123
11.42 0.000128
11.43 0.000122
11.44 0.000107
11.45 0.000086
11.46 0.000062
11.47 0.000038
11.48 0.000013
11.49 -0.000017
11.50 -0.000056
11.51 -0.000100
11.52 -0.000146
11.53 -0.000190
11.54 -0.000229
11.55 -0.000262
11.56 -0.000289
11.57 -0.000308
11.58 -0.000321
11.59 -0.000330
11.60 -0.000338
11.61 -0.000349
11.62 -0.000360
11.63 -0.000371
11.64 -0.000383
11.65 -0.000400
11.66 -0.000427
11.67 -0.000470
11.68 -0.000529
11.69 -0.000603
11.70 -0.000686
11.71 -0.000773
11.72 -0.000858
11.73 -0.000938
11.74 -0.001015
11.75 -0.001093
11.76 -0.001173
11.77 -0.001253
11.78 -0.001329
11.79 -0.001400
11.80 -0.001469
11.81 -0.001540
11.82 -0.001616
11.83 -0.001697
11.84 -0.001779
11.85 -0.001859
11.86 -0.001936
11.87 -0.002010
11.88 -0.002079
11.89 -0.002140
11.90 -0.002190
11.91 -0.002228
11.92 -0.002256
11.93 -0.002279
11.94 -0.002298
11.95 -0.002314
11.96 -0.002323
11.97 -0.002322
11.98 -0.002310
11.99 -0.002288
12.00 -0.002259
12.01 -0.002226
12.02 -0.002189
12.03 -0.002148
12.04 -0.002105
12.05 -0.002065
12.06 -0.002028
12.07 -0.001996
12.08 -0.001969
12.09 -0.001943
12.10 -0.001917
12.11 -0.001893
12.12 -0.001873
12.13 -0.001861
12.14 -0.001858
12.15 -0.001861
12.16 -0.001866
12.17 -0.001869
12.18 -0.001867
12.19 -0.001859
12.20 -0.001849
12.21 -0.001836
12.22 -0.001823
12.23 -0.001808
12.24 -0.001789
12.25 -0.001767
12.26 -0.001741
12.27 -0.001713
12.28 -0.001685
12.29 -0.001661
12.30 -0.001639
12.31 -0.001619
12.32 -0.001599
12.33 -0.001580
12.34 -0.001558
12.35 -0.001535
12.36 -0.001508
12.37 -0.001480
12.38 -0.001449
12.39 -0.001419
12.40 -0.001390
12.41 -0.001362
12.42 -0.001337
12.43 -0.001313
12.44 -0.001289
12.45 -0.001269
12.46 -0.001254
12.47 -0.001248
12.48 -0.001254
12.49 -0.001272
12.50 -0.001301
12.51 -0.001339
12.52 -0.001381
12.53 -0.001426
12.54 -0.001475
12.55 -0.001528
12.56 -0.001584
12.57 -0.001640
12.58 -0.001688
12.59 -0.001724
12.60 -0.001749
12.61 -0.001766
12.62 -0.001782
12.63 -0.001797
12.64 -0.001811
12.65 -0.001820
12.66 -0.001821
12.67 -0.001815
12.68 -0.001799
12.69 -0.001772
12.70 -0.001732
12.71 -0.001682
12.72 -0.001628
12.73 -0.001575
12.74 -0.001528
12.75 -0.001490
12.76 -0.001460
12.77 -0.001436
12.78 -0.001420
12.79 -0.001412
12.80 -0.001413
12.81 -0.001419
12.82 -0.001429
12.83 -0.001440
12.84 -0.001447
12.85 -0.001448
12.86 -0.001442
12.87 -0.001429
12.88 -0.001415
12.89 -0.001406
12.90 -0.001404
12.91 -0.001407
12.92 -0.001413
12.93 -0.001418
12.94 -0.001425
12.95 -0.001433
12.96 -0.001439
12.97 -0.001438
12.98 -0.001424
12.99 -0.001400
13.00 -0.001373
13.01 -0.001350
13.02 -0.001334
13.03 -0.001323
13.04 -0.001313
13.05 -0.001301
13.06 -0.001289
13.07 -0.001281
13.08 -0.001276
13.09 -0.001274
13.10 -0.001271
13.11 -0.001264
13.12 -0.001251
13.13 -0.001233
13.14 -0.001210
13.15 -0.001184
13.16 -0.001153
13.17 -0.001117
13.18 -0.001077
13.19 -0.001035
13.20 -0.000993
13.21 -0.000954
13.22 -0.000919
13.23 -0.000891
13.24 -0.000868
13.25 -0.000848
13.26 -0.000830
13.27 -0.000815
13.28 -0.000801
13.29 -0.000785
13.30 -0.000768
13.31 -0.000750
13.32 -0.000735
13.33 -0.000725
13.34 -0.000720
13.35 -0.000721
13.36 -0.000728
13.37 -0.000736
13.38 -0.000744
13.39 -0.000749
13.40 -0.000752
13.41 -0.000752
13.42 -0.000747
13.43 -0.000736
13.44 -0.000718
13.45 -0.000694
13.46 -0.000666
13.47 -0.000636
13.48 -0.000604
13.49 -0.000569
13.50 -0.000528
13.51 -0.000485
13.52 -0.000440
13.53 -0.000393
13.54 -0.000345
13.55 -0.000297
13.56 -0.000248
13.57 -0.000201
13.58 -0.000154
13.59 -0.000107
13.60 -0.000058
13.61 -0.000010
13.62 0.000035
13.63 0.000074
13.64 0.000106
13.65 0.000132
13.66 0.000152
13.67 0.000169
13.68 0.000183
13.69 0.000193
13.70 0.000201
13.71 0.000205
13.72 0.000206
13.73 0.000210
13.74 0.000217
13.75 0.000229
13.76 0.000243
13.77 0.000256
13.78 0.000267
13.79 0.000276
13.80 0.000285
13.81 0.000291
13.82 0.000294
13.83 0.000294
13.84 0.000290
13.85 0.000285
13.86 0.000281
13.87 0.000279
13.88 0.000281
13.89 0.000288
13.90 0.000298
13.91 0.000310
13.92 0.000323
13.93 0.000334
13.94 0.000345
13.95 0.000356
13.96 0.000366
13.97 0.000377
13.98 0.000386
13.99 0.000392
14.00 0.000396
14.01 0.000397
14.02 0.000397
14.03 0.000397
14.04 0.000398
14.05 0.000399
14.06 0.000400
14.07 0.000399
14.08 0.000394
14.09 0.000386
14.10 0.000374
14.11 0.000361
14.12 0.000346
14.13 0.000329
14.14 0.000310
14.15 0.000288
14.16 0.000265
14.17 0.000241
14.18 0.000219
14.19 0.000204
14.20 0.000196
14.21 0.000197
14.22 0.000205
14.23 0.000220
14.24 0.000241
14.25 0.000266
14.26 0.000293
14.27 0.000321
14.28 0.000348
14.29 0.000374
14.30 0.000397
14.31 0.000416
14.32 0.000431
14.33 0.000445
14.34 0.000461
14.35 0.000482
14.36 0.000510
14.37 0.000545
14.38 0.000587
14.39 0.000635
14.40 0.000686
14.41 0.000737
14.42 0.000785
14.43 0.000831
14.44 0.000874
14.45 0.000917
14.46 0.000959
14.47 0.001001
14.48 0.001046
14.49 0.001095
14.50 0.001149
14.51 0.001208
14.52 0.001270
14.53 0.001333
14.54 0.001396
14.55 0.001457
14.56 0.001515
14.57 0.001571
14.58 0.001624
14.59 0.001675
14.60 0.001724
14.61 0.001769
14.62 0.001811
14.63 0.001849
14.64 0.001885
14.65 0.001919
14.66 0.001951
14.67 0.001981
14.68 0.002008
14.69 0.002030
14.70 0.002047
14.71 0.002060
14.72 0.002067
14.73 0.002070
14.74 0.002067
14.75 0.002061
14.76 0.002054
14.77 0.002048
14.78 0.002044
14.79 0.002042
14.80 0.002042
14.81 0.002047
14.82 0.002056
14.83 0.002069
14.84 0.002084
14.85 0.002099
14.86 0.002112
14.87 0.002120
14.88 0.002124
14.89 0.002123
14.90 0.002119
14.91 0.002112
14.92 0.002104
14.93 0.002095
14.94 0.002087
14.95 0.002081
14.96 0.002076
14.97 0.002070
14.98 0.002064
14.99 0.002056
15.00 0.002046
15.01 0.002033
15.02 0.002020
15.03 0.002007
15.04 0.001999
15.05 0.001997
15.06 0.002001
15.07 0.002009
15.08 0.002022
15.09 0.002037
15.10 0.002053
15.11 0.002070
15.12 0.002084
15.13 0.002094
15.14 0.002099
15.15 0.002097
15.16 0.002091
15.17 0.002083
15.18 0.002076
15.19 0.002070
15.20 0.002068
15.21 0.002067
15.22 0.002069
15.23 0.002073
15.24 0.002079
15.25 0.002085
15.26 0.002091
15.27 0.002096
15.28 0.002101
15.29 0.002106
15.30 0.002110
15.31 0.002111
15.32 0.002111
15.33 0.002109
15.34 0.002109
15.35 0.002110
15.36 0.002114
15.37 0.002121
15.38 0.002129
15.39 0.002139
15.40 0.002148
15.41 0.002154
15.42 0.002155
15.43 0.002151
15.44 0.002142
15.45 0.002125
15.46 0.002098
15.47 0.002063
15.48 0.002019
15.49 0.001968
15.50 0.001911
15.51 0.001849
15.52 0.001782
15.53 0.001710
15.54 0.001634
15.55 0.001557
15.56 0.001479
15.57 0.001407
15.58 0.001343
15.59 0.001292
15.60 0.001254
15.61 0.001229
15.62 0.001215
15.63 0.001210
15.64 0.001212
15.65 0.001221
15.66 0.001236
15.67 0.001257
15.68 0.001280
15.69 0.001302
15.70 0.001318
15.71 0.001326
15.72 0.001326
15.73 0.001321
15.74 0.001312
15.75 0.001300
15.76 0.001286
15.77 0.001268
15.78 0.001250
15.79 0.001237
15.80 0.001230
15.81 0.001230
15.82 0.001236
15.83 0.001245
15.84 0.001257
15.85 0.001269
15.86 0.001280
15.87 0.001288
15.88 0.001290
15.89 0.001285
15.90 0.001273
15.91 0.001256
15.92 0.001234
15.93 0.001206
15.94 0.001176
15.95 0.001144
15.96 0.001115
15.97 0.001092
15.98 0.001077
15.99 0.001068
16.00 0.001065
16.01 0.001067
16.02 0.001073
16.03 0.001085
16.04 0.001100
16.05 0.001115
16.06 0.001125
16.07 0.001128
16.08 0.001125
16.09 0.001119
16.10 0.001112
16.11 0.001107
16.12 0.001102
16.13 0.001096
16.14 0.001086
16.15 0.001070
16.16 0.001048
16.17 0.001018
16.18 0.000983
16.19 0.000942
16.20 0.000896
16.21 0.000844
16.22 0.000785
16.23 0.000723
16.24 0.000659
16.25 0.000598
16.26 0.000541
16.27 0.000487
16.28 0.000438
16.29 0.000390
16.30 0.000341
16.31 0.000290
16.32 0.000236
16.33 0.000182
16.34 0.000132
16.35 0.000088
16.36 0.000051
16.37 0.000021
16.38 -0.000004
16.39 -0.000025
16.40 -0.000043
16.41 -0.000058
16.42 -0.000072
16.43 -0.000087
16.44 -0.000103
16.45 -0.000121
16.46 -0.000143
16.47 -0.000168
16.48 -0.000196
16.49 -0.000226
16.50 -0.000255
16.51 -0.000282
16.52 -0.000306
16.53 -0.000327
16.54 -0.000344
16.55 -0.000357
16.56 -0.000367
16.57 -0.000371
16.58 -0.000372
16.59 -0.000368
16.60 -0.000360
16.61 -0.000350
16.62 -0.000338
16.63 -0.000327
16.64 -0.000318
16.65 -0.000314
16.66 -0.000314
16.67 -0.000319
16.68 -0.000329
16.69 -0.000343
16.70 -0.000362
16.71 -0.000385
16.72 -0.000411
16.73 -0.000439
16.74 -0.000465
16.75 -0.000490
16.76 -0.000512
16.77 -0.000531
16.78 -0.000545
16.79 -0.000553
16.80 -0.000556
16.81 -0.000552
16.82 -0.000543
16.83 -0.000530
16.84 -0.000514
16.85 -0.000500
16.86 -0.000492
16.87 -0.000491
16.88 -0.000499
16.89 -0.000513
16.90 -0.000532
16.91 -0.000555
16.92 -0.000581
16.93 -0.000608
16.94 -0.000632
16.95 -0.000652
16.96 -0.000668
16.97 -0.000684
16.98 -0.000703
16.99 -0.000727
17.00 -0.000758
17.01 -0.000796
17.02 -0.000838
17.03 -0.000880
17.04 -0.000920
17.05 -0.000956
17.06 -0.000989
17.07 -0.001019
17.08 -0.001047
17.09 -0.001072
17.10 -0.001094
17.11 -0.001113
17.12 -0.001127
17.13 -0.001137
17.14 -0.001144
17.15 -0.001149
17.16 -0.001154
17.17 -0.001159
17.18 -0.001162
17.19 -0.001162
17.20 -0.001156
17.21 -0.001142
17.22 -0.001120
17.23 -0.001091
17.24 -0.001060
17.25 -0.001028
17.26 -0.000998
17.27 -0.000970
17.28 -0.000942
17.29 -0.000915
17.30 -0.000890
17.31 -0.000868
17.32 -0.000847
17.33 -0.000827
17.34 -0.000808
17.35 -0.000791
17.36 -0.000777
17.37 -0.000768
17.38 -0.000766
17.39 -0.000770
17.40 -0.000780
17.41 -0.000795
17.42 -0.000816
17.43 -0.000845
17.44 -0.000880
17.45 -0.000922
17.46 -0.000966
17.47 -0.001009
17.48 -0.001050
17.49 -0.001088
17.50 -0.001121
17.51 -0.001151
17.52 -0.001176
17.53 -0.001194
17.54 -0.001204
17.55 -0.001206
17.56 -0.001201
17.57 -0.001190
17.58 -0.001175
17.59 -0.001157
17.60 -0.001139
17.61 -0.001123
17.62 -0.001110
17.63 -0.001103
17.64 -0.001104
17.65 -0.001112
17.66 -0.001126
17.67 -0.001145
17.68 -0.001165
17.69 -0.001184
17.70 -0.001200
17.71 -0.001211
17.72 -0.001216
17.73 -0.001214
17.74 -0.001205
17.75 -0.001190
17.76 -0.001174
17.77 -0.001160
17.78 -0.001151
17.79 -0.001148
17.80 -0.001153
17.81 -0.001167
17.82 -0.001190
17.83 -0.001220
17.84 -0.001257
17.85 -0.001300
17.86 -0.001347
17.87 -0.001396
17.88 -0.001442
17.89 -0.001484
17.90 -0.001519
17.91 -0.001549
17.92 -0.001573
17.93 -0.001591
17.94 -0.001604
17.95 -0.001611
17.96 -0.001613
17.97 -0.001612
17.98 -0.001607
17.99 -0.001600
18.00 -0.001590
18.01 -0.001578
18.02 -0.001566
18.03 -0.001556
18.04 -0.001550
18.05 -0.001551
18.06 -0.001561
18.07 -0.001579
18.08 -0.001606
18.09 -0.001638
18.10 -0.001676
18.11 -0.001717
18.12 -0.001760
18.13 -0.001802
18.14 -0.001842
18.15 -0.001876
18.16 -0.001905
18.17 -0.001927
18.18 -0.001942
18.19 -0.001948
18.20 -0.001946
18.21 -0.001934
18.22 -0.001914
18.23 -0.001889
18.24 -0.001861
18.25 -0.001832
18.26 -0.001805
18.27 -0.001782
18.28 -0.001762
18.29 -0.001746
18.30 -0.001734
18.31 -0.001726
18.32 -0.001722
18.33 -0.001722
18.34 -0.001728
18.35 -0.001739
18.36 -0.001754
18.37 -0.001770
18.38 -0.001785
18.39 -0.001796
18.40 -0.001801
18.41 -0.001800
18.42 -0.001792
18.43 -0.001779
18.44 -0.001763
18.45 -0.001743
18.46 -0.001719
18.47 -0.001691
18.48 -0.001662
18.49 -0.001634
18.50 -0.001610
18.51 -0.001588
18.52 -0.001569
18.53 -0.001553
18.54 -0.001538
18.55 -0.001525
18.56 -0.001512
18.57 -0.001499
18.58 -0.001485
18.59 -0.001469
18.60 -0.001452
18.61 -0.001434
18.62 -0.001415
18.63 -0.001397
18.64 -0.001378
18.65 -0.001358
18.66 -0.001338
18.67 -0.001317
18.68 -0.001294
18.69 -0.001271
18.70 -0.001246
18.71 -0.001220
18.72 -0.001194
18.73 -0.001169
18.74 -0.001146
18.75 -0.001125
18.76 -0.001107
18.77 -0.001091
18.78 -0.001077
18.79 -0.001066
18.80 -0.001058
18.81 -0.001052
18.82 -0.001047
18.83 -0.001044
18.84 -0.001043
18.85 -0.001043
18.86 -0.001045
18.87 -0.001048
18.88 -0.001051
18.89 -0.001054
18.90 -0.001055
18.91 -0.001055
18.92 -0.001050
18.93 -0.001039
18.94 -0.001020
18.95 -0.000992
18.96 -0.000958
18.97 -0.000919
18.98 -0.000875
18.99 -0.000827
19.00 -0.000777
19.01 -0.000726
19.02 -0.000674
19.03 -0.000622
19.04 -0.000572
19.05 -0.000524
19.06 -0.000479
19.07 -0.000438
19.08 -0.000400
19.09 -0.000367
19.10 -0.000337
19.11 -0.000312
19.12 -0.000294
19.13 -0.000282
19.14 -0.000275
19.15 -0.000272
19.16 -0.000270
19.17 -0.000268
19.18 -0.000263
19.19 -0.000255
19.20 -0.000244
19.21 -0.000232
19.22 -0.000218
19.23 -0.000202
19.24 -0.000184
19.25 -0.000163
19.26 -0.000143
19.27 -0.000126
19.28 -0.000113
19.29 -0.000107
19.30 -0.000105
19.31 -0.000108
19.32 -0.000113
19.33 -0.000117
19.34 -0.000120
19.35 -0.000120
19.36 -0.000117
19.37 -0.000110
19.38 -0.000100
19.39 -0.000088
19.40 -0.000075
19.41 -0.000064
19.42 -0.000053
19.43 -0.000045
19.44 -0.000039
19.45 -0.000034
19.46 -0.000033
19.47 -0.000034
19.48 -0.000036
19.49 -0.000039
19.50 -0.000043
19.51 -0.000049
19.52 -0.000058
19.53 -0.000069
19.54 -0.000084
19.55 -0.000103
19.56 -0.000126
19.57 -0.000155
19.58 -0.000189
19.59 -0.000227
19.60 -0.000266
19.61 -0.000304
19.62 -0.000339
19.63 -0.000368
19.64 -0.000387
19.65 -0.000393
19.66 -0.000384
19.67 -0.000361
19.68 -0.000326
19.69 -0.000282
19.70 -0.000235
19.71 -0.000188
19.72 -0.000144
19.73 -0.000104
19.74 -0.000068
19.75 -0.000037
19.76 -0.000013
19.77 0.000003
19.78 0.000013
19.79 0.000018
19.80 0.000020
19.81 0.000022
19.82 0.000023
19.83 0.000025
19.84 0.000028
19.85 0.000034
19.86 0.000042
19.87 0.000055
19.88 0.000073
19.89 0.000095
19.90 0.000121
19.91 0.000149
19.92 0.000180
19.93 0.000215
19.94 0.000251
19.95 0.000288
19.96 0.000325
19.97 0.000359
19.98 0.000392
19.99 0.000422
20.00 0.000448
20.01 0.000469
20.02 0.000486
20.03 0.000499
20.04 0.000509
20.05 0.000515
20.06 0.000519
20.07 0.000522
20.08 0.000525
20.09 0.000528
20.10 0.000534
20.11 0.000543
20.12 0.000553
20.13 0.000566
20.14 0.000582
20.15 0.000601
20.16 0.000624
20.17 0.000648
20.18 0.000673
20.19 0.000697
20.20 0.000720
20.21 0.000743
20.22 0.000764
20.23 0.000785
20.24 0.000804
20.25 0.000820
20.26 0.000834
20.27 0.000845
20.28 0.000855
20.29 0.000863
20.30 0.000871
20.31 0.000880
20.32 0.000889
20.33 0.000899
20.34 0.000909
20.35 0.000919
20.36 0.000929
20.37 0.000939
20.38 0.000949
20.39 0.000961
20.40 0.000974
20.41 0.000992
20.42 0.001014
20.43 0.001041
20.44 0.001074
20.45 0.001110
20.46 0.001145
20.47 0.001179
20.48 0.001209
20.49 0.001235
20.50 0.001256
20.51 0.001272
20.52 0.001284
20.53 0.001292
20.54 0.001298
20.55 0.001303
20.56 0.001308
20.57 0.001315
20.58 0.001323
20.59 0.001334
20.60 0.001344
20.61 0.001354
20.62 0.001364
20.63 0.001372
20.64 0.001381
20.65 0.001389
20.66 0.001397
20.67 0.001406
20.68 0.001416
20.69 0.001427
20.70 0.001438
20.71 0.001450
20.72 0.001463
20.73 0.001478
20.74 0.001493
20.75 0.001507
20.76 0.001519
20.77 0.001527
20.78 0.001532
20.79 0.001533
20.80 0.001530
20.81 0.001524
20.82 0.001515
20.83 0.001506
20.84 0.001497
20.85 0.001489
20.86 0.001483
20.87 0.001479
20.88 0.001479
20.89 0.001483
20.90 0.001491
20.91 0.001502
20.92 0.001514
20.93 0.001527
20.94 0.001540
20.95 0.001553
20.96 0.001566
20.97 0.001579
20.98 0.001591
20.99 0.001602
21.00 0.001612
21.01 0.001623
21.02 0.001634
21.03 0.001644
21.04 0.001653
21.05 0.001661
21.06 0.001666
21.07 0.001671
21.08 0.001675
21.09 0.001678
21.10 0.001681
21.11 0.001681
21.12 0.001681
21.13 0.001681
21.14 0.001683
21.15 0.001688
21.16 0.001694
21.17 0.001701
21.18 0.001707
21.19 0.001711
21.20 0.001713
21.21 0.001711
21.22 0.001705
21.23 0.001694
21.24 0.001679
21.25 0.001660
21.26 0.001639
21.27 0.001615
21.28 0.001591
21.29 0.001568
21.30 0.001546
21.31 0.001526
21.32 0.001508
21.33 0.001492
21.34 0.001480
21.35 0.001472
21.36 0.001469
21.37 0.001471
21.38 0.001477
21.39 0.001485
21.40 0.001495
21.41 0.001505
21.42 0.001513
21.43 0.001517
21.44 0.001517
21.45 0.001511
21.46 0.001498
21.47 0.001480
21.48 0.001455
21.49 0.001426
21.50 0.001393
21.51 0.001358
21.52 0.001321
21.53 0.001285
21.54 0.001250
21.55 0.001218
21.56 0.001187
21.57 0.001158
21.58 0.001129
21.59 0.001103
21.60 0.001080
21.61 0.001060
21.62 0.001042
21.63 0.001025
21.64 0.001009
21.65 0.000993
21.66 0.000976
21.67 0.000958
21.68 0.000938
21.69 0.000917
21.70 0.000898
21.71 0.000881
21.72 0.000865
21.73 0.000852
21.74 0.000842
21.75 0.000833
21.76 0.000825
21.77 0.000818
21.78 0.000811
21.79 0.000803
21.80 0.000793
21.81 0.000782
21.82 0.000770
21.83 0.000757
21.84 0.000744
21.85 0.000731
21.86 0.000718
21.87 0.000704
21.88 0.000691
21.89 0.000677
21.90 0.000662
21.91 0.000647
21.92 0.000630
21.93 0.000614
21.94 0.000597
21.95 0.000580
21.96 0.000563
21.97 0.000546
21.98 0.000529
21.99 0.000511
22.00 0.000494
22.01 0.000477
22.02 0.000460
22.03 0.000444
22.04 0.000430
22.05 0.000418
22.06 0.000410
22.07 0.000403
22.08 0.000398
22.09 0.000394
22.10 0.000392
22.11 0.000390
22.12 0.000389
22.13 0.000388
22.14 0.000387
22.15 0.000385
22.16 0.000381
22.17 0.000377
22.18 0.000370
22.19 0.000363
22.20 0.000355
22.21 0.000349
22.22 0.000345
22.23 0.000344
22.24 0.000346
22.25 0.000350
22.26 0.000353
22.27 0.000355
22.28 0.000354
22.29 0.000351
22.30 0.000346
22.31 0.000338
22.32 0.000328
22.33 0.000317
22.34 0.000306
22.35 0.000296
22.36 0.000287
22.37 0.000280
22.38 0.000277
22.39 0.000278
22.40 0.000283
22.41 0.000292
22.42 0.000302
22.43 0.000313
22.44 0.000323
22.45 0.000332
22.46 0.000339
22.47 0.000343
22.48 0.000343
22.49 0.000341
22.50 0.000338
22.51 0.000332
22.52 0.000325
22.53 0.000317
22.54 0.000308
22.55 0.000299
22.56 0.000290
22.57 0.000281
22.58 0.000273
22.59 0.000264
22.60 0.000255
22.61 0.000245
22.62 0.000233
22.63 0.000220
22.64 0.000205
22.65 0.000189
22.66 0.000171
22.67 0.000154
22.68 0.000136
22.69 0.000118
22.70 0.000102
22.71 0.000088
22.72 0.000075
22.73 0.000063
22.74 0.000053
22.75 0.000045
22.76 0.000037
22.77 0.000031
22.78 0.000025
22.79 0.000019
22.80 0.000012
22.81 0.000004
22.82 -0.000007
22.83 -0.000020
22.84 -0.000035
22.85 -0.000053
22.86 -0.000072
22.87 -0.000091
22.88 -0.000109
22.89 -0.000127
22.90 -0.000145
22.91 -0.000161
22.92 -0.000178
22.93 -0.000195
22.94 -0.000213
22.95 -0.000235
22.96 -0.000259
22.97 -0.000286
22.98 -0.000314
22.99 -0.000343
23.00 -0.000372
23.01 -0.000400
23.02 -0.000427
23.03 -0.000452
23.04 -0.000476
23.05 -0.000499
23.06 -0.000522
23.07 -0.000544
23.08 -0.000567
23.09 -0.000592
23.10 -0.000617
23.11 -0.000644
23.12 -0.000671
23.13 -0.000698
23.14 -0.000723
23.15 -0.000745
23.16 -0.000764
23.17 -0.000780
23.18 -0.000794
23.19 -0.000806
23.20 -0.000818
23.21 -0.000831
23.22 -0.000844
23.23 -0.000859
23.24 -0.000874
23.25 -0.000889
23.26 -0.000903
23.27 -0.000918
23.28 -0.000932
23.29 -0.000947
23.30 -0.000962
23.31 -0.000978
23.32 -0.000995
23.33 -0.001012
23.34 -0.001030
23.35 -0.001049
23.36 -0.001066
23.37 -0.001083
23.38 -0.001098
23.39 -0.001111
23.40 -0.001121
23.41 -0.001129
23.42 -0.001134
23.43 -0.001138
23.44 -0.001142
23.45 -0.001146
23.46 -0.001150
23.47 -0.001154
23.48 -0.001157
23.49 -0.001162
23.50 -0.001168
23.51 -0.001177
23.52 -0.001187
23.53 -0.001199
23.54 -0.001210
23.55 -0.001220
23.56 -0.001230
23.57 -0.001240
23.58 -0.001249
23.59 -0.001257
23.60 -0.001263
23.61 -0.001270
23.62 -0.001276
23.63 -0.001282
23.64 -0.001289
23.65 -0.001298
23.66 -0.001308
23.67 -0.001320
23.68 -0.001331
23.69 -0.001340
23.70 -0.001347
23.71 -0.001352
23.72 -0.001355
23.73 -0.001355
23.74 -0.001355
23.75 -0.001355
23.76 -0.001355
23.77 -0.001358
23.78 -0.001363
23.79 -0.001370
23.80 -0.001379
23.81 -0.001389
23.82 -0.001401
23.83 -0.001411
23.84 -0.001421
23.85 -0.001428
23.86 -0.001432
23.87 -0.001433
23.88 -0.001431
23.89 -0.001426
23.90 -0.001420
23.91 -0.001414
23.92 -0.001409
23.93 -0.001405
23.94 -0.001403
23.95 -0.001401
23.96 -0.001399
23.97 -0.001398
23.98 -0.001397
23.99 -0.001397
24.00 -0.001396
24.01 -0.001396
24.02 -0.001396
24.03 -0.001395
24.04 -0.001394
24.05 -0.001393
24.06 -0.001392
24.07 -0.001389
24.08 -0.001385
24.09 -0.001381
24.10 -0.001375
24.11 -0.001367
24.12 -0.001358
24.13 -0.001349
24.14 -0.001341
24.15 -0.001334
24.16 -0.001329
24.17 -0.001323
24.18 -0.001317
24.19 -0.001309
24.20 -0.001299
24.21 -0.001288
24.22 -0.001277
24.23 -0.001266
24.24 -0.001256
24.25 -0.001247
24.26 -0.001237
24.27 -0.001226
24.28 -0.001214
24.29 -0.001201
24.30 -0.001189
24.31 -0.001177
24.32 -0.001165
24.33 -0.001154
24.34 -0.001144
24.35 -0.001134
24.36 -0.001126
24.37 -0.001120
24.38 -0.001115
24.39 -0.001111
24.40 -0.001107
24.41 -0.001102
24.42 -0.001095
24.43 -0.001086
24.44 -0.001077
24.45 -0.001067
24.46 -0.001058
24.47 -0.001049
24.48 -0.001040
24.49 -0.001032
24.50 -0.001024
24.51 -0.001018
24.52 -0.001011
24.53 -0.001006
24.54 -0.001001
24.55 -0.000997
24.56 -0.000995
24.57 -0.000993
24.58 -0.000992
24.59 -0.000991
24.60 -0.000990
24.61 -0.000987
24.62 -0.000981
24.63 -0.000972
24.64 -0.000959
24.65 -0.000944
24.66 -0.000926
24.67 -0.000907
24.68 -0.000886
24.69 -0.000865
24.70 -0.000845
24.71 -0.000827
24.72 -0.000813
24.73 -0.000800
24.74 -0.000790
24.75 -0.000782
24.76 -0.000775
24.77 -0.000770
24.78 -0.000765
24.79 -0.000760
24.80 -0.000755
24.81 -0.000749
24.82 -0.000743
24.83 -0.000739
24.84 -0.000735
24.85 -0.000732
24.86 -0.000729
24.87 -0.000728
24.88 -0.000728
24.89 -0.000729
24.90 -0.000732
24.91 -0.000735
24.92 -0.000739
24.93 -0.000741
24.94 -0.000742
24.95 -0.000742
24.96 -0.000742
24.97 -0.000743
24.98 -0.000744
24.99 -0.000746
25.00 -0.000748
25.01 -0.000750
25.02 -0.000752
25.03 -0.000752
25.04 -0.000749
25.05 -0.000743
25.06 -0.000734
25.07 -0.000724
25.08 -0.000712
25.09 -0.000700
25.10 -0.000687
25.11 -0.000675
25.12 -0.000664
25.13 -0.000652
25.14 -0.000641
25.15 -0.000631
25.16 -0.000621
25.17 -0.000611
25.18 -0.000600
25.19 -0.000588
25.20 -0.000576
25.21 -0.000562
25.22 -0.000549
25.23 -0.000535
25.24 -0.000521
25.25 -0.000506
25.26 -0.000490
25.27 -0.000475
25.28 -0.000459
25.29 -0.000444
25.30 -0.000427
25.31 -0.000410
25.32 -0.000392
25.33 -0.000375
25.34 -0.000358
25.35 -0.000343
25.36 -0.000328
25.37 -0.000315
25.38 -0.000302
25.39 -0.000291
25.40 -0.000281
25.41 -0.000271
25.42 -0.000261
25.43 -0.000251
25.44 -0.000240
25.45 -0.000229
25.46 -0.000217
25.47 -0.000205
25.48 -0.000193
25.49 -0.000180
25.50 -0.000167
25.51 -0.000154
25.52 -0.000140
25.53 -0.000127
25.54 -0.000114
25.55 -0.000101
25.56 -0.000088
25.57 -0.000076
25.58 -0.000065
25.59 -0.000055
25.60 -0.000047
25.61 -0.000038
25.62 -0.000030
25.63 -0.000022
25.64 -0.000013
25.65 -0.000003
25.66 0.000006
25.67 0.000015
25.68 0.000023
25.69 0.000032
25.70 0.000040
25.71 0.000048
25.72 0.000055
25.73 0.000062
25.74 0.000069
25.75 0.000077
25.76 0.000086
25.77 0.000095
25.78 0.000106
25.79 0.000117
25.80 0.000130
25.81 0.000144
25.82 0.000158
25.83 0.000172
25.84 0.000187
25.85 0.000203
25.86 0.000219
25.87 0.000236
25.88 0.000255
25.89 0.000276
25.90 0.000299
25.91 0.000322
25.92 0.000345
25.93 0.000369
25.94 0.000391
25.95 0.000414
25.96 0.000436
25.97 0.000457
25.98 0.000477
25.99 0.000497
26.00 0.000516
26.01 0.000534
26.02 0.000552
26.03 0.000570
26.04 0.000590
26.05 0.000610
26.06 0.000630
26.07 0.000650
26.08 0.000669
26.09 0.000687
26.10 0.000705
26.11 0.000720
26.12 0.000734
26.13 0.000746
26.14 0.000756
26.15 0.000764
26.16 0.000771
26.17 0.000776
26.18 0.000780
26.19 0.000786
26.20 0.000795
26.21 0.000806
26.22 0.000820
26.23 0.000836
26.24 0.000855
26.25 0.000874
26.26 0.000892
26.27 0.000910
26.28 0.000927
26.29 0.000944
26.30 0.000959
26.31 0.000973
26.32 0.000987
26.33 0.001000
26.34 0.001013
26.35 0.001027
26.36 0.001040
26.37 0.001053
26.38 0.001066
26.39 0.001078
26.40 0.001089
26.41 0.001097
26.42 0.001103
26.43 0.001108
26.44 0.001113
26.45 0.001118
26.46 0.001124
26.47 0.001130
26.48 0.001135
26.49 0.001139
26.50 0.001143
26.51 0.001145
26.52 0.001145
26.53 0.001146
26.54 0.001145
26.55 0.001144
26.56 0.001143
26.57 0.001142
26.58 0.001143
26.59 0.001145
26.60 0.001146
26.61 0.001147
26.62 0.001147
26.63 0.001146
26.64 0.001144
26.65 0.001142
26.66 0.001139
26.67 0.001135
26.68 0.001132
26.69 0.001130
26.70 0.001128
26.71 0.001128
26.72 0.001128
26.73 0.001129
26.74 0.001130
26.75 0.001132
26.76 0.001134
26.77 0.001135
26.78 0.001135
26.79 0.001134
26.80 0.001133
26.81 0.001130
26.82 0.001127
26.83 0.001122
26.84 0.001116
26.85 0.001110
26.86 0.001105
26.87 0.001100
26.88 0.001096
26.89 0.001094
26.90 0.001092
26.91 0.001091
26.92 0.001090
26.93 0.001089
26.94 0.001086
26.95 0.001084
26.96 0.001080
26.97 0.001076
26.98 0.001071
26.99 0.001067
27.00 0.001063
27.01 0.001059
27.02 0.001055
27.03 0.001052
27.04 0.001050
27.05 0.001050
27.06 0.001050
27.07 0.001051
27.08 0.001051
27.09 0.001052
27.10 0.001053
27.11 0.001055
27.12 0.001056
27.13 0.001057
27.14 0.001058
27.15 0.001060
27.16 0.001061
27.17 0.001062
27.18 0.001064
27.19 0.001066
27.20 0.001069
27.21 0.001071
27.22 0.001073
27.23 0.001074
27.24 0.001075
27.25 0.001076
27.26 0.001077
27.27 0.001078
27.28 0.001079
27.29 0.001079
27.30 0.001079
27.31 0.001078
27.32 0.001076
27.33 0.001073
27.34 0.001071
27.35 0.001069
27.36 0.001068
27.37 0.001067
27.38 0.001067
27.39 0.001067
27.40 0.001068
27.41 0.001069
27.42 0.001068
27.43 0.001068
27.44 0.001068
27.45 0.001066
27.46 0.001064
27.47 0.001059
27.48 0.001053
27.49 0.001046
27.50 0.001037
27.51 0.001028
27.52 0.001019
27.53 0.001011
27.54 0.001005
27.55 0.000999
27.56 0.000994
27.57 0.000989
27.58 0.000986
27.59 0.000983
27.60 0.000980
27.61 0.000976
27.62 0.000972
27.63 0.000966
27.64 0.000959
27.65 0.000951
27.66 0.000942
27.67 0.000933
27.68 0.000924
27.69 0.000916
27.70 0.000907
27.71 0.000899
27.72 0.000891
27.73 0.000882
27.74 0.000873
27.75 0.000864
27.76 0.000855
27.77 0.000846
27.78 0.000836
27.79 0.000826
27.80 0.000817
27.81 0.000807
27.82 0.000798
27.83 0.000790
27.84 0.000783
27.85 0.000777
27.86 0.000773
27.87 0.000769
27.88 0.000764
27.89 0.000760
27.90 0.000756
27.91 0.000750
27.92 0.000744
27.93 0.000736
27.94 0.000727
27.95 0.000718
27.96 0.000708
27.97 0.000699
27.98 0.000689
27.99 0.000681
28.00 0.000673
28.01 0.000664
28.02 0.000655
28.03 0.000646
28.04 0.000638
28.05 0.000629
28.06 0.000621
28.07 0.000613
28.08 0.000606
28.09 0.000600
28.10 0.000594
28.11 0.000586
28.12 0.000576
28.13 0.000566
28.14 0.000554
28.15 0.000541
28.16 0.000527
28.17 0.000511
28.18 0.000496
28.19 0.000482
28.20 0.000470
28.21 0.000460
28.22 0.000452
28.23 0.000446
28.24 0.000442
28.25 0.000438
28.26 0.000433
28.27 0.000426
28.28 0.000420
28.29 0.000413
28.30 0.000405
28.31 0.000395
28.32 0.000385
28.33 0.000374
28.34 0.000364
28.35 0.000353
28.36 0.000342
28.37 0.000330
28.38 0.000317
28.39 0.000303
28.40 0.000287
28.41 0.000270
28.42 0.000251
28.43 0.000232
28.44 0.000212
28.45 0.000193
28.46 0.000174
28.47 0.000156
28.48 0.000138
28.49 0.000121
28.50 0.000104
28.51 0.000088
28.52 0.000073
28.53 0.000058
28.54 0.000043
28.55 0.000029
28.56 0.000016
28.57 0.000003
28.58 -0.000010
28.59 -0.000021
28.60 -0.000033
28.61 -0.000046
28.62 -0.000060
28.63 -0.000075
28.64 -0.000092
28.65 -0.000109
28.66 -0.000127
28.67 -0.000146
28.68 -0.000164
28.69 -0.000181
28.70 -0.000198
28.71 -0.000214
28.72 -0.000231
28.73 -0.000249
28.74 -0.000266
28.75 -0.000283
28.76 -0.000301
28.77 -0.000319
28.78 -0.000336
28.79 -0.000352
28.80 -0.000366
28.81 -0.000379
28.82 -0.000390
28.83 -0.000401
28.84 -0.000410
28.85 -0.000420
28.86 -0.000429
28.87 -0.000440
28.88 -0.000450
28.89 -0.000461
28.90 -0.000471
28.91 -0.000482
28.92 -0.000492
28.93 -0.000503
28.94 -0.000512
28.95 -0.000522
28.96 -0.000530
28.97 -0.000539
28.98 -0.000547
28.99 -0.000553
29.00 -0.000558
29.01 -0.000564
29.02 -0.000569
29.03 -0.000573
29.04 -0.000575
29.05 -0.000577
29.06 -0.000579
29.07 -0.000581
29.08 -0.000584
29.09 -0.000589
29.10 -0.000594
29.11 -0.000601
29.12 -0.000609
29.13 -0.000619
29.14 -0.000629
29.15 -0.000640
29.16 -0.000652
29.17 -0.000666
29.18 -0.000680
29.19 -0.000693
29.20 -0.000706
29.21 -0.000718
29.22 -0.000728
29.23 -0.000736
29.24 -0.000741
29.25 -0.000745
29.26 -0.000750
29.27 -0.000755
29.28 -0.000762
29.29 -0.000769
29.30 -0.000778
29.31 -0.000787
29.32 -0.000796
29.33 -0.000805
29.34 -0.000813
29.35 -0.000820
29.36 -0.000827
29.37 -0.000834
29.38 -0.000841
29.39 -0.000846
29.40 -0.000852
29.41 -0.000857
29.42 -0.000862
29.43 -0.000866
29.44 -0.000868
29.45 -0.000870
29.46 -0.000871
29.47 -0.000874
29.48 -0.000878
29.49 -0.000883
29.50 -0.000888
29.51 -0.000895
29.52 -0.000903
29.53 -0.000912
29.54 -0.000923
29.55 -0.000933
29.56 -0.000943
29.57 -0.000952
29.58 -0.000960
29.59 -0.000966
29.60 -0.000972
29.61 -0.000978
29.62 -0.000982
29.63 -0.000985
29.64 -0.000988
29.65 -0.000989
29.66 -0.000990
29.67 -0.000989
29.68 -0.000988
29.69 -0.000987
29.70 -0.000986
29.71 -0.000986
29.72 -0.000987
29.73 -0.000990
29.74 -0.000995
29.75 -0.000999
29.76 -0.001005
29.77 -0.001011
29.78 -0.001018
29.79 -0.001023
29.80 -0.001026
29.81 -0.001027
29.82 -0.001026
29.83 -0.001025
29.84 -0.001024
29.85 -0.001023
29.86 -0.001022
29.87 -0.001021
29.88 -0.001020
29.89 -0.001019
29.90 -0.001019
29.91 -0.001019
29.92 -0.001019
29.93 -0.001019
29.94 -0.001017
29.95 -0.001016
29.96 -0.001014
29.97 -0.001013
29.98 -0.001012
29.99 -0.001011
30.00 -0.001010
30.01 -0.001010
30.02 -0.001010
30.03 -0.001010
30.04 -0.001010
30.05 -0.001011
30.06 -0.001012
30.07 -0.001013
30.08 -0.001016
30.09 -0.001019
30.10 -0.001023
30.11 -0.001027
30.12 -0.001031
30.13 -0.001035
30.14 -0.001039
30.15 -0.001042
30.16 -0.001045
30.17 -0.001048
30.18 -0.001051
30.19 -0.001053
30.20 -0.001056
30.21 -0.001058
30.22 -0.001060
30.23 -0.001061
30.24 -0.001061
30.25 -0.001060
30.26 -0.001058
30.27 -0.001055
30.28 -0.001051
30.29 -0.001047
30.30 -0.001042
30.31 -0.001037
30.32 -0.001033
30.33 -0.001030
30.34 -0.001027
30.35 -0.001023
30.36 -0.001020
30.37 -0.001016
30.38 -0.001011
30.39 -0.001006
30.40 -0.001000
30.41 -0.000995
30.42 -0.000991
30.43 -0.000987
30.44 -0.000985
30.45 -0.000982
30.46 -0.000980
30.47 -0.000977
30.48 -0.000973
30.49 -0.000968
30.50 -0.000961
30.51 -0.000953
30.52 -0.000944
30.53 -0.000934
30.54 -0.000923
30.55 -0.000913
30.56 -0.000902
30.57 -0.000892
30.58 -0.000881
30.59 -0.000870
30.60 -0.000860
30.61 -0.000851
30.62 -0.000842
30.63 -0.000834
30.64 -0.000825
30.65 -0.000817
30.66 -0.000809
30.67 -0.000801
30.68 -0.000793
30.69 -0.000785
30.70 -0.000777
30.71 -0.000768
30.72 -0.000759
30.73 -0.000750
30.74 -0.000740
30.75 -0.000730
30.76 -0.000720
30.77 -0.000711
30.78 -0.000701
30.79 -0.000692
30.80 -0.000684
30.81 -0.000676
30.82 -0.000669
30.83 -0.000662
30.84 -0.000656
30.85 -0.000649
30.86 -0.000643
30.87 -0.000636
30.88 -0.000628
30.89 -0.000618
30.90 -0.000609
30.91 -0.000600
30.92 -0.000591
30.93 -0.000582
30.94 -0.000573
30.95 -0.000565
30.96 -0.000558
30.97 -0.000552
30.98 -0.000546
30.99 -0.000542
31.00 -0.000537
31.01 -0.000532
31.02 -0.000527
31.03 -0.000521
31.04 -0.000514
31.05 -0.000505
31.06 -0.000496
31.07 -0.000486
31.08 -0.000477
31.09 -0.000467
31.10 -0.000458
31.11 -0.000449
31.12 -0.000440
31.13 -0.000431
31.14 -0.000422
31.15 -0.000413
31.16 -0.000404
31.17 -0.000394
31.18 -0.000384
31.19 -0.000375
31.20 -0.000364
31.21 -0.000353
31.22 -0.000341
31.23 -0.000328
31.24 -0.000314
31.25 -0.000300
31.26 -0.000285
31.27 -0.000272
31.28 -0.000259
31.29 -0.000247
31.30 -0.000236
31.31 -0.000226
31.32 -0.000217
31.33 -0.000209
31.34 -0.000200
31.35 -0.000192
31.36 -0.000183
31.37 -0.000174
31.38 -0.000165
31.39 -0.000155
31.40 -0.000145
31.41 -0.000135
31.42 -0.000127
31.43 -0.000119
31.44 -0.000112
31.45 -0.000105
31.46 -0.000098
31.47 -0.000090
31.48 -0.000081
31.49 -0.000070
31.50 -0.000059
31.51 -0.000046
31.52 -0.000033
31.53 -0.000021
31.54 -0.000009
31.55 0.000003
31.56 0.000014
31.57 0.000024
31.58 0.000032
31.59 0.000041
31.60 0.000050
31.61 0.000059
31.62 0.000067
31.63 0.000076
31.64 0.000086
31.65 0.000097
31.66 0.000108
31.67 0.000119
31.68 0.000130
31.69 0.000142
31.70 0.000153
31.71 0.000165
31.72 0.000176
31.73 0.000188
31.74 0.000200
31.75 0.000213
31.76 0.000225
31.77 0.000237
31.78 0.000250
31.79 0.000262
31.80 0.000273
31.81 0.000284
31.82 0.000293
31.83 0.000301
31.84 0.000308
31.85 0.000314
31.86 0.000319
31.87 0.000324
31.88 0.000328
31.89 0.000332
31.90 0.000338
31.91 0.000344
31.92 0.000351
31.93 0.000359
31.94 0.000368
31.95 0.000378
31.96 0.000387
31.97 0.000395
31.98 0.000404
31.99 0.000412
32.00 0.000420
32.01 0.000427
32.02 0.000433
32.03 0.000438
32.04 0.000443
32.05 0.000447
32.06 0.000452
32.07 0.000456
32.08 0.000461
32.09 0.000467
32.10 0.000474
32.11 0.000481
32.12 0.000489
32.13 0.000497
32.14 0.000507
32.15 0.000518
32.16 0.000530
32.17 0.000543
32.18 0.000555
32.19 0.000567
32.20 0.000579
32.21 0.000591
32.22 0.000603
32.23 0.000616
32.24 0.000628
32.25 0.000640
32.26 0.000651
32.27 0.000663
32.28 0.000674
32.29 0.000685
32.30 0.000696
32.31 0.000708
32.32 0.000718
32.33 0.000728
32.34 0.000737
32.35 0.000746
32.36 0.000754
32.37 0.000762
32.38 0.000768
32.39 0.000774
32.40 0.000778
32.41 0.000783
32.42 0.000787
32.43 0.000792
32.44 0.000797
32.45 0.000802
32.46 0.000808
32.47 0.000814
32.48 0.000821
32.49 0.000828
32.50 0.000836
32.51 0.000844
32.52 0.000851
32.53 0.000858
32.54 0.000865
32.55 0.000872
32.56 0.000879
32.57 0.000885
32.58 0.000891
32.59 0.000895
32.60 0.000899
32.61 0.000904
32.62 0.000908
32.63 0.000913
32.64 0.000918
32.65 0.000924
32.66 0.000931
32.67 0.000937
32.68 0.000945
32.69 0.000954
32.70 0.000962
32.71 0.000971
32.72 0.000978
32.73 0.000984
32.74 0.000989
32.75 0.000993
32.76 0.000996
32.77 0.000997
32.78 0.000997
32.79 0.000995
32.80 0.000994
32.81 0.000991
32.82 0.000988
32.83 0.000986
32.84 0.000984
32.85 0.000984
32.86 0.000983
32.87 0.000984
32.88 0.000986
32.89 0.000988
32.90 0.000991
32.91 0.000994
32.92 0.000998
32.93 0.001002
32.94 0.001007
32.95 0.001012
32.96 0.001016
32.97 0.001018
32.98 0.001019
32.99 0.001017
33.00 0.001014
33.01 0.001009
33.02 0.001001
33.03 0.000993
33.04 0.000984
33.05 0.000976
33.06 0.000969
33.07 0.000962
33.08 0.000957
33.09 0.000953
33.10 0.000950
33.11 0.000948
33.12 0.000945
33.13 0.000942
33.14 0.000938
33.15 0.000932
33.16 0.000926
33.17 0.000919
33.18 0.000910
33.19 0.000900
33.20 0.000889
33.21 0.000877
33.22 0.000866
33.23 0.000855
33.24 0.000846
33.25 0.000840
33.26 0.000836
33.27 0.000834
33.28 0.000833
33.29 0.000833
33.30 0.000834
33.31 0.000835
33.32 0.000836
33.33 0.000837
33.34 0.000837
33.35 0.000836
33.36 0.000835
33.37 0.000833
33.38 0.000832
33.39 0.000831
33.40 0.000830
33.41 0.000830
33.42 0.000829
33.43 0.000828
33.44 0.000826
33.45 0.000824
33.46 0.000821
33.47 0.000817
33.48 0.000813
33.49 0.000807
33.50 0.000802
33.51 0.000796
33.52 0.000790
33.53 0.000784
33.54 0.000779
33.55 0.000775
33.56 0.000771
33.57 0.000767
33.58 0.000764
33.59 0.000760
33.60 0.000756
33.61 0.000751
33.62 0.000745
33.63 0.000739
33.64 0.000732
33.65 0.000725
33.66 0.000718
33.67 0.000712
33.68 0.000706
33.69 0.000701
33.70 0.000698
33.71 0.000695
33.72 0.000692
33.73 0.000689
33.74 0.000687
33.75 0.000684
33.76 0.000681
33.77 0.000677
33.78 0.000671
33.79 0.000665
33.80 0.000659
33.81 0.000653
33.82 0.000645
33.83 0.000638
33.84 0.000630
33.85 0.000623
33.86 0.000616
33.87 0.000608
33.88 0.000600
33.89 0.000592
33.90 0.000584
33.91 0.000575
33.92 0.000567
33.93 0.000558
33.94 0.000550
33.95 0.000542
33.96 0.000534
33.97 0.000526
33.98 0.000518
33.99 0.000511
34.00 0.000503
34.01 0.000496
34.02 0.000489
34.03 0.000481
34.04 0.000472
34.05 0.000462
34.06 0.000451
34.07 0.000438
34.08 0.000425
34.09 0.000412
34.10 0.000400
34.11 0.000389
34.12 0.000379
34.13 0.000370
34.14 0.000361
34.15 0.000353
34.16 0.000343
34.17 0.000334
34.18 0.000323
34.19 0.000312
34.20 0.000302
34.21 0.000291
34.22 0.000280
34.23 0.000269
34.24 0.000258
34.25 0.000248
34.26 0.000238
34.27 0.000227
34.28 0.000216
34.29 0.000203
34.30 0.000189
34.31 0.000174
34.32 0.000158
34.33 0.000142
34.34 0.000127
34.35 0.000113
34.36 0.000100
34.37 0.000089
34.38 0.000078
34.39 0.000068
34.40 0.000059
34.41 0.000052
34.42 0.000044
34.43 0.000035
34.44 0.000027
34.45 0.000018
34.46 0.000010
34.47 0.000002
34.48 -0.000005
34.49 -0.000012
34.50 -0.000018
34.51 -0.000024
34.52 -0.000030
34.53 -0.000037
34.54 -0.000043
34.55 -0.000048
34.56 -0.000053
34.57 -0.000058
34.58 -0.000062
34.59 -0.000066
34.60 -0.000070
34.61 -0.000072
34.62 -0.000074
34.63 -0.000075
34.64 -0.000077
34.65 -0.000081
34.66 -0.000085
34.67 -0.000090
34.68 -0.000096
34.69 -0.000102
34.70 -0.000110
34.71 -0.000118
34.72 -0.000127
34.73 -0.000135
34.74 -0.000144
34.75 -0.000154
34.76 -0.000164
34.77 -0.000175
34.78 -0.000185
34.79 -0.000196
34.80 -0.000206
34.81 -0.000216
34.82 -0.000226
34.83 -0.000237
34.84 -0.000247
34.85 -0.000256
34.86 -0.000266
34.87 -0.000275
34.88 -0.000285
34.89 -0.000294
34.90 -0.000303
34.91 -0.000312
34.92 -0.000322
34.93 -0.000332
34.94 -0.000343
34.95 -0.000355
34.96 -0.000367
34.97 -0.000380
34.98 -0.000393
34.99 -0.000405
35.00 -0.000416
35.01 -0.000427
35.02 -0.000437
35.03 -0.000449
35.04 -0.000461
35.05 -0.000472
35.06 -0.000484
35.07 -0.000495
35.08 -0.000507
35.09 -0.000517
35.10 -0.000528
35.11 -0.000537
35.12 -0.000545
35.13 -0.000553
35.14 -0.000560
35.15 -0.000567
35.16 -0.000574
35.17 -0.000582
35.18 -0.000590
35.19 -0.000599
35.20 -0.000607
35.21 -0.000616
35.22 -0.000626
35.23 -0.000636
35.24 -0.000646
35.25 -0.000656
35.26 -0.000665
35.27 -0.000673
35.28 -0.000681
35.29 -0.000688
35.30 -0.000694
35.31 -0.000701
35.32 -0.000707
35.33 -0.000714
35.34 -0.000721
35.35 -0.000729
35.36 -0.000736
35.37 -0.000744
35.38 -0.000751
35.39 -0.000757
35.40 -0.000762
35.41 -0.000767
35.42 -0.000771
35.43 -0.000776
35.44 -0.000780
35.45 -0.000783
35.46 -0.000786
35.47 -0.000788
35.48 -0.000791
35.49 -0.000794
35.50 -0.000797
35.51 -0.000799
35.52 -0.000802
35.53 -0.000806
35.54 -0.000809
35.55 -0.000813
35.56 -0.000816
35.57 -0.000819
35.58 -0.000821
35.59 -0.000821
35.60 -0.000819
35.61 -0.000818
35.62 -0.000816
35.63 -0.000814
35.64 -0.000813
35.65 -0.000810
35.66 -0.000808
35.67 -0.000805
35.68 -0.000803
35.69 -0.000800
35.70 -0.000798
35.71 -0.000796
35.72 -0.000794
35.73 -0.000791
35.74 -0.000789
35.75 -0.000786
35.76 -0.000783
35.77 -0.000780
35.78 -0.000777
35.79 -0.000774
35.80 -0.000772
35.81 -0.000771
35.82 -0.000769
35.83 -0.000768
35.84 -0.000767
35.85 -0.000765
35.86 -0.000764
35.87 -0.000763
35.88 -0.000763
35.89 -0.000763
35.90 -0.000763
35.91 -0.000763
35.92 -0.000763
35.93 -0.000763
35.94 -0.000762
35.95 -0.000761
35.96 -0.000761
35.97 -0.000761
35.98 -0.000762
35.99 -0.000763
36.00 -0.000764
36.01 -0.000766
36.02 -0.000768
36.03 -0.000770
36.04 -0.000773
36.05 -0.000776
36.06 -0.000779
36.07 -0.000783
36.08 -0.000787
36.09 -0.000790
36.10 -0.000793
36.11 -0.000795
36.12 -0.000796
36.13 -0.000797
36.14 -0.000797
36.15 -0.000797
36.16 -0.000796
36.17 -0.000795
36.18 -0.000793
36.19 -0.000790
36.20 -0.000787
36.21 -0.000784
36.22 -0.000783
36.23 -0.000781
36.24 -0.000780
36.25 -0.000780
36.26 -0.000780
36.27 -0.000780
36.28 -0.000780
36.29 -0.000781
36.30 -0.000782
36.31 -0.000783
36.32 -0.000784
36.33 -0.000783
36.34 -0.000782
36.35 -0.000781
36.36 -0.000779
36.37 -0.000777
36.38 -0.000775
36.39 -0.000771
36.40 -0.000766
36.41 -0.000761
36.42 -0.000754
36.43 -0.000748
36.44 -0.000740
36.45 -0.000733
36.46 -0.000726
36.47 -0.000720
36.48 -0.000714
36.49 -0.000707
36.50 -0.000701
36.51 -0.000695
36.52 -0.000691
36.53 -0.000687
36.54 -0.000682
36.55 -0.000677
36.56 -0.000672
36.57 -0.000667
36.58 -0.000662
36.59 -0.000658
36.60 -0.000653
36.61 -0.000649
36.62 -0.000644
36.63 -0.000638
36.64 -0.000632
36.65 -0.000625
36.66 -0.000619
36.67 -0.000613
36.68 -0.000608
36.69 -0.000603
36.70 -0.000599
36.71 -0.000595
36.72 -0.000591
36.73 -0.000588
36.74 -0.000585
36.75 -0.000581
36.76 -0.000578
36.77 -0.000576
36.78 -0.000573
36.79 -0.000569
36.80 -0.000566
36.81 -0.000562
36.82 -0.000559
36.83 -0.000555
36.84 -0.000551
36.85 -0.000546
36.86 -0.000541
36.87 -0.000536
36.88 -0.000532
36.89 -0.000527
36.90 -0.000523
36.91 -0.000519
36.92 -0.000515
36.93 -0.000511
36.94 -0.000508
36.95 -0.000506
36.96 -0.000503
36.97 -0.000501
36.98 -0.000499
36.99 -0.000496
37.00 -0.000491
37.01 -0.000486
37.02 -0.000480
37.03 -0.000474
37.04 -0.000467
37.05 -0.000460
37.06 -0.000452
37.07 -0.000445
37.08 -0.000437
37.09 -0.000429
37.10 -0.000422
37.11 -0.000415
37.12 -0.000408
37.13 -0.000401
37.14 -0.000393
37.15 -0.000384
37.16 -0.000375
37.17 -0.000367
37.18 -0.000357
37.19 -0.000348
37.20 -0.000337
37.21 -0.000326
37.22 -0.000314
37.23 -0.000301
37.24 -0.000288
37.25 -0.000274
37.26 -0.000260
37.27 -0.000245
37.28 -0.000230
37.29 -0.000216
37.30 -0.000203
37.31 -0.000189
37.32 -0.000176
37.33 -0.000163
37.34 -0.000150
37.35 -0.000137
37.36 -0.000124
37.37 -0.000112
37.38 -0.000101
37.39 -0.000090
37.40 -0.000078
37.41 -0.000066
37.42 -0.000054
37.43 -0.000042
37.44 -0.000029
37.45 -0.000016
37.46 -0.000004
37.47 0.000008
37.48 0.000019
37.49 0.000030
37.50 0.000040
37.51 0.000050
37.52 0.000060
37.53 0.000070
37.54 0.000080
37.55 0.000089
37.56 0.000099
37.57 0.000108
37.58 0.000116
37.59 0.000125
37.60 0.000133
37.61 0.000140
37.62 0.000146
37.63 0.000153
37.64 0.000158
37.65 0.000163
37.66 0.000168
37.67 0.000174
37.68 0.000180
37.69 0.000188
37.70 0.000196
37.71 0.000204
37.72 0.000213
37.73 0.000221
37.74 0.000230
37.75 0.000238
37.76 0.000246
37.77 0.000253
37.78 0.000261
37.79 0.000268
37.80 0.000275
37.81 0.000282
37.82 0.000290
37.83 0.000298
37.84 0.000306
37.85 0.000314
37.86 0.000322
37.87 0.000329
37.88 0.000336
37.89 0.000343
37.90 0.000349
37.91 0.000355
37.92 0.000360
37.93 0.000365
37.94 0.000370
37.95 0.000376
37.96 0.000382
37.97 0.000387
37.98 0.000391
37.99 0.000396
38.00 0.000401
38.01 0.000407
38.02 0.000413
38.03 0.000418
38.04 0.000423
38.05 0.000428
38.06 0.000434
38.07 0.000438
38.08 0.000442
38.09 0.000445
38.10 0.000448
38.11 0.000450
38.12 0.000453
38.13 0.000456
38.14 0.000459
38.15 0.000464
38.16 0.000469
38.17 0.000473
38.18 0.000479
38.19 0.000484
38.20 0.000490
38.21 0.000496
38.22 0.000501
38.23 0.000506
38.24 0.000511
38.25 0.000515
38.26 0.000520
38.27 0.000524
38.28 0.000527
38.29 0.000531
38.30 0.000536
38.31 0.000541
38.32 0.000545
38.33 0.000549
38.34 0.000554
38.35 0.000558
38.36 0.000562
38.37 0.000565
38.38 0.000567
38.39 0.000570
38.40 0.000573
38.41 0.000576
38.42 0.000579
38.43 0.000583
38.44 0.000587
38.45 0.000591
38.46 0.000595
38.47 0.000599
38.48 0.000604
38.49 0.000609
38.50 0.000614
38.51 0.000619
38.52 0.000623
38.53 0.000627
38.54 0.000631
38.55 0.000636
38.56 0.000640
38.57 0.000644
38.58 0.000648
38.59 0.000653
38.60 0.000659
38.61 0.000664
38.62 0.000670
38.63 0.000675
38.64 0.000680
38.65 0.000685
38.66 0.000689
38.67 0.000693
38.68 0.000697
38.69 0.000701
38.70 0.000704
38.71 0.000707
38.72 0.000709
38.73 0.000712
38.74 0.000715
38.75 0.000718
38.76 0.000722
38.77 0.000724
38.78 0.000727
38.79 0.000729
38.80 0.000732
38.81 0.000735
38.82 0.000737
38.83 0.000739
38.84 0.000742
38.85 0.000745
38.86 0.000748
38.87 0.000751
38.88 0.000754
38.89 0.000757
38.90 0.000759
38.91 0.000762
38.92 0.000764
38.93 0.000765
38.94 0.000766
38.95 0.000766
38.96 0.000766
38.97 0.000766
38.98 0.000766
38.99 0.000766
39.00 0.000765
39.01 0.000765
39.02 0.000764
39.03 0.000763
39.04 0.000762
39.05 0.000761
39.06 0.000761
39.07 0.000760
39.08 0.000759
39.09 0.000759
39.10 0.000758
39.11 0.000758
39.12 0.000757
39.13 0.000757
39.14 0.000757
39.15 0.000757
39.16 0.000757
39.17 0.000756
39.18 0.000755
39.19 0.000754
39.20 0.000753
39.21 0.000751
39.22 0.000749
39.23 0.000746
39.24 0.000744
39.25 0.000741
39.26 0.000739
39.27 0.000736
39.28 0.000733
39.29 0.000731
39.30 0.000728
39.31 0.000724
39.32 0.000721
39.33 0.000717
39.34 0.000714
39.35 0.000710
39.36 0.000706
39.37 0.000702
39.38 0.000699
39.39 0.000695
39.40 0.000691
39.41 0.000686
39.42 0.000682
39.43 0.000677
39.44 0.000673
39.45 0.000668
39.46 0.000663
39.47 0.000657
39.48 0.000652
39.49 0.000647
39.50 0.000642
39.51 0.000637
39.52 0.000632
39.53 0.000627
39.54 0.000622
39.55 0.000617
39.56 0.000613
39.57 0.000608
39.58 0.000603
39.59 0.000598
39.60 0.000593
39.61 0.000588
39.62 0.000583
39.63 0.000578
39.64 0.000573
39.65 0.000568
39.66 0.000562
39.67 0.000557
39.68 0.000551
39.69 0.000546
39.70 0.000540
39.71 0.000534
39.72 0.000528
39.73 0.000522
39.74 0.000516
39.75 0.000510
39.76 0.000504
39.77 0.000498
39.78 0.000493
39.79 0.000487
39.80 0.000481
39.81 0.000475
39.82 0.000469
39.83 0.000463
39.84 0.000457
39.85 0.000451
39.86 0.000445
39.87 0.000439
39.88 0.000432
39.89 0.000426
39.90 0.000419
39.91 0.000413
39.92 0.000406
39.93 0.000399
39.94 0.000393
39.95 0.000386
39.96 0.000380
39.97 0.000373
39.98 0.000366
39.99 0.000360
40.00 0.000353
