# Time (s)   Displacement (m)
0.00 0.000000
0.01 0.000000
0.02 0.000000
0.03 0.000000
0.04 0.000000
0.05 0.000000
0.06 0.000000
0.07 0.000000
0.08 0.000000
0.09 0.000000
0.10 0.000000
0.11 0.000000
0.12 0.000000
0.13 0.000000
0.14 0.000000
0.15 0.000000
0.16 0.000000
0.17 0.000000
0.18 0.000000
0.19 0.000000
0.20 0.000000
0.21 0.000000
0.22 0.000000
0.23 0.000000
0.24 0.000000
0.25 0.000000
0.26 0.000000
0.27 0.000000
0.28 0.000000
0.29 0.000001
0.30 0.000001
0.31 0.000001
0.32 0.000001
0.33 0.000001
0.34 0.000001
0.35 0.000001
0.36 0.000001
0.37 0.000001
0.38 0.000001
0.39 0.000001
0.40 0.000001
0.41 0.000001
0.42 0.000001
0.43 0.000001
0.44 0.000001
0.45 0.000001
0.46 0.000002
0.47 0.000002
0.48 0.000002
0.49 0.000002
0.50 0.000002
0.51 0.000002
0.52 0.000002
0.53 0.000002
0.54 0.000002
0.55 0.000002
0.56 0.000003
0.57 0.000003
0.58 0.000003
0.59 0.000003
0.60 0.000003
0.61 0.000003
0.62 0.000003
0.63 0.000003
0.64 0.000003
0.65 0.000003
0.66 0.000003
0.67 0.000004
0.68 0.000004
0.69 0.000004
0.70 0.000004
0.71 0.000004
0.72 0.000004
0.73 0.000005
0.74 0.000005
0.75 0.000005
0.76 0.000005
0.77 0.000006
0.78 0.000006
0.79 0.000006
0.80 0.000006
0.81 0.000006
0.82 0.000006
0.83 0.000006
0.84 0.000006
0.85 0.000007
0.86 0.000007
0.87 0.000007
0.88 0.000007
0.89 0.000007
0.90 0.000007
0.91 0.000008
0.92 0.000008
0.93 0.000008
0.94 0.000008
0.95 0.000009
0.96 0.000009
0.97 0.000009
0.98 0.000009
0.99 0.000009
1.00 0.000009
1.01 0.000009
1.02 0.000010
1.03 0.000010
1.04 0.000010
1.05 0.000010
1.06 0.000010
1.07 0.000011
1.08 0.000011
1.09 0.000011
1.10 0.000011
1.11 0.000011
1.12 0.000011
1.13 0.000011
1.14 0.000011
1.15 0.000011
1.16 0.000011
1.17 0.000012
1.18 0.000012
1.19 0.000012
1.20 0.000012
1.21 0.000013
1.22 0.000013
1.23 0.000014
1.24 0.000014
1.25 0.000015
1.26 0.000016
1.27 0.000016
1.28 0.000016
1.29 0.000016
1.30 0.000016
1.31 0.000016
1.32 0.000016
1.33 0.000017
1.34 0.000017
1.35 0.000017
1.36 0.000018
1.37 0.000018
1.38 0.000019
1.39 0.000019
1.40 0.000020
1.41 0.000020
1.42 0.000020
1.43 0.000020
1.44 0.000021
1.45 0.000021
1.46 0.000021
1.47 0.000021
1.48 0.000020
1.49 0.000020
1.50 0.000020
1.51 0.000021
1.52 0.000021
1.53 0.000021
1.54 0.000022
1.55 0.000022
1.56 0.000023
1.57 0.000023
1.58 0.000023
1.59 0.000023
1.60 0.000023
1.61 0.000023
1.62 0.000023
1.63 0.000024
1.64 0.000025
1.65 0.000025
1.66 0.000026
1.67 0.000027
1.68 0.000027
1.69 0.000027
1.70 0.000027
1.71 0.000027
1.72 0.000028
1.73 0.000028
1.74 0.000028
1.75 0.000029
1.76 0.000029
1.77 0.000030
1.78 0.000030
1.79 0.000030
1.80 0.000030
1.81 0.000030
1.82 0.000030
1.83 0.000030
1.84 0.000030
1.85 0.000031
1.86 0.000031
1.87 0.000032
1.88 0.000032
1.89 0.000032
1.90 0.000033
1.91 0.000033
1.92 0.000033
1.93 0.000032
1.94 0.000032
1.95 0.000033
1.96 0.000033
1.97 0.000034
1.98 0.000034
1.99 0.000035
2.00 0.000036
2.01 0.000036
2.02 0.000036
2.03 0.000036
2.04 0.000036
2.05 0.000036
2.06 0.000037
2.07 0.000037
2.08 0.000037
2.09 0.000038
2.10 0.000038
2.11 0.000039
2.12 0.000039
2.13 0.000039
2.14 0.000039
2.15 0.000039
2.16 0.000039
2.17 0.000040
2.18 0.000040
2.19 0.000041
2.20 0.000041
2.21 0.000042
2.22 0.000042
2.23 0.000041
2.24 0.000041
2.25 0.000041
2.26 0.000041
2.27 0.000041
2.28 0.000041
2.29 0.000041
2.30 0.000042
2.31 0.000044
2.32 0.000045
2.33 0.000046
2.34 0.000046
2.35 0.000046
2.36 0.000047
2.37 0.000047
2.38 0.000046
2.39 0.000046
2.40 0.000046
2.41 0.000046
2.42 0.000046
2.43 0.000046
2.44 0.000046
2.45 0.000046
2.46 0.000047
2.47 0.000047
2.48 0.000047
2.49 0.000047
2.50 0.000046
2.51 0.000046
2.52 0.000045
2.53 0.000045
2.54 0.000045
2.55 0.000046
2.56 0.000046
2.57 0.000048
2.58 0.000050
2.59 0.000051
2.60 0.000053
2.61 0.000054
2.62 0.000055
2.63 0.000056
2.64 0.000057
2.65 0.000057
2.66 0.000057
2.67 0.000056
2.68 0.000055
2.69 0.000054
2.70 0.000053
2.71 0.000051
2.72 0.000050
2.73 0.000048
2.74 0.000048
2.75 0.000049
2.76 0.000051
2.77 0.000054
2.78 0.000056
2.79 0.000058
2.80 0.000059
2.81 0.000059
2.82 0.000059
2.83 0.000059
2.84 0.000059
2.85 0.000060
2.86 0.000061
2.87 0.000063
2.88 0.000064
2.89 0.000067
2.90 0.000069
2.91 0.000072
2.92 0.000075
2.93 0.000077
2.94 0.000078
2.95 0.000080
2.96 0.000082
2.97 0.000083
2.98 0.000084
2.99 0.000084
3.00 0.000083
3.01 0.000081
3.02 0.000078
3.03 0.000077
3.04 0.000077
3.05 0.000079
3.06 0.000082
3.07 0.000085
3.08 0.000087
3.09 0.000087
3.10 0.000087
3.11 0.000089
3.12 0.000091
3.13 0.000094
3.14 0.000097
3.15 0.000100
3.16 0.000103
3.17 0.000106
3.18 0.000108
3.19 0.000110
3.20 0.000112
3.21 0.000114
3.22 0.000115
3.23 0.000115
3.24 0.000113
3.25 0.000111
3.26 0.000111
3.27 0.000111
3.28 0.000112
3.29 0.000111
3.30 0.000110
3.31 0.000110
3.32 0.000110
3.33 0.000111
3.34 0.000113
3.35 0.000115
3.36 0.000117
3.37 0.000118
3.38 0.000118
3.39 0.000117
3.40 0.000118
3.41 0.000120
3.42 0.000124
3.43 0.000129
3.44 0.000133
3.45 0.000137
3.46 0.000141
3.47 0.000144
3.48 0.000146
3.49 0.000146
3.50 0.000144
3.51 0.000140
3.52 0.000136
3.53 0.000133
3.54 0.000130
3.55 0.000128
3.56 0.000127
3.57 0.000126
3.58 0.000124
3.59 0.000123
3.60 0.000123
3.61 0.000124
3.62 0.000125
3.63 0.000128
3.64 0.000131
3.65 0.000135
3.66 0.000137
3.67 0.000137
3.68 0.000134
3.69 0.000129
3.70 0.000124
3.71 0.000120
3.72 0.000118
3.73 0.000119
3.74 0.000122
3.75 0.000125
3.76 0.000129
3.77 0.000131
3.78 0.000134
3.79 0.000136
3.80 0.000137
3.81 0.000135
3.82 0.000128
3.83 0.000117
3.84 0.000102
3.85 0.000090
3.86 0.000083
3.87 0.000082
3.88 0.000086
3.89 0.000093
3.90 0.000100
3.91 0.000105
3.92 0.000109
3.93 0.000111
3.94 0.000111
3.95 0.000110
3.96 0.000108
3.97 0.000104
3.98 0.000099
3.99 0.000096
4.00 0.000095
4.01 0.000096
4.02 0.000098
4.03 0.000101
4.04 0.000103
4.05 0.000105
4.06 0.000106
4.07 0.000106
4.08 0.000104
4.09 0.000099
4.10 0.000091
4.11 0.000080
4.12 0.000066
4.13 0.000054
4.14 0.000046
4.15 0.000044
4.16 0.000046
4.17 0.000053
4.18 0.000062
4.19 0.000073
4.20 0.000082
4.21 0.000086
4.22 0.000088
4.23 0.000087
4.24 0.000086
4.25 0.000084
4.26 0.000081
4.27 0.000076
4.28 0.000068
4.29 0.000059
4.30 0.000050
4.31 0.000042
4.32 0.000033
4.33 0.000024
4.34 0.000013
4.35 0.000003
4.36 -0.000005
4.37 -0.000008
4.38 -0.000003
4.39 0.000007
4.40 0.000022
4.41 0.000036
4.42 0.000047
4.43 0.000052
4.44 0.000049
4.45 0.000037
4.46 0.000016
4.47 -0.000009
4.48 -0.000037
4.49 -0.000066
4.50 -0.000093
4.51 -0.000116
4.52 -0.000132
4.53 -0.000140
4.54 -0.000140
4.55 -0.000132
4.56 -0.000116
4.57 -0.000093
4.58 -0.000066
4.59 -0.000038
4.60 -0.000012
4.61 0.000008
4.62 0.000022
4.63 0.000032
4.64 0.000040
4.65 0.000044
4.66 0.000043
4.67 0.000033
4.68 0.000012
4.69 -0.000019
4.70 -0.000062
4.71 -0.000113
4.72 -0.000169
4.73 -0.000226
4.74 -0.000279
4.75 -0.000326
4.76 -0.000365
4.77 -0.000399
4.78 -0.000429
4.79 -0.000455
4.80 -0.000482
4.81 -0.000512
4.82 -0.000548
4.83 -0.000588
4.84 -0.000623
4.85 -0.000648
4.86 -0.000662
4.87 -0.000667
4.88 -0.000668
4.89 -0.000669
4.90 -0.000671
4.91 -0.000674
4.92 -0.000674
4.93 -0.000671
4.94 -0.000666
4.95 -0.000665
4.96 -0.000671
4.97 -0.000690
4.98 -0.000719
4.99 -0.000751
5.00 -0.000784
5.01 -0.000816
5.02 -0.000844
5.03 -0.000866
5.04 -0.000878
5.05 -0.000873
5.06 -0.000849
5.07 -0.000808
5.08 -0.000760
5.09 -0.000715
5.10 -0.000679
5.11 -0.000654
5.12 -0.000635
5.13 -0.000615
5.14 -0.000591
5.15 -0.000564
5.16 -0.000537
5.17 -0.000512
5.18 -0.000488
5.19 -0.000464
5.20 -0.000444
5.21 -0.000432
5.22 -0.000433
5.23 -0.000446
5.24 -0.000466
5.25 -0.000489
5.26 -0.000514
5.27 -0.000538
5.28 -0.000562
5.29 -0.000588
5.30 -0.000615
5.31 -0.000641
5.32 -0.000659
5.33 -0.000665
5.34 -0.000659
5.35 -0.000646
5.36 -0.000628
5.37 -0.000606
5.38 -0.000578
5.39 -0.000545
5.40 -0.000512
5.41 -0.000485
5.42 -0.000470
5.43 -0.000468
5.44 -0.000478
5.45 -0.000493
5.46 -0.000508
5.47 -0.000516
5.48 -0.000511
5.49 -0.000491
5.50 -0.000456
5.51 -0.000414
5.52 -0.000370
5.53 -0.000332
5.54 -0.000302
5.55 -0.000278
5.56 -0.000258
5.57 -0.000240
5.58 -0.000225
5.59 -0.000213
5.60 -0.000203
5.61 -0.000189
5.62 -0.000170
5.63 -0.000144
5.64 -0.000111
5.65 -0.000072
5.66 -0.000025
5.67 0.000029
5.68 0.000086
5.69 0.000139
5.70 0.000186
5.71 0.000226
5.72 0.000263
5.73 0.000299
5.74 0.000336
5.75 0.000377
5.76 0.000419
5.77 0.000459
5.78 0.000494
5.79 0.000520
5.80 0.000538
5.81 0.000552
5.82 0.000567
5.83 0.000589
5.84 0.000626
5.85 0.000681
5.86 0.000752
5.87 0.000839
5.88 0.000935
5.89 0.001033
5.90 0.001125
5.91 0.001202
5.92 0.001259
5.93 0.001294
5.94 0.001305
5.95 0.001293
5.96 0.001260
5.97 0.001209
5.98 0.001145
5.99 0.001073
6.00 0.000996
6.01 0.000919
6.02 0.000843
6.03 0.000773
6.04 0.000706
6.05 0.000639
6.06 0.000568
6.07 0.000491
6.08 0.000416
6.09 0.000354
6.10 0.000314
6.11 0.000303
6.12 0.000318
6.13 0.000353
6.14 0.000401
6.15 0.000452
6.16 0.000500
6.17 0.000541
6.18 0.000578
6.19 0.000612
6.20 0.000644
6.21 0.000673
6.22 0.000697
6.23 0.000713
6.24 0.000717
6.25 0.000709
6.26 0.000689
6.27 0.000661
6.28 0.000624
6.29 0.000580
6.30 0.000529
6.31 0.000470
6.32 0.000407
6.33 0.000345
6.34 0.000289
6.35 0.000243
6.36 0.000205
6.37 0.000172
6.38 0.000142
6.39 0.000114
6.40 0.000088
6.41 0.000067
6.42 0.000057
6.43 0.000061
6.44 0.000079
6.45 0.000107
6.46 0.000140
6.47 0.000172
6.48 0.000199
6.49 0.000218
6.50 0.000230
6.51 0.000233
6.52 0.000226
6.53 0.000207
6.54 0.000174
6.55 0.000130
6.56 0.000079
6.57 0.000029
6.58 -0.000009
6.59 -0.000030
6.60 -0.000031
6.61 -0.000018
6.62 0.000003
6.63 0.000026
6.64 0.000045
6.65 0.000059
6.66 0.000064
6.67 0.000059
6.68 0.000044
6.69 0.000020
6.70 -0.000012
6.71 -0.000051
6.72 -0.000101
6.73 -0.000164
6.74 -0.000238
6.75 -0.000319
6.76 -0.000403
6.77 -0.000485
6.78 -0.000559
6.79 -0.000623
6.80 -0.000678
6.81 -0.000726
6.82 -0.000772
6.83 -0.000819
6.84 -0.000868
6.85 -0.000919
6.86 -0.000973
6.87 -0.001030
6.88 -0.001091
6.89 -0.001155
6.90 -0.001219
6.91 -0.001281
6.92 -0.001345
6.93 -0.001412
6.94 -0.001486
6.95 -0.001566
6.96 -0.001650
6.97 -0.001736
6.98 -0.001824
6.99 -0.001912
7.00 -0.001990
7.01 -0.002042
7.02 -0.002052
7.03 -0.002008
7.04 -0.001907
7.05 -0.001753
7.06 -0.001560
7.07 -0.001342
7.08 -0.001114
7.09 -0.000887
7.10 -0.000673
7.11 -0.000482
7.12 -0.000317
7.13 -0.000178
7.14 -0.000060
7.15 0.000037
7.16 0.000109
7.17 0.000149
7.18 0.000157
7.19 0.000139
7.20 0.000107
7.21 0.000065
7.22 0.000020
7.23 -0.000026
7.24 -0.000067
7.25 -0.000102
7.26 -0.000131
7.27 -0.000155
7.28 -0.000182
7.29 -0.000218
7.30 -0.000272
7.31 -0.000347
7.32 -0.000439
7.33 -0.000539
7.34 -0.000633
7.35 -0.000716
7.36 -0.000784
7.37 -0.000842
7.38 -0.000898
7.39 -0.000956
7.40 -0.001020
7.41 -0.001091
7.42 -0.001165
7.43 -0.001238
7.44 -0.001303
7.45 -0.001358
7.46 -0.001405
7.47 -0.001446
7.48 -0.001481
7.49 -0.001510
7.50 -0.001527
7.51 -0.001528
7.52 -0.001509
7.53 -0.001467
7.54 -0.001402
7.55 -0.001319
7.56 -0.001222
7.57 -0.001117
7.58 -0.001008
7.59 -0.000897
7.60 -0.000783
7.61 -0.000665
7.62 -0.000549
7.63 -0.000438
7.64 -0.000343
7.65 -0.000271
7.66 -0.000224
7.67 -0.000199
7.68 -0.000192
7.69 -0.000197
7.70 -0.000208
7.71 -0.000219
7.72 -0.000226
7.73 -0.000227
7.74 -0.000224
7.75 -0.000218
7.76 -0.000211
7.77 -0.000206
7.78 -0.000206
7.79 -0.000215
7.80 -0.000234
7.81 -0.000265
7.82 -0.000302
7.83 -0.000336
7.84 -0.000353
7.85 -0.000340
7.86 -0.000300
7.87 -0.000236
7.88 -0.000155
7.89 -0.000059
7.90 0.000053
7.91 0.000178
7.92 0.000312
7.93 0.000448
7.94 0.000584
7.95 0.000718
7.96 0.000853
7.97 0.000991
7.98 0.001131
7.99 0.001267
8.00 0.001390
8.01 0.001488
8.02 0.001554
8.03 0.001594
8.04 0.001613
8.05 0.001615
8.06 0.001600
8.07 0.001566
8.08 0.001512
8.09 0.001435
8.10 0.001337
8.11 0.001224
8.12 0.001105
8.13 0.000989
8.14 0.000881
8.15 0.000781
8.16 0.000683
8.17 0.000583
8.18 0.000478
8.19 0.000366
8.20 0.000249
8.21 0.000127
8.22 0.000003
8.23 -0.000125
8.24 -0.000256
8.25 -0.000390
8.26 -0.000524
8.27 -0.000656
8.28 -0.000780
8.29 -0.000887
8.30 -0.000971
8.31 -0.001028
8.32 -0.001056
8.33 -0.001055
8.34 -0.001027
8.35 -0.000977
8.36 -0.000908
8.37 -0.000822
8.38 -0.000722
8.39 -0.000610
8.40 -0.000492
8.41 -0.000376
8.42 -0.000267
8.43 -0.000167
8.44 -0.000074
8.45 0.000016
8.46 0.000108
8.47 0.000209
8.48 0.000323
8.49 0.000451
8.50 0.000585
8.51 0.000716
8.52 0.000837
8.53 0.000945
8.54 0.001041
8.55 0.001126
8.56 0.001204
8.57 0.001271
8.58 0.001328
8.59 0.001372
8.60 0.001406
8.61 0.001432
8.62 0.001447
8.63 0.001452
8.64 0.001444
8.65 0.001418
8.66 0.001369
8.67 0.001297
8.68 0.001207
8.69 0.001107
8.70 0.001001
8.71 0.000891
8.72 0.000780
8.73 0.000672
8.74 0.000573
8.75 0.000485
8.76 0.000411
8.77 0.000356
8.78 0.000319
8.79 0.000299
8.80 0.000294
8.81 0.000300
8.82 0.000315
8.83 0.000333
8.84 0.000345
8.85 0.000346
8.86 0.000333
8.87 0.000308
8.88 0.000276
8.89 0.000242
8.90 0.000210
8.91 0.000183
8.92 0.000164
8.93 0.000155
8.94 0.000155
8.95 0.000160
8.96 0.000166
8.97 0.000171
8.98 0.000168
8.99 0.000156
9.00 0.000130
9.01 0.000092
9.02 0.000048
9.03 0.000003
9.04 -0.000039
9.05 -0.000073
9.06 -0.000095
9.07 -0.000098
9.08 -0.000081
9.09 -0.000044
9.10 0.000009
9.11 0.000078
9.12 0.000159
9.13 0.000253
9.14 0.000355
9.15 0.000459
9.16 0.000556
9.17 0.000642
9.18 0.000713
9.19 0.000765
9.20 0.000795
9.21 0.000802
9.22 0.000792
9.23 0.000771
9.24 0.000748
9.25 0.000729
9.26 0.000719
9.27 0.000727
9.28 0.000760
9.29 0.000822
9.30 0.000913
9.31 0.001027
9.32 0.001158
9.33 0.001297
9.34 0.001437
9.35 0.001572
9.36 0.001698
9.37 0.001816
9.38 0.001923
9.39 0.002015
9.40 0.002086
9.41 0.002134
9.42 0.002160
9.43 0.002170
9.44 0.002167
9.45 0.002151
9.46 0.002114
9.47 0.002055
9.48 0.001976
9.49 0.001880
9.50 0.001769
9.51 0.001643
9.52 0.001502
9.53 0.001355
9.54 0.001208
9.55 0.001070
9.56 0.000941
9.57 0.000824
9.58 0.000719
9.59 0.000627
9.60 0.000548
9.61 0.000484
9.62 0.000435
9.63 0.000402
9.64 0.000387
9.65 0.000391
9.66 0.000412
9.67 0.000447
9.68 0.000489
9.69 0.000532
9.70 0.000571
9.71 0.000609
9.72 0.000648
9.73 0.000693
9.74 0.000745
9.75 0.000800
9.76 0.000853
9.77 0.000898
9.78 0.000929
9.79 0.000944
9.80 0.000947
9.81 0.000948
9.82 0.000953
9.83 0.000968
9.84 0.000992
9.85 0.001028
9.86 0.001080
9.87 0.001146
9.88 0.001220
9.89 0.001291
9.90 0.001346
9.91 0.001376
9.92 0.001380
9.93 0.001361
9.94 0.001323
9.95 0.001271
9.96 0.001211
9.97 0.001148
9.98 0.001086
9.99 0.001028
10.00 0.000978
10.01 0.000942
10.02 0.000919
10.03 0.000908
10.04 0.000905
10.05 0.000902
10.06 0.000895
10.07 0.000878
10.08 0.000847
10.09 0.000800
10.10 0.000735
10.11 0.000653
10.12 0.000555
10.13 0.000442
10.14 0.000316
10.15 0.000180
10.16 0.000035
10.17 -0.000111
10.18 -0.000249
10.19 -0.000362
10.20 -0.000435
10.21 -0.000456
10.22 -0.000427
10.23 -0.000358
10.24 -0.000265
10.25 -0.000158
10.26 -0.000044
10.27 0.000071
10.28 0.000183
10.29 0.000284
10.30 0.000367
10.31 0.000425
10.32 0.000461
10.33 0.000481
10.34 0.000487
10.35 0.000481
10.36 0.000459
10.37 0.000420
10.38 0.000368
10.39 0.000308
10.40 0.000249
10.41 0.000191
10.42 0.000137
10.43 0.000085
10.44 0.000036
10.45 -0.000011
10.46 -0.000053
10.47 -0.000085
10.48 -0.000102
10.49 -0.000105
10.50 -0.000097
10.51 -0.000081
10.52 -0.000059
10.53 -0.000029
10.54 0.000010
10.55 0.000057
10.56 0.000111
10.57 0.000168
10.58 0.000223
10.59 0.000274
10.60 0.000316
10.61 0.000346
10.62 0.000363
10.63 0.000367
10.64 0.000360
10.65 0.000343
10.66 0.000319
10.67 0.000296
10.68 0.000283
10.69 0.000286
10.70 0.000304
10.71 0.000338
10.72 0.000384
10.73 0.000442
10.74 0.000511
10.75 0.000591
10.76 0.000681
10.77 0.000781
10.78 0.000888
10.79 0.000997
10.80 0.001100
10.81 0.001190
10.82 0.001261
10.83 0.001310
10.84 0.001341
10.85 0.001355
10.86 0.001354
10.87 0.001343
10.88 0.001323
10.89 0.001298
10.90 0.001272
10.91 0.001251
10.92 0.001236
10.93 0.001225
10.94 0.001210
10.95 0.001186
10.96 0.001149
10.97 0.001102
10.98 0.001049
10.99 0.000992
11.00 0.000930
11.01 0.000859
11.02 0.000779
11.03 0.000689
11.04 0.000593
11.05 0.000495
11.06 0.000396
11.07 0.000297
11.08 0.000199
11.09 0.000104
11.10 0.000014
11.11 -0.000070
11.12 -0.000147
11.13 -0.000218
11.14 -0.000286
11.15 -0.000353
11.16 -0.000421
11.17 -0.000488
11.18 -0.000553
11.19 -0.000616
11.20 -0.000673
11.21 -0.000718
11.22 -0.000746
11.23 -0.000756
11.24 -0.000750
11.25 -0.000730
11.26 -0.000698
11.27 -0.000653
11.28 -0.000596
11.29 -0.000525
11.30 -0.000442
11.31 -0.000347
11.32 -0.000245
11.33 -0.000151
11.34 -0.000078
11.35 -0.000034
11.36 -0.000011
11.37 0.000007
11.38 0.000028
11.39 0.000054
11.40 0.000079
11.41 0.000095
11.42 0.000099
11.43 0.000092
11.44 0.000076
11.45 0.000054
11.46 0.000030
11.47 0.000005
11.48 -0.000022
11.49 -0.000053
11.50 -0.000092
11.51 -0.000138
11.52 -0.000185
11.53 -0.000229
11.54 -0.000269
11.55 -0.000303
11.56 -0.000331
11.57 -0.000352
11.58 -0.000366
11.59 -0.000376
11.60 -0.000385
11.61 -0.000397
11.62 -0.000409
11.63 -0.000421
11.64 -0.000434
11.65 -0.000452
11.66 -0.000481
11.67 -0.000525
11.68 -0.000585
11.69 -0.000660
11.70 -0.000745
11.71 -0.000833
11.72 -0.000919
11.73 -0.001000
11.74 -0.001079
11.75 -0.001158
11.76 -0.001239
11.77 -0.001321
11.78 -0.001398
11.79 -0.001471
11.80 -0.001541
11.81 -0.001614
11.82 -0.001692
11.83 -0.001775
11.84 -0.001859
11.85 -0.001940
11.86 -0.002019
11.87 -0.002095
11.88 -0.002166
11.89 -0.002229
11.90 -0.002280
11.91 -0.002320
11.92 -0.002351
11.93 -0.002375
11.94 -0.002397
11.95 -0.002414
11.96 -0.002426
11.97 -0.002427
11.98 -0.002416
11.99 -0.002396
12.00 -0.002370
12.01 -0.002338
12.02 -0.002303
12.03 -0.002263
12.04 -0.002223
12.05 -0.002184
12.06 -0.002149
12.07 -0.002119
12.08 -0.002093
12.09 -0.002068
12.10 -0.002044
12.11 -0.002021
12.12 -0.002003
12.13 -0.001993
12.14 -0.001991
12.15 -0.001996
12.16 -0.002002
12.17 -0.002006
12.18 -0.002005
12.19 -0.001999
12.20 -0.001990
12.21 -0.001979
12.22 -0.001967
12.23 -0.001953
12.24 -0.001936
12.25 -0.001915
12.26 -0.001889
12.27 -0.001863
12.28 -0.001837
12.29 -0.001813
12.30 -0.001792
12.31 -0.001773
12.32 -0.001755
12.33 -0.001736
12.34 -0.001716
12.35 -0.001693
12.36 -0.001668
12.37 -0.001640
12.38 -0.001610
12.39 -0.001581
12.40 -0.001552
12.41 -0.001526
12.42 -0.001501
12.43 -0.001477
12.44 -0.001454
12.45 -0.001434
12.46 -0.001420
12.47 -0.001415
12.48 -0.001421
12.49 -0.001440
12.50 -0.001470
12.51 -0.001508
12.52 -0.001550
12.53 -0.001596
12.54 -0.001645
12.55 -0.001699
12.56 -0.001756
12.57 -0.001812
12.58 -0.001860
12.59 -0.001897
12.60 -0.001922
12.61 -0.001941
12.62 -0.001957
12.63 -0.001973
12.64 -0.001987
12.65 -0.001997
12.66 -0.001999
12.67 -0.001992
12.68 -0.001977
12.69 -0.001950
12.70 -0.001911
12.71 -0.001862
12.72 -0.001807
12.73 -0.001754
12.74 -0.001708
12.75 -0.001670
12.76 -0.001640
12.77 -0.001616
12.78 -0.001600
12.79 -0.001593
12.80 -0.001593
12.81 -0.001600
12.82 -0.001610
12.83 -0.001620
12.84 -0.001627
12.85 -0.001628
12.86 -0.001622
12.87 -0.001609
12.88 -0.001594
12.89 -0.001585
12.90 -0.001583
12.91 -0.001586
12.92 -0.001591
12.93 -0.001597
12.94 -0.001603
12.95 -0.001611
12.96 -0.001617
12.97 -0.001615
12.98 -0.001601
12.99 -0.001576
13.00 -0.001549
13.01 -0.001525
13.02 -0.001509
13.03 -0.001498
13.04 -0.001487
13.05 -0.001475
13.06 -0.001462
13.07 -0.001453
13.08 -0.001448
13.09 -0.001445
13.10 -0.001441
13.11 -0.001433
13.12 -0.001420
13.13 -0.001401
13.14 -0.001378
13.15 -0.001351
13.16 -0.001319
13.17 -0.001282
13.18 -0.001241
13.19 -0.001198
13.20 -0.001155
13.21 -0.001115
13.22 -0.001079
13.23 -0.001050
13.24 -0.001025
13.25 -0.001004
13.26 -0.000985
13.27 -0.000969
13.28 -0.000953
13.29 -0.000937
13.30 -0.000918
13.31 -0.000899
13.32 -0.000882
13.33 -0.000870
13.34 -0.000864
13.35 -0.000864
13.36 -0.000869
13.37 -0.000876
13.38 -0.000882
13.39 -0.000887
13.40 -0.000888
13.41 -0.000886
13.42 -0.000880
13.43 -0.000867
13.44 -0.000847
13.45 -0.000822
13.46 -0.000792
13.47 -0.000761
13.48 -0.000727
13.49 -0.000690
13.50 -0.000648
13.51 -0.000602
13.52 -0.000555
13.53 -0.000507
13.54 -0.000457
13.55 -0.000406
13.56 -0.000356
13.57 -0.000306
13.58 -0.000258
13.59 -0.000208
13.60 -0.000158
13.61 -0.000107
13.62 -0.000060
13.63 -0.000019
13.64 0.000016
13.65 0.000044
13.66 0.000066
13.67 0.000086
13.68 0.000101
13.69 0.000115
13.70 0.000125
13.71 0.000131
13.72 0.000135
13.73 0.000141
13.74 0.000151
13.75 0.000165
13.76 0.000181
13.77 0.000197
13.78 0.000210
13.79 0.000222
13.80 0.000233
13.81 0.000242
13.82 0.000248
13.83 0.000250
13.84 0.000249
13.85 0.000247
13.86 0.000245
13.87 0.000246
13.88 0.000250
13.89 0.000260
13.90 0.000273
13.91 0.000287
13.92 0.000302
13.93 0.000316
13.94 0.000330
13.95 0.000343
13.96 0.000356
13.97 0.000369
13.98 0.000381
13.99 0.000390
14.00 0.000396
14.01 0.000400
14.02 0.000403
14.03 0.000406
14.04 0.000409
14.05 0.000413
14.06 0.000417
14.07 0.000418
14.08 0.000416
14.09 0.000410
14.10 0.000401
14.11 0.000391
14.12 0.000379
14.13 0.000364
14.14 0.000347
14.15 0.000328
14.16 0.000307
14.17 0.000286
14.18 0.000267
14.19 0.000254
14.20 0.000248
14.21 0.000252
14.22 0.000262
14.23 0.000280
14.24 0.000303
14.25 0.000330
14.26 0.000360
14.27 0.000391
14.28 0.000421
14.29 0.000449
14.30 0.000475
14.31 0.000496
14.32 0.000514
14.33 0.000530
14.34 0.000549
14.35 0.000572
14.36 0.000602
14.37 0.000640
14.38 0.000684
14.39 0.000735
14.40 0.000789
14.41 0.000842
14.42 0.000893
14.43 0.000941
14.44 0.000988
14.45 0.001033
14.46 0.001078
14.47 0.001123
14.48 0.001170
14.49 0.001222
14.50 0.001278
14.51 0.001340
14.52 0.001405
14.53 0.001471
14.54 0.001537
14.55 0.001600
14.56 0.001661
14.57 0.001720
14.58 0.001776
14.59 0.001831
14.60 0.001882
14.61 0.001930
14.62 0.001975
14.63 0.002016
14.64 0.002055
14.65 0.002092
14.66 0.002127
14.67 0.002160
14.68 0.002189
14.69 0.002215
14.70 0.002235
14.71 0.002250
14.72 0.002261
14.73 0.002266
14.74 0.002266
14.75 0.002263
14.76 0.002259
14.77 0.002256
14.78 0.002255
14.79 0.002255
14.80 0.002258
14.81 0.002265
14.82 0.002277
14.83 0.002293
14.84 0.002311
14.85 0.002328
14.86 0.002343
14.87 0.002354
14.88 0.002360
14.89 0.002362
14.90 0.002360
14.91 0.002356
14.92 0.002350
14.93 0.002344
14.94 0.002338
14.95 0.002334
14.96 0.002331
14.97 0.002328
14.98 0.002324
14.99 0.002319
15.00 0.002311
15.01 0.002300
15.02 0.002289
15.03 0.002278
15.04 0.002272
15.05 0.002272
15.06 0.002278
15.07 0.002288
15.08 0.002302
15.09 0.002319
15.10 0.002338
15.11 0.002356
15.12 0.002372
15.13 0.002384
15.14 0.002390
15.15 0.002391
15.16 0.002386
15.17 0.002380
15.18 0.002374
15.19 0.002370
15.20 0.002369
15.21 0.002370
15.22 0.002374
15.23 0.002379
15.24 0.002387
15.25 0.002394
15.26 0.002401
15.27 0.002407
15.28 0.002414
15.29 0.002420
15.30 0.002425
15.31 0.002428
15.32 0.002428
15.33 0.002428
15.34 0.002429
15.35 0.002431
15.36 0.002436
15.37 0.002444
15.38 0.002453
15.39 0.002464
15.40 0.002474
15.41 0.002481
15.42 0.002483
15.43 0.002480
15.44 0.002471
15.45 0.002454
15.46 0.002429
15.47 0.002394
15.48 0.002351
15.49 0.002300
15.50 0.002244
15.51 0.002182
15.52 0.002115
15.53 0.002043
15.54 0.001968
15.55 0.001890
15.56 0.001812
15.57 0.001740
15.58 0.001676
15.59 0.001625
15.60 0.001586
15.61 0.001561
15.62 0.001546
15.63 0.001541
15.64 0.001542
15.65 0.001551
15.66 0.001565
15.67 0.001585
15.68 0.001608
15.69 0.001629
15.70 0.001644
15.71 0.001652
15.72 0.001651
15.73 0.001645
15.74 0.001635
15.75 0.001623
15.76 0.001607
15.77 0.001589
15.78 0.001570
15.79 0.001556
15.80 0.001548
15.81 0.001547
15.82 0.001551
15.83 0.001560
15.84 0.001570
15.85 0.001581
15.86 0.001591
15.87 0.001597
15.88 0.001598
15.89 0.001591
15.90 0.001578
15.91 0.001560
15.92 0.001536
15.93 0.001507
15.94 0.001475
15.95 0.001441
15.96 0.001410
15.97 0.001386
15.98 0.001369
15.99 0.001359
16.00 0.001354
16.01 0.001353
16.02 0.001358
16.03 0.001367
16.04 0.001381
16.05 0.001394
16.06 0.001402
16.07 0.001403
16.08 0.001398
16.09 0.001389
16.10 0.001381
16.11 0.001373
16.12 0.001366
16.13 0.001358
16.14 0.001346
16.15 0.001328
16.16 0.001303
16.17 0.001270
16.18 0.001233
16.19 0.001190
16.20 0.001141
16.21 0.001086
16.22 0.001025
16.23 0.000960
16.24 0.000894
16.25 0.000829
16.26 0.000769
16.27 0.000713
16.28 0.000660
16.29 0.000609
16.30 0.000557
16.31 0.000503
16.32 0.000446
16.33 0.000389
16.34 0.000335
16.35 0.000288
16.36 0.000248
16.37 0.000214
16.38 0.000186
16.39 0.000161
16.40 0.000139
16.41 0.000120
16.42 0.000103
16.43 0.000085
16.44 0.000065
16.45 0.000043
16.46 0.000017
16.47 -0.000012
16.48 -0.000044
16.49 -0.000077
16.50 -0.000110
16.51 -0.000141
16.52 -0.000169
16.53 -0.000193
16.54 -0.000215
16.55 -0.000232
16.56 -0.000246
16.57 -0.000254
16.58 -0.000259
16.59 -0.000259
16.60 -0.000255
16.61 -0.000249
16.62 -0.000242
16.63 -0.000234
16.64 -0.000230
16.65 -0.000229
16.66 -0.000234
16.67 -0.000243
16.68 -0.000257
16.69 -0.000275
16.70 -0.000298
16.71 -0.000326
16.72 -0.000356
16.73 -0.000387
16.74 -0.000418
16.75 -0.000447
16.76 -0.000474
16.77 -0.000497
16.78 -0.000515
16.79 -0.000528
16.80 -0.000535
16.81 -0.000535
16.82 -0.000531
16.83 -0.000522
16.84 -0.000511
16.85 -0.000501
16.86 -0.000497
16.87 -0.000501
16.88 -0.000512
16.89 -0.000530
16.90 -0.000554
16.91 -0.000581
16.92 -0.000612
16.93 -0.000643
16.94 -0.000671
16.95 -0.000696
16.96 -0.000717
16.97 -0.000737
16.98 -0.000760
16.99 -0.000788
17.00 -0.000824
17.01 -0.000866
17.02 -0.000912
17.03 -0.000959
17.04 -0.001003
17.05 -0.001044
17.06 -0.001082
17.07 -0.001116
17.08 -0.001148
17.09 -0.001178
17.10 -0.001205
17.11 -0.001228
17.12 -0.001247
17.13 -0.001261
17.14 -0.001272
17.15 -0.001282
17.16 -0.001291
17.17 -0.001300
17.18 -0.001308
17.19 -0.001313
17.20 -0.001311
17.21 -0.001301
17.22 -0.001283
17.23 -0.001259
17.24 -0.001232
17.25 -0.001205
17.26 -0.001179
17.27 -0.001154
17.28 -0.001131
17.29 -0.001108
17.30 -0.001087
17.31 -0.001069
17.32 -0.001052
17.33 -0.001036
17.34 -0.001021
17.35 -0.001007
17.36 -0.000997
17.37 -0.000992
17.38 -0.000994
17.39 -0.001002
17.40 -0.001015
17.41 -0.001034
17.42 -0.001059
17.43 -0.001091
17.44 -0.001131
17.45 -0.001176
17.46 -0.001223
17.47 -0.001271
17.48 -0.001315
17.49 -0.001356
17.50 -0.001393
17.51 -0.001427
17.52 -0.001456
17.53 -0.001477
17.54 -0.001491
17.55 -0.001496
17.56 -0.001494
17.57 -0.001487
17.58 -0.001475
17.59 -0.001461
17.60 -0.001447
17.61 -0.001434
17.62 -0.001424
17.63 -0.001421
17.64 -0.001424
17.65 -0.001435
17.66 -0.001453
17.67 -0.001475
17.68 -0.001498
17.69 -0.001520
17.70 -0.001538
17.71 -0.001553
17.72 -0.001561
17.73 -0.001562
17.74 -0.001555
17.75 -0.001544
17.76 -0.001530
17.77 -0.001519
17.78 -0.001513
17.79 -0.001513
17.80 -0.001520
17.81 -0.001536
17.82 -0.001562
17.83 -0.001595
17.84 -0.001634
17.85 -0.001680
17.86 -0.001729
17.87 -0.001780
17.88 -0.001829
17.89 -0.001873
17.90 -0.001911
17.91 -0.001943
17.92 -0.001969
17.93 -0.001990
17.94 -0.002005
17.95 -0.002014
17.96 -0.002019
17.97 -0.002019
17.98 -0.002017
17.99 -0.002011
18.00 -0.002003
18.01 -0.001994
18.02 -0.001984
18.03 -0.001975
18.04 -0.001971
18.05 -0.001973
18.06 -0.001985
18.07 -0.002005
18.08 -0.002034
18.09 -0.002068
18.10 -0.002107
18.11 -0.002149
18.12 -0.002194
18.13 -0.002238
18.14 -0.002279
18.15 -0.002315
18.16 -0.002345
18.17 -0.002369
18.18 -0.002385
18.19 -0.002392
18.20 -0.002391
18.21 -0.002380
18.22 -0.002362
18.23 -0.002338
18.24 -0.002310
18.25 -0.002283
18.26 -0.002257
18.27 -0.002234
18.28 -0.002215
18.29 -0.002200
18.30 -0.002188
18.31 -0.002181
18.32 -0.002177
18.33 -0.002178
18.34 -0.002184
18.35 -0.002196
18.36 -0.002211
18.37 -0.002228
18.38 -0.002243
18.39 -0.002254
18.40 -0.002259
18.41 -0.002258
18.42 -0.002250
18.43 -0.002237
18.44 -0.002221
18.45 -0.002201
18.46 -0.002177
18.47 -0.002149
18.48 -0.002120
18.49 -0.002091
18.50 -0.002066
18.51 -0.002044
18.52 -0.002024
18.53 -0.002007
18.54 -0.001992
18.55 -0.001978
18.56 -0.001965
18.57 -0.001951
18.58 -0.001936
18.59 -0.001919
18.60 -0.001901
18.61 -0.001882
18.62 -0.001862
18.63 -0.001842
18.64 -0.001822
18.65 -0.001801
18.66 -0.001779
18.67 -0.001756
18.68 -0.001733
18.69 -0.001708
18.70 -0.001681
18.71 -0.001653
18.72 -0.001626
18.73 -0.001599
18.74 -0.001574
18.75 -0.001551
18.76 -0.001531
18.77 -0.001513
18.78 -0.001497
18.79 -0.001484
18.80 -0.001473
18.81 -0.001465
18.82 -0.001458
18.83 -0.001453
18.84 -0.001449
18.85 -0.001446
18.86 -0.001446
18.87 -0.001446
18.88 -0.001447
18.89 -0.001447
18.90 -0.001446
18.91 -0.001443
18.92 -0.001435
18.93 -0.001421
18.94 -0.001399
18.95 -0.001369
18.96 -0.001332
18.97 -0.001289
18.98 -0.001242
18.99 -0.001192
19.00 -0.001138
19.01 -0.001083
19.02 -0.001028
19.03 -0.000973
19.04 -0.000920
19.05 -0.000868
19.06 -0.000819
19.07 -0.000774
19.08 -0.000733
19.09 -0.000695
19.10 -0.000662
19.11 -0.000633
19.12 -0.000611
19.13 -0.000595
19.14 -0.000584
19.15 -0.000577
19.16 -0.000571
19.17 -0.000564
19.18 -0.000555
19.19 -0.000543
19.20 -0.000528
19.21 -0.000511
19.22 -0.000493
19.23 -0.000472
19.24 -0.000450
19.25 -0.000425
19.26 -0.000400
19.27 -0.000378
19.28 -0.000361
19.29 -0.000350
19.30 -0.000344
19.31 -0.000342
19.32 -0.000342
19.33 -0.000342
19.34 -0.000340
19.35 -0.000335
19.36 -0.000327
19.37 -0.000315
19.38 -0.000300
19.39 -0.000284
19.40 -0.000266
19.41 -0.000250
19.42 -0.000234
19.43 -0.000221
19.44 -0.000210
19.45 -0.000200
19.46 -0.000194
19.47 -0.000190
19.48 -0.000187
19.49 -0.000185
19.50 -0.000184
19.51 -0.000185
19.52 -0.000188
19.53 -0.000194
19.54 -0.000204
19.55 -0.000218
19.56 -0.000236
19.57 -0.000260
19.58 -0.000289
19.59 -0.000321
19.60 -0.000355
19.61 -0.000388
19.62 -0.000418
19.63 -0.000442
19.64 -0.000456
19.65 -0.000457
19.66 -0.000443
19.67 -0.000415
19.68 -0.000375
19.69 -0.000326
19.70 -0.000274
19.71 -0.000222
19.72 -0.000172
19.73 -0.000126
19.74 -0.000085
19.75 -0.000049
19.76 -0.000020
19.77 0.000001
19.78 0.000016
19.79 0.000027
19.80 0.000035
19.81 0.000042
19.82 0.000048
19.83 0.000056
19.84 0.000064
19.85 0.000075
19.86 0.000089
19.87 0.000107
19.88 0.000130
19.89 0.000158
19.90 0.000189
19.91 0.000223
19.92 0.000259
19.93 0.000298
19.94 0.000340
19.95 0.000383
19.96 0.000425
19.97 0.000465
19.98 0.000503
19.99 0.000538
20.00 0.000570
20.01 0.000597
20.02 0.000619
20.03 0.000637
20.04 0.000652
20.05 0.000664
20.06 0.000674
20.07 0.000682
20.08 0.000690
20.09 0.000699
20.10 0.000710
20.11 0.000724
20.12 0.000739
20.13 0.000758
20.14 0.000779
20.15 0.000803
20.16 0.000831
20.17 0.000861
20.18 0.000891
20.19 0.000920
20.20 0.000949
20.21 0.000976
20.22 0.001003
20.23 0.001029
20.24 0.001053
20.25 0.001074
20.26 0.001093
20.27 0.001110
20.28 0.001124
20.29 0.001137
20.30 0.001151
20.31 0.001164
20.32 0.001179
20.33 0.001194
20.34 0.001209
20.35 0.001224
20.36 0.001238
20.37 0.001253
20.38 0.001268
20.39 0.001284
20.40 0.001303
20.41 0.001325
20.42 0.001351
20.43 0.001384
20.44 0.001421
20.45 0.001461
20.46 0.001502
20.47 0.001540
20.48 0.001574
20.49 0.001605
20.50 0.001631
20.51 0.001651
20.52 0.001668
20.53 0.001680
20.54 0.001691
20.55 0.001700
20.56 0.001709
20.57 0.001720
20.58 0.001733
20.59 0.001747
20.60 0.001762
20.61 0.001776
20.62 0.001789
20.63 0.001802
20.64 0.001815
20.65 0.001827
20.66 0.001839
20.67 0.001852
20.68 0.001865
20.69 0.001880
20.70 0.001895
20.71 0.001910
20.72 0.001927
20.73 0.001945
20.74 0.001964
20.75 0.001981
20.76 0.001997
20.77 0.002009
20.78 0.002017
20.79 0.002021
20.80 0.002022
20.81 0.002018
20.82 0.002013
20.83 0.002006
20.84 0.002000
20.85 0.001996
20.86 0.001993
20.87 0.001992
20.88 0.001995
20.89 0.002001
20.90 0.002012
20.91 0.002025
20.92 0.002040
20.93 0.002055
20.94 0.002071
20.95 0.002086
20.96 0.002102
20.97 0.002116
20.98 0.002130
20.99 0.002144
21.00 0.002157
21.01 0.002170
21.02 0.002183
21.03 0.002195
21.04 0.002206
21.05 0.002215
21.06 0.002222
21.07 0.002229
21.08 0.002234
21.09 0.002239
21.10 0.002243
21.11 0.002245
21.12 0.002246
21.13 0.002248
21.14 0.002251
21.15 0.002257
21.16 0.002265
21.17 0.002273
21.18 0.002280
21.19 0.002285
21.20 0.002288
21.21 0.002287
21.22 0.002282
21.23 0.002272
21.24 0.002257
21.25 0.002239
21.26 0.002218
21.27 0.002195
21.28 0.002171
21.29 0.002148
21.30 0.002127
21.31 0.002107
21.32 0.002089
21.33 0.002073
21.34 0.002060
21.35 0.002053
21.36 0.002050
21.37 0.002051
21.38 0.002057
21.39 0.002065
21.40 0.002074
21.41 0.002084
21.42 0.002091
21.43 0.002095
21.44 0.002094
21.45 0.002087
21.46 0.002074
21.47 0.002054
21.48 0.002028
21.49 0.001998
21.50 0.001964
21.51 0.001928
21.52 0.001889
21.53 0.001852
21.54 0.001816
21.55 0.001782
21.56 0.001750
21.57 0.001718
21.58 0.001688
21.59 0.001660
21.60 0.001635
21.61 0.001613
21.62 0.001593
21.63 0.001574
21.64 0.001556
21.65 0.001538
21.66 0.001518
21.67 0.001497
21.68 0.001475
21.69 0.001452
21.70 0.001430
21.71 0.001410
21.72 0.001392
21.73 0.001376
21.74 0.001362
21.75 0.001350
21.76 0.001340
21.77 0.001330
21.78 0.001320
21.79 0.001308
21.80 0.001295
21.81 0.001281
21.82 0.001265
21.83 0.001249
21.84 0.001233
21.85 0.001216
21.86 0.001199
21.87 0.001181
21.88 0.001164
21.89 0.001146
21.90 0.001128
21.91 0.001108
21.92 0.001088
21.93 0.001067
21.94 0.001046
21.95 0.001025
21.96 0.001004
21.97 0.000983
21.98 0.000961
21.99 0.000939
22.00 0.000917
22.01 0.000896
22.02 0.000874
22.03 0.000853
22.04 0.000835
22.05 0.000819
22.06 0.000805
22.07 0.000794
22.08 0.000784
22.09 0.000775
22.10 0.000767
22.11 0.000761
22.12 0.000755
22.13 0.000748
22.14 0.000742
22.15 0.000735
22.16 0.000726
22.17 0.000716
22.18 0.000705
22.19 0.000692
22.20 0.000679
22.21 0.000667
22.22 0.000658
22.23 0.000651
22.24 0.000648
22.25 0.000646
22.26 0.000644
22.27 0.000640
22.28 0.000633
22.29 0.000625
22.30 0.000613
22.31 0.000600
22.32 0.000584
22.33 0.000568
22.34 0.000551
22.35 0.000535
22.36 0.000520
22.37 0.000507
22.38 0.000498
22.39 0.000493
22.40 0.000492
22.41 0.000495
22.42 0.000499
22.43 0.000504
22.44 0.000508
22.45 0.000511
22.46 0.000512
22.47 0.000509
22.48 0.000504
22.49 0.000496
22.50 0.000486
22.51 0.000474
22.52 0.000461
22.53 0.000446
22.54 0.000431
22.55 0.000416
22.56 0.000401
22.57 0.000386
22.58 0.000371
22.59 0.000356
22.60 0.000340
22.61 0.000324
22.62 0.000306
22.63 0.000286
22.64 0.000265
22.65 0.000242
22.66 0.000218
22.67 0.000194
22.68 0.000170
22.69 0.000146
22.70 0.000123
22.71 0.000102
22.72 0.000083
22.73 0.000065
22.74 0.000048
22.75 0.000033
22.76 0.000019
22.77 0.000006
22.78 -0.000006
22.79 -0.000019
22.80 -0.000032
22.81 -0.000047
22.82 -0.000064
22.83 -0.000084
22.84 -0.000106
22.85 -0.000130
22.86 -0.000155
22.87 -0.000181
22.88 -0.000206
22.89 -0.000230
22.90 -0.000254
22.91 -0.000278
22.92 -0.000300
22.93 -0.000324
22.94 -0.000349
22.95 -0.000377
22.96 -0.000408
22.97 -0.000441
22.98 -0.000476
22.99 -0.000512
23.00 -0.000547
23.01 -0.000582
23.02 -0.000615
23.03 -0.000646
23.04 -0.000677
23.05 -0.000706
23.06 -0.000736
23.07 -0.000765
23.08 -0.000794
23.09 -0.000825
23.10 -0.000857
23.11 -0.000890
23.12 -0.000924
23.13 -0.000957
23.14 -0.000988
23.15 -0.001017
23.16 -0.001042
23.17 -0.001064
23.18 -0.001085
23.19 -0.001103
23.20 -0.001122
23.21 -0.001140
23.22 -0.001160
23.23 -0.001181
23.24 -0.001202
23.25 -0.001223
23.26 -0.001243
23.27 -0.001264
23.28 -0.001284
23.29 -0.001305
23.30 -0.001327
23.31 -0.001348
23.32 -0.001371
23.33 -0.001394
23.34 -0.001418
23.35 -0.001442
23.36 -0.001465
23.37 -0.001488
23.38 -0.001508
23.39 -0.001527
23.40 -0.001543
23.41 -0.001557
23.42 -0.001567
23.43 -0.001577
23.44 -0.001586
23.45 -0.001595
23.46 -0.001605
23.47 -0.001614
23.48 -0.001623
23.49 -0.001632
23.50 -0.001644
23.51 -0.001658
23.52 -0.001673
23.53 -0.001690
23.54 -0.001705
23.55 -0.001721
23.56 -0.001736
23.57 -0.001750
23.58 -0.001764
23.59 -0.001777
23.60 -0.001788
23.61 -0.001799
23.62 -0.001810
23.63 -0.001821
23.64 -0.001832
23.65 -0.001845
23.66 -0.001860
23.67 -0.001875
23.68 -0.001890
23.69 -0.001904
23.70 -0.001915
23.71 -0.001924
23.72 -0.001931
23.73 -0.001935
23.74 -0.001939
23.75 -0.001942
23.76 -0.001947
23.77 -0.001953
23.78 -0.001962
23.79 -0.001972
23.80 -0.001985
23.81 -0.001998
23.82 -0.002013
23.83 -0.002027
23.84 -0.002040
23.85 -0.002050
23.86 -0.002057
23.87 -0.002061
23.88 -0.002062
23.89 -0.002060
23.90 -0.002057
23.91 -0.002053
23.92 -0.002051
23.93 -0.002050
23.94 -0.002050
23.95 -0.002051
23.96 -0.002052
23.97 -0.002053
23.98 -0.002054
23.99 -0.002056
24.00 -0.002057
24.01 -0.002059
24.02 -0.002061
24.03 -0.002062
24.04 -0.002063
24.05 -0.002064
24.06 -0.002064
24.07 -0.002063
24.08 -0.002060
24.09 -0.002057
24.10 -0.002052
24.11 -0.002046
24.12 -0.002038
24.13 -0.002030
24.14 -0.002023
24.15 -0.002017
24.16 -0.002013
24.17 -0.002008
24.18 -0.002002
24.19 -0.001995
24.20 -0.001985
24.21 -0.001975
24.22 -0.001964
24.23 -0.001954
24.24 -0.001944
24.25 -0.001935
24.26 -0.001925
24.27 -0.001914
24.28 -0.001902
24.29 -0.001889
24.30 -0.001876
24.31 -0.001864
24.32 -0.001852
24.33 -0.001840
24.34 -0.001829
24.35 -0.001819
24.36 -0.001810
24.37 -0.001803
24.38 -0.001797
24.39 -0.001793
24.40 -0.001787
24.41 -0.001781
24.42 -0.001773
24.43 -0.001763
24.44 -0.001752
24.45 -0.001741
24.46 -0.001729
24.47 -0.001719
24.48 -0.001708
24.49 -0.001699
24.50 -0.001689
24.51 -0.001680
24.52 -0.001672
24.53 -0.001664
24.54 -0.001658
24.55 -0.001652
24.56 -0.001647
24.57 -0.001643
24.58 -0.001639
24.59 -0.001636
24.60 -0.001631
24.61 -0.001626
24.62 -0.001617
24.63 -0.001606
24.64 -0.001590
24.65 -0.001571
24.66 -0.001550
24.67 -0.001528
24.68 -0.001504
24.69 -0.001480
24.70 -0.001456
24.71 -0.001435
24.72 -0.001417
24.73 -0.001401
24.74 -0.001387
24.75 -0.001375
24.76 -0.001365
24.77 -0.001355
24.78 -0.001346
24.79 -0.001338
24.80 -0.001328
24.81 -0.001318
24.82 -0.001308
24.83 -0.001299
24.84 -0.001291
24.85 -0.001283
24.86 -0.001276
24.87 -0.001270
24.88 -0.001266
24.89 -0.001263
24.90 -0.001261
24.91 -0.001260
24.92 -0.001258
24.93 -0.001255
24.94 -0.001251
24.95 -0.001247
24.96 -0.001242
24.97 -0.001237
24.98 -0.001233
24.99 -0.001230
25.00 -0.001226
25.01 -0.001223
25.02 -0.001220
25.03 -0.001214
25.04 -0.001206
25.05 -0.001195
25.06 -0.001180
25.07 -0.001164
25.08 -0.001147
25.09 -0.001128
25.10 -0.001110
25.11 -0.001092
25.12 -0.001075
25.13 -0.001058
25.14 -0.001040
25.15 -0.001024
25.16 -0.001008
25.17 -0.000992
25.18 -0.000975
25.19 -0.000957
25.20 -0.000938
25.21 -0.000918
25.22 -0.000898
25.23 -0.000878
25.24 -0.000858
25.25 -0.000836
25.26 -0.000814
25.27 -0.000792
25.28 -0.000770
25.29 -0.000747
25.30 -0.000724
25.31 -0.000700
25.32 -0.000675
25.33 -0.000651
25.34 -0.000627
25.35 -0.000605
25.36 -0.000584
25.37 -0.000563
25.38 -0.000544
25.39 -0.000526
25.40 -0.000508
25.41 -0.000491
25.42 -0.000474
25.43 -0.000456
25.44 -0.000438
25.45 -0.000420
25.46 -0.000401
25.47 -0.000382
25.48 -0.000362
25.49 -0.000342
25.50 -0.000321
25.51 -0.000301
25.52 -0.000280
25.53 -0.000259
25.54 -0.000238
25.55 -0.000218
25.56 -0.000198
25.57 -0.000178
25.58 -0.000160
25.59 -0.000142
25.60 -0.000126
25.61 -0.000110
25.62 -0.000094
25.63 -0.000078
25.64 -0.000062
25.65 -0.000045
25.66 -0.000027
25.67 -0.000011
25.68 0.000005
25.69 0.000021
25.70 0.000038
25.71 0.000053
25.72 0.000068
25.73 0.000082
25.74 0.000097
25.75 0.000112
25.76 0.000129
25.77 0.000146
25.78 0.000165
25.79 0.000184
25.80 0.000204
25.81 0.000226
25.82 0.000247
25.83 0.000269
25.84 0.000292
25.85 0.000315
25.86 0.000339
25.87 0.000364
25.88 0.000391
25.89 0.000419
25.90 0.000449
25.91 0.000480
25.92 0.000511
25.93 0.000542
25.94 0.000573
25.95 0.000603
25.96 0.000633
25.97 0.000661
25.98 0.000689
25.99 0.000716
26.00 0.000743
26.01 0.000769
26.02 0.000794
26.03 0.000820
26.04 0.000847
26.05 0.000875
26.06 0.000903
26.07 0.000930
26.08 0.000956
26.09 0.000982
26.10 0.001007
26.11 0.001030
26.12 0.001051
26.13 0.001070
26.14 0.001088
26.15 0.001103
26.16 0.001117
26.17 0.001129
26.18 0.001141
26.19 0.001154
26.20 0.001170
26.21 0.001188
26.22 0.001209
26.23 0.001232
26.24 0.001257
26.25 0.001283
26.26 0.001309
26.27 0.001333
26.28 0.001357
26.29 0.001381
26.30 0.001403
26.31 0.001423
26.32 0.001443
26.33 0.001463
26.34 0.001483
26.35 0.001503
26.36 0.001523
26.37 0.001542
26.38 0.001562
26.39 0.001580
26.40 0.001597
26.41 0.001612
26.42 0.001624
26.43 0.001635
26.44 0.001646
26.45 0.001657
26.46 0.001669
26.47 0.001681
26.48 0.001692
26.49 0.001702
26.50 0.001711
26.51 0.001718
26.52 0.001725
26.53 0.001730
26.54 0.001735
26.55 0.001739
26.56 0.001744
26.57 0.001748
26.58 0.001754
26.59 0.001761
26.60 0.001768
26.61 0.001774
26.62 0.001778
26.63 0.001782
26.64 0.001785
26.65 0.001788
26.66 0.001789
26.67 0.001790
26.68 0.001792
26.69 0.001794
26.70 0.001797
26.71 0.001800
26.72 0.001804
26.73 0.001809
26.74 0.001815
26.75 0.001821
26.76 0.001827
26.77 0.001831
26.78 0.001835
26.79 0.001838
26.80 0.001840
26.81 0.001841
26.82 0.001841
26.83 0.001839
26.84 0.001837
26.85 0.001834
26.86 0.001832
26.87 0.001830
26.88 0.001829
26.89 0.001830
26.90 0.001831
26.91 0.001833
26.92 0.001834
26.93 0.001835
26.94 0.001835
26.95 0.001835
26.96 0.001834
26.97 0.001832
26.98 0.001829
26.99 0.001827
27.00 0.001825
27.01 0.001822
27.02 0.001820
27.03 0.001819
27.04 0.001819
27.05 0.001820
27.06 0.001821
27.07 0.001823
27.08 0.001825
27.09 0.001827
27.10 0.001829
27.11 0.001832
27.12 0.001834
27.13 0.001836
27.14 0.001838
27.15 0.001840
27.16 0.001842
27.17 0.001843
27.18 0.001846
27.19 0.001848
27.20 0.001851
27.21 0.001853
27.22 0.001855
27.23 0.001856
27.24 0.001857
27.25 0.001858
27.26 0.001859
27.27 0.001859
27.28 0.001859
27.29 0.001859
27.30 0.001858
27.31 0.001857
27.32 0.001854
27.33 0.001850
27.34 0.001847
27.35 0.001844
27.36 0.001841
27.37 0.001839
27.38 0.001838
27.39 0.001837
27.40 0.001836
27.41 0.001835
27.42 0.001833
27.43 0.001831
27.44 0.001829
27.45 0.001826
27.46 0.001821
27.47 0.001814
27.48 0.001806
27.49 0.001796
27.50 0.001785
27.51 0.001774
27.52 0.001762
27.53 0.001752
27.54 0.001743
27.55 0.001734
27.56 0.001726
27.57 0.001718
27.58 0.001712
27.59 0.001706
27.60 0.001700
27.61 0.001693
27.62 0.001685
27.63 0.001676
27.64 0.001665
27.65 0.001653
27.66 0.001641
27.67 0.001628
27.68 0.001615
27.69 0.001603
27.70 0.001591
27.71 0.001578
27.72 0.001566
27.73 0.001553
27.74 0.001539
27.75 0.001526
27.76 0.001512
27.77 0.001499
27.78 0.001485
27.79 0.001470
27.80 0.001455
27.81 0.001441
27.82 0.001427
27.83 0.001413
27.84 0.001401
27.85 0.001391
27.86 0.001381
27.87 0.001372
27.88 0.001362
27.89 0.001352
27.90 0.001342
27.91 0.001331
27.92 0.001319
27.93 0.001306
27.94 0.001291
27.95 0.001276
27.96 0.001260
27.97 0.001245
27.98 0.001230
27.99 0.001215
28.00 0.001201
28.01 0.001186
28.02 0.001171
28.03 0.001155
28.04 0.001140
28.05 0.001126
28.06 0.001111
28.07 0.001096
28.08 0.001083
28.09 0.001070
28.10 0.001056
28.11 0.001042
28.12 0.001026
28.13 0.001008
28.14 0.000989
28.15 0.000969
28.16 0.000948
28.17 0.000925
28.18 0.000903
28.19 0.000882
28.20 0.000862
28.21 0.000844
28.22 0.000829
28.23 0.000816
28.24 0.000804
28.25 0.000793
28.26 0.000780
28.27 0.000766
28.28 0.000752
28.29 0.000737
28.30 0.000721
28.31 0.000704
28.32 0.000686
28.33 0.000667
28.34 0.000649
28.35 0.000630
28.36 0.000611
28.37 0.000592
28.38 0.000571
28.39 0.000549
28.40 0.000525
28.41 0.000499
28.42 0.000472
28.43 0.000444
28.44 0.000417
28.45 0.000390
28.46 0.000362
28.47 0.000336
28.48 0.000309
28.49 0.000284
28.50 0.000259
28.51 0.000234
28.52 0.000210
28.53 0.000187
28.54 0.000163
28.55 0.000141
28.56 0.000119
28.57 0.000098
28.58 0.000077
28.59 0.000056
28.60 0.000036
28.61 0.000014
28.62 -0.000008
28.63 -0.000032
28.64 -0.000057
28.65 -0.000084
28.66 -0.000110
28.67 -0.000138
28.68 -0.000165
28.69 -0.000191
28.70 -0.000216
28.71 -0.000241
28.72 -0.000267
28.73 -0.000293
28.74 -0.000319
28.75 -0.000345
28.76 -0.000372
28.77 -0.000398
28.78 -0.000424
28.79 -0.000449
28.80 -0.000472
28.81 -0.000494
28.82 -0.000514
28.83 -0.000533
28.84 -0.000551
28.85 -0.000569
28.86 -0.000588
28.87 -0.000607
28.88 -0.000626
28.89 -0.000645
28.90 -0.000664
28.91 -0.000684
28.92 -0.000703
28.93 -0.000722
28.94 -0.000740
28.95 -0.000758
28.96 -0.000775
28.97 -0.000792
28.98 -0.000808
28.99 -0.000823
29.00 -0.000837
29.01 -0.000851
29.02 -0.000864
29.03 -0.000877
29.04 -0.000888
29.05 -0.000898
29.06 -0.000908
29.07 -0.000918
29.08 -0.000929
29.09 -0.000942
29.10 -0.000956
29.11 -0.000971
29.12 -0.000987
29.13 -0.001005
29.14 -0.001023
29.15 -0.001042
29.16 -0.001062
29.17 -0.001083
29.18 -0.001105
29.19 -0.001126
29.20 -0.001147
29.21 -0.001167
29.22 -0.001184
29.23 -0.001199
29.24 -0.001213
29.25 -0.001224
29.26 -0.001236
29.27 -0.001249
29.28 -0.001263
29.29 -0.001278
29.30 -0.001293
29.31 -0.001310
29.32 -0.001326
29.33 -0.001342
29.34 -0.001357
29.35 -0.001371
29.36 -0.001386
29.37 -0.001399
29.38 -0.001413
29.39 -0.001425
29.40 -0.001437
29.41 -0.001449
29.42 -0.001460
29.43 -0.001471
29.44 -0.001479
29.45 -0.001487
29.46 -0.001496
29.47 -0.001505
29.48 -0.001515
29.49 -0.001526
29.50 -0.001537
29.51 -0.001549
29.52 -0.001563
29.53 -0.001579
29.54 -0.001595
29.55 -0.001611
29.56 -0.001627
29.57 -0.001641
29.58 -0.001654
29.59 -0.001666
29.60 -0.001678
29.61 -0.001688
29.62 -0.001697
29.63 -0.001706
29.64 -0.001714
29.65 -0.001720
29.66 -0.001725
29.67 -0.001729
29.68 -0.001733
29.69 -0.001736
29.70 -0.001740
29.71 -0.001744
29.72 -0.001750
29.73 -0.001758
29.74 -0.001766
29.75 -0.001775
29.76 -0.001785
29.77 -0.001795
29.78 -0.001805
29.79 -0.001814
29.80 -0.001821
29.81 -0.001825
29.82 -0.001828
29.83 -0.001831
29.84 -0.001833
29.85 -0.001835
29.86 -0.001838
29.87 -0.001839
29.88 -0.001841
29.89 -0.001843
29.90 -0.001846
29.91 -0.001849
29.92 -0.001852
29.93 -0.001854
29.94 -0.001855
29.95 -0.001856
29.96 -0.001856
29.97 -0.001858
29.98 -0.001859
29.99 -0.001860
30.00 -0.001861
30.01 -0.001862
30.02 -0.001864
30.03 -0.001865
30.04 -0.001867
30.05 -0.001869
30.06 -0.001871
30.07 -0.001874
30.08 -0.001878
30.09 -0.001882
30.10 -0.001886
30.11 -0.001891
30.12 -0.001897
30.13 -0.001901
30.14 -0.001906
30.15 -0.001909
30.16 -0.001912
30.17 -0.001915
30.18 -0.001918
30.19 -0.001921
30.20 -0.001924
30.21 -0.001926
30.22 -0.001927
30.23 -0.001928
30.24 -0.001928
30.25 -0.001927
30.26 -0.001924
30.27 -0.001920
30.28 -0.001916
30.29 -0.001910
30.30 -0.001904
30.31 -0.001899
30.32 -0.001894
30.33 -0.001889
30.34 -0.001885
30.35 -0.001880
30.36 -0.001875
30.37 -0.001869
30.38 -0.001863
30.39 -0.001856
30.40 -0.001848
30.41 -0.001841
30.42 -0.001834
30.43 -0.001829
30.44 -0.001824
30.45 -0.001819
30.46 -0.001814
30.47 -0.001809
30.48 -0.001802
30.49 -0.001794
30.50 -0.001784
30.51 -0.001773
30.52 -0.001761
30.53 -0.001748
30.54 -0.001734
30.55 -0.001720
30.56 -0.001706
30.57 -0.001692
30.58 -0.001678
30.59 -0.001663
30.60 -0.001649
30.61 -0.001636
30.62 -0.001623
30.63 -0.001611
30.64 -0.001599
30.65 -0.001586
30.66 -0.001574
30.67 -0.001561
30.68 -0.001549
30.69 -0.001536
30.70 -0.001523
30.71 -0.001509
30.72 -0.001496
30.73 -0.001481
30.74 -0.001467
30.75 -0.001452
30.76 -0.001437
30.77 -0.001421
30.78 -0.001406
30.79 -0.001392
30.80 -0.001378
30.81 -0.001365
30.82 -0.001352
30.83 -0.001339
30.84 -0.001327
30.85 -0.001314
30.86 -0.001302
30.87 -0.001289
30.88 -0.001275
30.89 -0.001259
30.90 -0.001243
30.91 -0.001228
30.92 -0.001212
30.93 -0.001197
30.94 -0.001181
30.95 -0.001167
30.96 -0.001153
30.97 -0.001140
30.98 -0.001128
30.99 -0.001116
31.00 -0.001104
31.01 -0.001092
31.02 -0.001080
31.03 -0.001067
31.04 -0.001052
31.05 -0.001036
31.06 -0.001019
31.07 -0.001002
31.08 -0.000985
31.09 -0.000968
31.10 -0.000951
31.11 -0.000935
31.12 -0.000918
31.13 -0.000901
31.14 -0.000884
31.15 -0.000867
31.16 -0.000850
31.17 -0.000832
31.18 -0.000814
31.19 -0.000796
31.20 -0.000778
31.21 -0.000758
31.22 -0.000738
31.23 -0.000716
31.24 -0.000694
31.25 -0.000671
31.26 -0.000648
31.27 -0.000626
31.28 -0.000605
31.29 -0.000584
31.30 -0.000565
31.31 -0.000546
31.32 -0.000528
31.33 -0.000511
31.34 -0.000494
31.35 -0.000476
31.36 -0.000459
31.37 -0.000441
31.38 -0.000422
31.39 -0.000403
31.40 -0.000384
31.41 -0.000366
31.42 -0.000348
31.43 -0.000331
31.44 -0.000315
31.45 -0.000299
31.46 -0.000282
31.47 -0.000265
31.48 -0.000246
31.49 -0.000227
31.50 -0.000206
31.51 -0.000184
31.52 -0.000162
31.53 -0.000140
31.54 -0.000118
31.55 -0.000097
31.56 -0.000077
31.57 -0.000058
31.58 -0.000039
31.59 -0.000021
31.60 -0.000003
31.61 0.000015
31.62 0.000033
31.63 0.000052
31.64 0.000071
31.65 0.000092
31.66 0.000112
31.67 0.000133
31.68 0.000154
31.69 0.000175
31.70 0.000196
31.71 0.000217
31.72 0.000238
31.73 0.000259
31.74 0.000281
31.75 0.000303
31.76 0.000325
31.77 0.000347
31.78 0.000369
31.79 0.000390
31.80 0.000411
31.81 0.000431
31.82 0.000450
31.83 0.000467
31.84 0.000484
31.85 0.000499
31.86 0.000514
31.87 0.000528
31.88 0.000542
31.89 0.000556
31.90 0.000570
31.91 0.000586
31.92 0.000602
31.93 0.000620
31.94 0.000638
31.95 0.000656
31.96 0.000675
31.97 0.000693
31.98 0.000711
31.99 0.000728
32.00 0.000745
32.01 0.000760
32.02 0.000776
32.03 0.000790
32.04 0.000804
32.05 0.000817
32.06 0.000830
32.07 0.000843
32.08 0.000857
32.09 0.000872
32.10 0.000887
32.11 0.000904
32.12 0.000920
32.13 0.000937
32.14 0.000955
32.15 0.000975
32.16 0.000995
32.17 0.001016
32.18 0.001037
32.19 0.001058
32.20 0.001078
32.21 0.001098
32.22 0.001118
32.23 0.001139
32.24 0.001159
32.25 0.001179
32.26 0.001199
32.27 0.001218
32.28 0.001236
32.29 0.001255
32.30 0.001275
32.31 0.001294
32.32 0.001312
32.33 0.001329
32.34 0.001346
32.35 0.001362
32.36 0.001378
32.37 0.001393
32.38 0.001407
32.39 0.001419
32.40 0.001431
32.41 0.001442
32.42 0.001454
32.43 0.001465
32.44 0.001477
32.45 0.001489
32.46 0.001502
32.47 0.001515
32.48 0.001528
32.49 0.001541
32.50 0.001555
32.51 0.001570
32.52 0.001584
32.53 0.001597
32.54 0.001609
32.55 0.001622
32.56 0.001635
32.57 0.001648
32.58 0.001659
32.59 0.001669
32.60 0.001679
32.61 0.001689
32.62 0.001698
32.63 0.001708
32.64 0.001719
32.65 0.001730
32.66 0.001742
32.67 0.001754
32.68 0.001766
32.69 0.001780
32.70 0.001793
32.71 0.001806
32.72 0.001818
32.73 0.001828
32.74 0.001838
32.75 0.001846
32.76 0.001853
32.77 0.001858
32.78 0.001862
32.79 0.001865
32.80 0.001867
32.81 0.001868
32.82 0.001869
32.83 0.001870
32.84 0.001872
32.85 0.001875
32.86 0.001878
32.87 0.001881
32.88 0.001886
32.89 0.001891
32.90 0.001897
32.91 0.001903
32.92 0.001909
32.93 0.001916
32.94 0.001924
32.95 0.001931
32.96 0.001937
32.97 0.001941
32.98 0.001944
32.99 0.001945
33.00 0.001943
33.01 0.001939
33.02 0.001934
33.03 0.001927
33.04 0.001919
33.05 0.001913
33.06 0.001907
33.07 0.001901
33.08 0.001897
33.09 0.001894
33.10 0.001891
33.11 0.001890
33.12 0.001888
33.13 0.001885
33.14 0.001881
33.15 0.001876
33.16 0.001870
33.17 0.001863
33.18 0.001854
33.19 0.001844
33.20 0.001833
33.21 0.001821
33.22 0.001808
33.23 0.001797
33.24 0.001787
33.25 0.001780
33.26 0.001776
33.27 0.001772
33.28 0.001770
33.29 0.001769
33.30 0.001768
33.31 0.001768
33.32 0.001768
33.33 0.001766
33.34 0.001765
33.35 0.001762
33.36 0.001759
33.37 0.001755
33.38 0.001752
33.39 0.001749
33.40 0.001746
33.41 0.001742
33.42 0.001739
33.43 0.001735
33.44 0.001730
33.45 0.001725
33.46 0.001720
33.47 0.001713
33.48 0.001705
33.49 0.001697
33.50 0.001688
33.51 0.001678
33.52 0.001669
33.53 0.001659
33.54 0.001650
33.55 0.001642
33.56 0.001634
33.57 0.001626
33.58 0.001618
33.59 0.001610
33.60 0.001602
33.61 0.001592
33.62 0.001582
33.63 0.001571
33.64 0.001560
33.65 0.001548
33.66 0.001536
33.67 0.001525
33.68 0.001514
33.69 0.001504
33.70 0.001495
33.71 0.001487
33.72 0.001479
33.73 0.001470
33.74 0.001462
33.75 0.001453
33.76 0.001444
33.77 0.001434
33.78 0.001423
33.79 0.001411
33.80 0.001398
33.81 0.001386
33.82 0.001372
33.83 0.001358
33.84 0.001344
33.85 0.001330
33.86 0.001316
33.87 0.001301
33.88 0.001287
33.89 0.001272
33.90 0.001257
33.91 0.001241
33.92 0.001225
33.93 0.001210
33.94 0.001194
33.95 0.001179
33.96 0.001163
33.97 0.001148
33.98 0.001132
33.99 0.001117
34.00 0.001102
34.01 0.001087
34.02 0.001071
34.03 0.001056
34.04 0.001039
34.05 0.001021
34.06 0.001001
34.07 0.000981
34.08 0.000959
34.09 0.000938
34.10 0.000917
34.11 0.000898
34.12 0.000879
34.13 0.000861
34.14 0.000844
34.15 0.000827
34.16 0.000809
34.17 0.000790
34.18 0.000771
34.19 0.000751
34.20 0.000731
34.21 0.000711
34.22 0.000691
34.23 0.000671
34.24 0.000651
34.25 0.000632
34.26 0.000612
34.27 0.000593
34.28 0.000572
34.29 0.000549
34.30 0.000526
34.31 0.000501
34.32 0.000475
34.33 0.000450
34.34 0.000425
34.35 0.000402
34.36 0.000379
34.37 0.000358
34.38 0.000337
34.39 0.000318
34.40 0.000299
34.41 0.000281
34.42 0.000263
34.43 0.000245
34.44 0.000227
34.45 0.000208
34.46 0.000190
34.47 0.000172
34.48 0.000155
34.49 0.000138
34.50 0.000121
34.51 0.000105
34.52 0.000089
34.53 0.000072
34.54 0.000056
34.55 0.000040
34.56 0.000025
34.57 0.000010
34.58 -0.000004
34.59 -0.000019
34.60 -0.000032
34.61 -0.000045
34.62 -0.000057
34.63 -0.000069
34.64 -0.000081
34.65 -0.000095
34.66 -0.000109
34.67 -0.000124
34.68 -0.000140
34.69 -0.000157
34.70 -0.000175
34.71 -0.000193
34.72 -0.000212
34.73 -0.000231
34.74 -0.000250
34.75 -0.000270
34.76 -0.000291
34.77 -0.000312
34.78 -0.000333
34.79 -0.000353
34.80 -0.000374
34.81 -0.000394
34.82 -0.000414
34.83 -0.000435
34.84 -0.000455
34.85 -0.000475
34.86 -0.000494
34.87 -0.000513
34.88 -0.000533
34.89 -0.000552
34.90 -0.000572
34.91 -0.000591
34.92 -0.000610
34.93 -0.000631
34.94 -0.000652
34.95 -0.000673
34.96 -0.000695
34.97 -0.000718
34.98 -0.000740
34.99 -0.000762
35.00 -0.000783
35.01 -0.000803
35.02 -0.000824
35.03 -0.000845
35.04 -0.000866
35.05 -0.000887
35.06 -0.000908
35.07 -0.000929
35.08 -0.000950
35.09 -0.000970
35.10 -0.000990
35.11 -0.001008
35.12 -0.001026
35.13 -0.001042
35.14 -0.001059
35.15 -0.001075
35.16 -0.001091
35.17 -0.001108
35.18 -0.001125
35.19 -0.001142
35.20 -0.001160
35.21 -0.001178
35.22 -0.001196
35.23 -0.001215
35.24 -0.001233
35.25 -0.001252
35.26 -0.001269
35.27 -0.001286
35.28 -0.001302
35.29 -0.001317
35.30 -0.001332
35.31 -0.001346
35.32 -0.001361
35.33 -0.001376
35.34 -0.001390
35.35 -0.001406
35.36 -0.001421
35.37 -0.001436
35.38 -0.001451
35.39 -0.001465
35.40 -0.001478
35.41 -0.001490
35.42 -0.001502
35.43 -0.001513
35.44 -0.001524
35.45 -0.001534
35.46 -0.001544
35.47 -0.001554
35.48 -0.001564
35.49 -0.001573
35.50 -0.001583
35.51 -0.001592
35.52 -0.001601
35.53 -0.001611
35.54 -0.001621
35.55 -0.001631
35.56 -0.001640
35.57 -0.001649
35.58 -0.001657
35.59 -0.001663
35.60 -0.001667
35.61 -0.001671
35.62 -0.001675
35.63 -0.001679
35.64 -0.001683
35.65 -0.001686
35.66 -0.001688
35.67 -0.001691
35.68 -0.001693
35.69 -0.001696
35.70 -0.001699
35.71 -0.001701
35.72 -0.001704
35.73 -0.001706
35.74 -0.001708
35.75 -0.001709
35.76 -0.001710
35.77 -0.001711
35.78 -0.001712
35.79 -0.001714
35.80 -0.001715
35.81 -0.001717
35.82 -0.001719
35.83 -0.001722
35.84 -0.001724
35.85 -0.001726
35.86 -0.001727
35.87 -0.001730
35.88 -0.001732
35.89 -0.001735
35.90 -0.001738
35.91 -0.001741
35.92 -0.001743
35.93 -0.001745
35.94 -0.001746
35.95 -0.001748
35.96 -0.001750
35.97 -0.001752
35.98 -0.001755
35.99 -0.001757
36.00 -0.001760
36.01 -0.001763
36.02 -0.001767
36.03 -0.001770
36.04 -0.001774
36.05 -0.001778
36.06 -0.001783
36.07 -0.001787
36.08 -0.001792
36.09 -0.001796
36.10 -0.001799
36.11 -0.001802
36.12 -0.001803
36.13 -0.001804
36.14 -0.001804
36.15 -0.001804
36.16 -0.001803
36.17 -0.001802
36.18 -0.001799
36.19 -0.001796
36.20 -0.001792
36.21 -0.001789
36.22 -0.001787
36.23 -0.001784
36.24 -0.001782
36.25 -0.001781
36.26 -0.001779
36.27 -0.001778
36.28 -0.001777
36.29 -0.001777
36.30 -0.001776
36.31 -0.001775
36.32 -0.001774
36.33 -0.001771
36.34 -0.001768
36.35 -0.001764
36.36 -0.001760
36.37 -0.001756
36.38 -0.001751
36.39 -0.001745
36.40 -0.001737
36.41 -0.001729
36.42 -0.001719
36.43 -0.001709
36.44 -0.001699
36.45 -0.001688
36.46 -0.001678
36.47 -0.001668
36.48 -0.001658
36.49 -0.001648
36.50 -0.001638
36.51 -0.001628
36.52 -0.001620
36.53 -0.001612
36.54 -0.001603
36.55 -0.001593
36.56 -0.001584
36.57 -0.001574
36.58 -0.001565
36.59 -0.001555
36.60 -0.001546
36.61 -0.001537
36.62 -0.001527
36.63 -0.001516
36.64 -0.001504
36.65 -0.001492
36.66 -0.001480
36.67 -0.001468
36.68 -0.001458
36.69 -0.001447
36.70 -0.001437
36.71 -0.001427
36.72 -0.001418
36.73 -0.001408
36.74 -0.001398
36.75 -0.001389
36.76 -0.001380
36.77 -0.001370
36.78 -0.001361
36.79 -0.001351
36.80 -0.001340
36.81 -0.001330
36.82 -0.001320
36.83 -0.001309
36.84 -0.001298
36.85 -0.001286
36.86 -0.001273
36.87 -0.001261
36.88 -0.001249
36.89 -0.001237
36.90 -0.001225
36.91 -0.001213
36.92 -0.001201
36.93 -0.001190
36.94 -0.001179
36.95 -0.001168
36.96 -0.001158
36.97 -0.001148
36.98 -0.001137
36.99 -0.001126
37.00 -0.001113
37.01 -0.001099
37.02 -0.001085
37.03 -0.001070
37.04 -0.001054
37.05 -0.001038
37.06 -0.001022
37.07 -0.001006
37.08 -0.000989
37.09 -0.000972
37.10 -0.000956
37.11 -0.000940
37.12 -0.000924
37.13 -0.000908
37.14 -0.000890
37.15 -0.000872
37.16 -0.000854
37.17 -0.000836
37.18 -0.000817
37.19 -0.000798
37.20 -0.000777
37.21 -0.000757
37.22 -0.000735
37.23 -0.000712
37.24 -0.000689
37.25 -0.000665
37.26 -0.000641
37.27 -0.000616
37.28 -0.000592
37.29 -0.000568
37.30 -0.000544
37.31 -0.000521
37.32 -0.000497
37.33 -0.000473
37.34 -0.000450
37.35 -0.000427
37.36 -0.000404
37.37 -0.000382
37.38 -0.000360
37.39 -0.000338
37.40 -0.000316
37.41 -0.000293
37.42 -0.000271
37.43 -0.000248
37.44 -0.000224
37.45 -0.000201
37.46 -0.000178
37.47 -0.000155
37.48 -0.000133
37.49 -0.000111
37.50 -0.000091
37.51 -0.000070
37.52 -0.000049
37.53 -0.000028
37.54 -0.000008
37.55 0.000013
37.56 0.000033
37.57 0.000053
37.58 0.000072
37.59 0.000092
37.60 0.000111
37.61 0.000129
37.62 0.000146
37.63 0.000163
37.64 0.000180
37.65 0.000196
37.66 0.000212
37.67 0.000228
37.68 0.000246
37.69 0.000264
37.70 0.000283
37.71 0.000302
37.72 0.000322
37.73 0.000341
37.74 0.000361
37.75 0.000380
37.76 0.000399
37.77 0.000417
37.78 0.000435
37.79 0.000453
37.80 0.000471
37.81 0.000489
37.82 0.000507
37.83 0.000526
37.84 0.000545
37.85 0.000564
37.86 0.000582
37.87 0.000600
37.88 0.000618
37.89 0.000635
37.90 0.000652
37.91 0.000668
37.92 0.000684
37.93 0.000700
37.94 0.000715
37.95 0.000731
37.96 0.000747
37.97 0.000763
37.98 0.000777
37.99 0.000793
38.00 0.000808
38.01 0.000824
38.02 0.000840
38.03 0.000855
38.04 0.000870
38.05 0.000886
38.06 0.000901
38.07 0.000915
38.08 0.000929
38.09 0.000942
38.10 0.000954
38.11 0.000967
38.12 0.000979
38.13 0.000991
38.14 0.001004
38.15 0.001018
38.16 0.001032
38.17 0.001046
38.18 0.001061
38.19 0.001076
38.20 0.001091
38.21 0.001106
38.22 0.001120
38.23 0.001134
38.24 0.001147
38.25 0.001161
38.26 0.001174
38.27 0.001186
38.28 0.001199
38.29 0.001211
38.30 0.001224
38.31 0.001237
38.32 0.001250
38.33 0.001263
38.34 0.001275
38.35 0.001288
38.36 0.001299
38.37 0.001310
38.38 0.001321
38.39 0.001331
38.40 0.001341
38.41 0.001352
38.42 0.001363
38.43 0.001374
38.44 0.001385
38.45 0.001396
38.46 0.001408
38.47 0.001419
38.48 0.001431
38.49 0.001443
38.50 0.001455
38.51 0.001466
38.52 0.001477
38.53 0.001488
38.54 0.001498
38.55 0.001509
38.56 0.001519
38.57 0.001530
38.58 0.001540
38.59 0.001551
38.60 0.001562
38.61 0.001574
38.62 0.001585
38.63 0.001596
38.64 0.001606
38.65 0.001616
38.66 0.001626
38.67 0.001635
38.68 0.001644
38.69 0.001653
38.70 0.001661
38.71 0.001668
38.72 0.001675
38.73 0.001683
38.74 0.001691
38.75 0.001698
38.76 0.001706
38.77 0.001712
38.78 0.001719
38.79 0.001725
38.80 0.001732
38.81 0.001738
38.82 0.001744
38.83 0.001750
38.84 0.001756
38.85 0.001762
38.86 0.001768
38.87 0.001774
38.88 0.001780
38.89 0.001786
38.90 0.001791
38.91 0.001796
38.92 0.001801
38.93 0.001804
38.94 0.001807
38.95 0.001810
38.96 0.001812
38.97 0.001813
38.98 0.001815
38.99 0.001817
39.00 0.001818
39.01 0.001819
39.02 0.001819
39.03 0.001819
39.04 0.001820
39.05 0.001820
39.06 0.001820
39.07 0.001820
39.08 0.001820
39.09 0.001820
39.10 0.001820
39.11 0.001820
39.12 0.001820
39.13 0.001819
39.14 0.001819
39.15 0.001819
39.16 0.001818
39.17 0.001817
39.18 0.001816
39.19 0.001814
39.20 0.001812
39.21 0.001810
39.22 0.001806
39.23 0.001802
39.24 0.001799
39.25 0.001795
39.26 0.001791
39.27 0.001787
39.28 0.001782
39.29 0.001777
39.30 0.001772
39.31 0.001767
39.32 0.001761
39.33 0.001755
39.34 0.001749
39.35 0.001743
39.36 0.001737
39.37 0.001730
39.38 0.001723
39.39 0.001716
39.40 0.001709
39.41 0.001702
39.42 0.001694
39.43 0.001686
39.44 0.001678
39.45 0.001669
39.46 0.001660
39.47 0.001651
39.48 0.001642
39.49 0.001633
39.50 0.001623
39.51 0.001614
39.52 0.001605
39.53 0.001595
39.54 0.001585
39.55 0.001576
39.56 0.001566
39.57 0.001556
39.58 0.001546
39.59 0.001536
39.60 0.001526
39.61 0.001515
39.62 0.001505
39.63 0.001494
39.64 0.001483
39.65 0.001472
39.66 0.001461
39.67 0.001449
39.68 0.001438
39.69 0.001426
39.70 0.001414
39.71 0.001401
39.72 0.001389
39.73 0.001376
39.74 0.001363
39.75 0.001351
39.76 0.001338
39.77 0.001325
39.78 0.001312
39.79 0.001299
39.80 0.001286
39.81 0.001272
39.82 0.001259
39.83 0.001245
39.84 0.001232
39.85 0.001218
39.86 0.001204
39.87 0.001190
39.88 0.001175
39.89 0.001161
39.90 0.001146
39.91 0.001131
39.92 0.001116
39.93 0.001101
39.94 0.001086
39.95 0.001071
39.96 0.001055
39.97 0.001040
39.98 0.001025
39.99 0.001009
40.00 0.000993
