Time Accel
0.00 0.00
0.01 0.05
0.02 0.10
0.03 0.15
0.04 0.20
0.05 0.15
0.06 0.16
0.07 0.17
0.08 0.18
0.09 0.19
0.10 0.20
0.11 0.20
0.12 0.21
0.13 0.22
0.14 0.23
0.15 0.24
0.16 0.24
0.17 0.25
0.18 0.26
0.19 0.26
0.20 0.27
0.21 0.27
0.22 0.28
0.23 0.28
0.24 0.29
0.25 0.29
0.26 0.29
0.27 0.30
0.28 0.30
0.29 0.30
0.30 0.30
0.31 0.30
0.32 0.30
0.33 0.30
0.34 0.30
0.35 0.30
0.36 0.29
0.37 0.29
0.38 0.29
0.39 0.29
0.40 0.28
0.41 0.28
0.42 0.27
0.43 0.27
0.44 0.26
0.45 0.26
0.46 0.25
0.47 0.24
0.48 0.24
0.49 0.23
0.50 0.22
0.51 0.21
0.52 0.20
0.53 0.19
0.54 0.19
0.55 0.18
0.56 0.17
0.57 0.16
0.58 0.15
0.59 0.14
0.60 0.13
0.61 0.12
0.62 0.11
0.63 0.10
0.64 0.09
0.65 0.08
0.66 0.07
0.67 0.06
0.68 0.05
0.69 0.04
0.70 0.03
0.71 0.02
0.72 0.01
0.73 0.00
0.74 -0.01
0.75 -0.01
0.76 -0.02
0.77 -0.03
0.78 -0.04
0.79 -0.04
0.80 -0.05
0.81 -0.06
0.82 -0.06
0.83 -0.07
0.84 -0.07
0.85 -0.08
0.86 -0.08
0.87 -0.09
0.88 -0.09
0.89 -0.09
0.90 -0.10
0.91 -0.10
0.92 -0.10
0.93 -0.10
0.94 -0.10
0.95 -0.10
0.96 -0.10
0.97 -0.10
0.98 -0.10
0.99 -0.09
1.00 -0.09
1.01 -0.09
1.02 -0.09
1.03 -0.08
1.04 -0.08
1.05 -0.07
1.06 -0.07
1.07 -0.06
1.08 -0.05
1.09 -0.05
1.10 -0.04
1.11 -0.03
1.12 -0.03
1.13 -0.02
1.14 -0.01
1.15 -0.00
1.16 0.01
1.17 0.02
1.18 0.03
1.19 0.03
1.20 0.04
1.21 0.05
1.22 0.06
1.23 0.07
1.24 0.08
1.25 0.09
1.26 0.10
1.27 0.11
1.28 0.12
1.29 0.13
1.30 0.14
1.31 0.15
1.32 0.16
1.33 0.17
1.34 0.18
1.35 0.19
1.36 0.20
1.37 0.21
1.38 0.22
1.39 0.22
1.40 0.23
1.41 0.24
1.42 0.25
1.43 0.25
1.44 0.26
1.45 0.26
1.46 0.27
1.47 0.28
1.48 0.28
1.49 0.28
1.50 0.29
1.51 0.29
1.52 0.29
1.53 0.30
1.54 0.30
1.55 0.30
1.56 0.30
1.57 0.30
1.58 0.30
1.59 0.30
1.60 0.30
1.61 0.30
1.62 0.29
1.63 0.29
1.64 0.29
1.65 0.28
1.66 0.28
1.67 0.28
1.68 0.27
1.69 0.27
1.70 0.26
1.71 0.25
1.72 0.25
1.73 0.24
1.74 0.23
1.75 0.22
1.76 0.22
1.77 0.21
1.78 0.20
1.79 0.19
1.80 0.18
1.81 0.17
1.82 0.16
1.83 0.15
1.84 0.14
1.85 0.13
1.86 0.12
1.87 0.11
1.88 0.10
1.89 0.09
1.90 0.08
1.91 0.08
1.92 0.07
1.93 0.06
1.94 0.05
1.95 0.04
1.96 0.03
1.97 0.02
1.98 0.01
1.99 -0.00
2.00 -0.01
2.01 -0.02
2.02 -0.03
2.03 -0.03
2.04 -0.04
2.05 -0.05
2.06 -0.05
2.07 -0.06
2.08 -0.07
2.09 -0.07
2.10 -0.08
2.11 -0.08
2.12 -0.08
2.13 -0.09
2.14 -0.09
2.15 -0.09
2.16 -0.10
2.17 -0.10
2.18 -0.10
2.19 -0.10
2.20 -0.10
2.21 -0.10
2.22 -0.10
2.23 -0.10
2.24 -0.10
2.25 -0.09
2.26 -0.09
2.27 -0.09
2.28 -0.08
2.29 -0.08
2.30 -0.08
2.31 -0.07
2.32 -0.06
2.33 -0.06
2.34 -0.05
2.35 -0.05
2.36 -0.04
2.37 -0.03
2.38 -0.02
2.39 -0.02
2.40 -0.01
2.41 0.00
2.42 0.01
2.43 0.02
2.44 0.03
2.45 0.04
2.46 0.05
2.47 0.06
2.48 0.07
2.49 0.08
2.50 0.09
2.51 0.10
2.52 0.11
2.53 0.12
2.54 0.13
2.55 0.14
2.56 0.15
2.57 0.16
2.58 0.17
2.59 0.17
2.60 0.18
2.61 0.19
2.62 0.20
2.63 0.21
2.64 0.22
2.65 0.23
2.66 0.23
2.67 0.24
2.68 0.25
2.69 0.25
2.70 0.26
2.71 0.27
2.72 0.27
2.73 0.28
2.74 0.28
2.75 0.29
2.76 0.29
2.77 0.29
2.78 0.29
2.79 0.30
2.80 0.30
2.81 0.30
2.82 0.30
2.83 0.30
2.84 0.30
2.85 0.30
2.86 0.30
2.87 0.30
2.88 0.29
2.89 0.29
2.90 0.29
2.91 0.28
2.92 0.28
2.93 0.27
2.94 0.27
2.95 0.26
2.96 0.26
2.97 0.25
2.98 0.24
2.99 0.24
3.00 0.23
3.01 0.22
3.02 0.21
3.03 0.21
3.04 0.20
3.05 0.19
3.06 0.18
3.07 0.17
3.08 0.16
3.09 0.15
3.10 0.14
3.11 0.13
3.12 0.12
3.13 0.11
3.14 0.10
3.15 0.09
3.16 0.08
3.17 0.07
3.18 0.06
3.19 0.05
3.20 0.04
3.21 0.03
3.22 0.02
3.23 0.01
3.24 0.01
3.25 -0.00
3.26 -0.01
3.27 -0.02
3.28 -0.03
3.29 -0.04
3.30 -0.04
3.31 -0.05
3.32 -0.06
3.33 -0.06
3.34 -0.07
3.35 -0.07
3.36 -0.08
3.37 -0.08
3.38 -0.09
3.39 -0.09
3.40 -0.09
3.41 -0.09
3.42 -0.10
3.43 -0.10
3.44 -0.10
3.45 -0.10
3.46 -0.10
3.47 -0.10
3.48 -0.10
3.49 -0.10
3.50 -0.10
3.51 -0.09
3.52 -0.09
3.53 -0.09
3.54 -0.08
3.55 -0.08
3.56 -0.07
3.57 -0.07
3.58 -0.06
3.59 -0.06
3.60 -0.05
3.61 -0.04
3.62 -0.04
3.63 -0.03
3.64 -0.02
3.65 -0.01
3.66 -0.00
3.67 0.00
3.68 0.01
3.69 0.02
3.70 0.03
3.71 0.04
3.72 0.05
3.73 0.06
3.74 0.07
3.75 0.08
3.76 0.09
3.77 0.10
3.78 0.11
3.79 0.12
3.80 0.13
3.81 0.14
3.82 0.15
3.83 0.16
3.84 0.17
3.85 0.18
3.86 0.19
3.87 0.20
3.88 0.20
3.89 0.21
3.90 0.22
3.91 0.23
3.92 0.24
3.93 0.24
3.94 0.25
3.95 0.26
3.96 0.26
3.97 0.27
3.98 0.27
3.99 0.28
4.00 0.28
4.01 0.29
4.02 0.29
4.03 0.29
4.04 0.30
4.05 0.30
4.06 0.30
4.07 0.30
4.08 0.30
4.09 0.30
4.10 0.30
4.11 0.30
4.12 0.30
4.13 0.29
4.14 0.29
4.15 0.29
4.16 0.29
4.17 0.28
4.18 0.28
4.19 0.27
4.20 0.27
4.21 0.26
4.22 0.26
4.23 0.25
4.24 0.24
4.25 0.24
4.26 0.23
4.27 0.22
4.28 0.21
4.29 0.20
4.30 0.19
4.31 0.19
4.32 0.18
4.33 0.17
4.34 0.16
4.35 0.15
4.36 0.14
4.37 0.13
4.38 0.12
4.39 0.11
4.40 0.10
4.41 0.09
4.42 0.08
4.43 0.07
4.44 0.06
4.45 0.05
4.46 0.04
4.47 0.03
4.48 0.02
4.49 0.01
4.50 0.00
4.51 -0.01
4.52 -0.01
4.53 -0.02
4.54 -0.03
4.55 -0.04
4.56 -0.04
4.57 -0.05
4.58 -0.06
4.59 -0.06
4.60 -0.07
4.61 -0.07
4.62 -0.08
4.63 -0.08
4.64 -0.09
4.65 -0.09
4.66 -0.09
4.67 -0.10
4.68 -0.10
4.69 -0.10
4.70 -0.10
4.71 -0.10
4.72 -0.10
4.73 -0.10
4.74 -0.10
4.75 -0.10
4.76 -0.09
4.77 -0.09
4.78 -0.09
4.79 -0.09
4.80 -0.08
4.81 -0.08
4.82 -0.07
4.83 -0.07
4.84 -0.06
4.85 -0.05
4.86 -0.05
4.87 -0.04
4.88 -0.03
4.89 -0.03
4.90 -0.02
4.91 -0.01
4.92 -0.00
4.93 0.01
4.94 0.02
4.95 0.03
4.96 0.03
4.97 0.04
4.98 0.05
4.99 0.06
5.00 0.07
5.01 0.08
5.02 0.09
5.03 0.10
5.04 0.11
5.05 0.12
5.06 0.13
5.07 0.14
5.08 0.15
5.09 0.16
5.10 0.17
5.11 0.18
5.12 0.19
5.13 0.20
5.14 0.21
5.15 0.22
5.16 0.22
5.17 0.23
5.18 0.24
5.19 0.25
5.20 0.25
5.21 0.26
5.22 0.26
5.23 0.27
5.24 0.28
5.25 0.28
5.26 0.28
5.27 0.29
5.28 0.29
5.29 0.29
5.30 0.30
5.31 0.30
5.32 0.30
5.33 0.30
5.34 0.30
5.35 0.30
5.36 0.30
5.37 0.30
5.38 0.30
5.39 0.29
5.40 0.29
5.41 0.29
5.42 0.28
5.43 0.28
5.44 0.28
5.45 0.27
5.46 0.27
5.47 0.26
5.48 0.25
5.49 0.25
5.50 0.24
5.51 0.23
5.52 0.22
5.53 0.22
5.54 0.21
5.55 0.20
5.56 0.19
5.57 0.18
5.58 0.17
5.59 0.16
5.60 0.15
5.61 0.14
5.62 0.13
5.63 0.12
5.64 0.11
5.65 0.10
5.66 0.09
5.67 0.08
5.68 0.07
5.69 0.07
5.70 0.06
5.71 0.05
5.72 0.04
5.73 0.03
5.74 0.02
5.75 0.01
5.76 -0.00
5.77 -0.01
5.78 -0.02
5.79 -0.03
5.80 -0.03
5.81 -0.04
5.82 -0.05
5.83 -0.05
5.84 -0.06
5.85 -0.07
5.86 -0.07
5.87 -0.08
5.88 -0.08
5.89 -0.08
5.90 -0.09
5.91 -0.09
5.92 -0.09
5.93 -0.10
5.94 -0.10
5.95 -0.10
5.96 -0.10
5.97 -0.10
5.98 -0.10
5.99 -0.10
6.00 -0.10
6.01 -0.10
6.02 -0.09
6.03 -0.09
6.04 -0.09
6.05 -0.08
6.06 -0.08
6.07 -0.08
6.08 -0.07
6.09 -0.06
6.10 -0.06
6.11 -0.05
6.12 -0.05
6.13 -0.04
6.14 -0.03
6.15 -0.02
6.16 -0.02
6.17 -0.01
6.18 0.00
6.19 0.01
6.20 0.02
6.21 0.03
6.22 0.04
6.23 0.05
6.24 0.06
6.25 0.07
6.26 0.08
6.27 0.09
6.28 0.10
6.29 0.11
6.30 0.12
6.31 0.13
6.32 0.14
6.33 0.15
6.34 0.16
6.35 0.17
6.36 0.17
6.37 0.18
6.38 0.19
6.39 0.20
6.40 0.21
6.41 0.22
6.42 0.23
6.43 0.23
6.44 0.24
6.45 0.25
6.46 0.25
6.47 0.26
6.48 0.27
6.49 0.27
6.50 0.28
6.51 0.28
6.52 0.29
6.53 0.29
6.54 0.29
6.55 0.29
6.56 0.30
6.57 0.30
6.58 0.30
6.59 0.30
6.60 0.30
6.61 0.30
6.62 0.30
6.63 0.30
6.64 0.30
6.65 0.29
6.66 0.29
6.67 0.29
6.68 0.28
6.69 0.28
6.70 0.27
6.71 0.27
6.72 0.26
6.73 0.26
6.74 0.25
6.75 0.24
6.76 0.24
6.77 0.23
6.78 0.22
6.79 0.21
6.80 0.21
6.81 0.20
6.82 0.19
6.83 0.18
6.84 0.17
6.85 0.16
6.86 0.15
6.87 0.14
6.88 0.13
6.89 0.12
6.90 0.11
6.91 0.10
6.92 0.09
6.93 0.08
6.94 0.07
6.95 0.06
6.96 0.05
6.97 0.04
6.98 0.03
6.99 0.02
7.00 0.01
7.01 0.01
7.02 -0.00
7.03 -0.01
7.04 -0.02
7.05 -0.03
7.06 -0.04
7.07 -0.04
7.08 -0.05
7.09 -0.06
7.10 -0.06
7.11 -0.07
7.12 -0.07
7.13 -0.08
7.14 -0.08
7.15 -0.09
7.16 -0.09
7.17 -0.09
7.18 -0.09
7.19 -0.10
7.20 -0.10
7.21 -0.10
7.22 -0.10
7.23 -0.10
7.24 -0.10
7.25 -0.10
7.26 -0.10
7.27 -0.10
7.28 -0.09
7.29 -0.09
7.30 -0.09
7.31 -0.08
7.32 -0.08
7.33 -0.07
7.34 -0.07
7.35 -0.06
7.36 -0.06
7.37 -0.05
7.38 -0.04
7.39 -0.04
7.40 -0.03
7.41 -0.02
7.42 -0.01
7.43 -0.00
7.44 0.00
7.45 0.01
7.46 0.02
7.47 0.03
7.48 0.04
7.49 0.05
7.50 0.06
7.51 0.07
7.52 0.08
7.53 0.09
7.54 0.10
7.55 0.11
7.56 0.12
7.57 0.13
7.58 0.14
7.59 0.15
7.60 0.16
7.61 0.17
7.62 0.18
7.63 0.19
7.64 0.20
7.65 0.20
7.66 0.21
7.67 0.22
7.68 0.23
7.69 0.24
7.70 0.24
7.71 0.25
7.72 0.26
7.73 0.26
7.74 0.27
7.75 0.27
7.76 0.28
7.77 0.28
7.78 0.29
7.79 0.29
7.80 0.29
7.81 0.30
7.82 0.30
7.83 0.30
7.84 0.30
7.85 0.30
7.86 0.30
7.87 0.30
7.88 0.30
7.89 0.30
7.90 0.29
7.91 0.29
7.92 0.29
7.93 0.29
7.94 0.28
7.95 0.28
7.96 0.27
7.97 0.27
7.98 0.26
7.99 0.26
8.00 0.25
8.01 0.24
8.02 0.23
8.03 0.23
8.04 0.22
8.05 0.21
8.06 0.20
8.07 0.19
8.08 0.19
8.09 0.18
8.10 0.17
8.11 0.16
8.12 0.15
8.13 0.14
8.14 0.13
8.15 0.12
8.16 0.11
8.17 0.10
8.18 0.09
8.19 0.08
8.20 0.07
8.21 0.06
8.22 0.05
8.23 0.04
8.24 0.03
8.25 0.02
8.26 0.01
8.27 0.00
8.28 -0.01
8.29 -0.01
8.30 -0.02
8.31 -0.03
8.32 -0.04
8.33 -0.04
8.34 -0.05
8.35 -0.06
8.36 -0.06
8.37 -0.07
8.38 -0.07
8.39 -0.08
8.40 -0.08
8.41 -0.09
8.42 -0.09
8.43 -0.09
8.44 -0.10
8.45 -0.10
8.46 -0.10
8.47 -0.10
8.48 -0.10
8.49 -0.10
8.50 -0.10
8.51 -0.10
8.52 -0.10
8.53 -0.09
8.54 -0.09
8.55 -0.09
8.56 -0.09
8.57 -0.08
8.58 -0.08
8.59 -0.07
8.60 -0.07
8.61 -0.06
8.62 -0.05
8.63 -0.05
8.64 -0.04
8.65 -0.03
8.66 -0.03
8.67 -0.02
8.68 -0.01
8.69 -0.00
8.70 0.01
8.71 0.02
8.72 0.03
8.73 0.03
8.74 0.04
8.75 0.05
8.76 0.06
8.77 0.07
8.78 0.08
8.79 0.09
8.80 0.10
8.81 0.11
8.82 0.12
8.83 0.13
8.84 0.14
8.85 0.15
8.86 0.16
8.87 0.17
8.88 0.18
8.89 0.19
8.90 0.20
8.91 0.21
8.92 0.22
8.93 0.22
8.94 0.23
8.95 0.24
8.96 0.25
8.97 0.25
8.98 0.26
8.99 0.26
9.00 0.27
9.01 0.28
9.02 0.28
9.03 0.28
9.04 0.29
9.05 0.29
9.06 0.29
9.07 0.30
9.08 0.30
9.09 0.30
9.10 0.30
9.11 0.30
9.12 0.30
9.13 0.30
9.14 0.30
9.15 0.30
9.16 0.29
9.17 0.29
9.18 0.29
9.19 0.28
9.20 0.28
9.21 0.28
9.22 0.27
9.23 0.27
9.24 0.26
9.25 0.25
9.26 0.25
9.27 0.24
9.28 0.23
9.29 0.22
9.30 0.22
9.31 0.21
9.32 0.20
9.33 0.19
9.34 0.18
9.35 0.17
9.36 0.16
9.37 0.15
9.38 0.14
9.39 0.13
9.40 0.12
9.41 0.11
9.42 0.10
9.43 0.09
9.44 0.08
9.45 0.07
9.46 0.06
9.47 0.06
9.48 0.05
9.49 0.04
9.50 0.03
9.51 0.02
9.52 0.01
9.53 -0.00
9.54 -0.01
9.55 -0.02
9.56 -0.03
9.57 -0.03
9.58 -0.04
9.59 -0.05
9.60 -0.05
9.61 -0.06
9.62 -0.07
9.63 -0.07
9.64 -0.08
9.65 -0.08
9.66 -0.08
9.67 -0.09
9.68 -0.09
9.69 -0.09
9.70 -0.10
9.71 -0.10
9.72 -0.10
9.73 -0.10
9.74 -0.10
9.75 -0.10
9.76 -0.10
9.77 -0.10
9.78 -0.10
9.79 -0.09
9.80 -0.09
9.81 -0.09
9.82 -0.08
9.83 -0.08
9.84 -0.08
9.85 -0.07
9.86 -0.06
9.87 -0.06
9.88 -0.05
9.89 -0.05
9.90 -0.04
9.91 -0.03
9.92 -0.02
9.93 -0.02
9.94 -0.01
9.95 0.00
9.96 0.01
9.97 0.02
9.98 0.03
9.99 0.04
10.00 0.05
10.01 0.06
10.02 0.07
10.03 0.08
10.04 0.09
10.05 0.10
10.06 0.11
10.07 0.12
10.08 0.13
10.09 0.14
10.10 0.15
10.11 0.16
10.12 0.17
10.13 0.18
10.14 0.18
10.15 0.19
10.16 0.20
10.17 0.21
10.18 0.22
10.19 0.23
10.20 0.23
10.21 0.24
10.22 0.25
10.23 0.25
10.24 0.26
10.25 0.27
10.26 0.27
10.27 0.28
10.28 0.28
10.29 0.29
10.30 0.29
10.31 0.29
10.32 0.29
10.33 0.30
10.34 0.30
10.35 0.30
10.36 0.30
10.37 0.30
10.38 0.30
10.39 0.30
10.40 0.30
10.41 0.30
10.42 0.29
10.43 0.29
10.44 0.29
10.45 0.28
10.46 0.28
10.47 0.27
10.48 0.27
10.49 0.26
10.50 0.26
10.51 0.25
10.52 0.24
10.53 0.24
10.54 0.23
10.55 0.22
10.56 0.21
10.57 0.21
10.58 0.20
10.59 0.19
10.60 0.18
10.61 0.17
10.62 0.16
10.63 0.15
10.64 0.14
10.65 0.13
10.66 0.12
10.67 0.11
10.68 0.10
10.69 0.09
10.70 0.08
10.71 0.07
10.72 0.06
10.73 0.05
10.74 0.04
10.75 0.03
10.76 0.02
10.77 0.01
10.78 0.01
10.79 -0.00
10.80 -0.01
10.81 -0.02
10.82 -0.03
10.83 -0.04
10.84 -0.04
10.85 -0.05
10.86 -0.06
10.87 -0.06
10.88 -0.07
10.89 -0.07
10.90 -0.08
10.91 -0.08
10.92 -0.09
10.93 -0.09
10.94 -0.09
10.95 -0.09
10.96 -0.10
10.97 -0.10
10.98 -0.10
10.99 -0.10
11.00 -0.10
11.01 -0.10
11.02 -0.10
11.03 -0.10
11.04 -0.10
11.05 -0.09
11.06 -0.09
11.07 -0.09
11.08 -0.08
11.09 -0.08
11.10 -0.07
11.11 -0.07
11.12 -0.06
11.13 -0.06
11.14 -0.05
11.15 -0.04
11.16 -0.04
11.17 -0.03
11.18 -0.02
11.19 -0.01
11.20 -0.00
11.21 0.00
11.22 0.01
11.23 0.02
11.24 0.03
11.25 0.04
11.26 0.05
11.27 0.06
11.28 0.07
11.29 0.08
11.30 0.09
11.31 0.10
11.32 0.11
11.33 0.12
11.34 0.13
11.35 0.14
11.36 0.15
11.37 0.16
11.38 0.17
11.39 0.18
11.40 0.19
11.41 0.20
11.42 0.20
11.43 0.21
11.44 0.22
11.45 0.23
11.46 0.24
11.47 0.24
11.48 0.25
11.49 0.26
11.50 0.26
11.51 0.27
11.52 0.27
11.53 0.28
11.54 0.28
11.55 0.29
11.56 0.29
11.57 0.29
11.58 0.30
11.59 0.30
11.60 0.30
11.61 0.30
11.62 0.30
11.63 0.30
11.64 0.30
11.65 0.30
11.66 0.30
11.67 0.29
11.68 0.29
11.69 0.29
11.70 0.29
11.71 0.28
11.72 0.28
11.73 0.27
11.74 0.27
11.75 0.26
11.76 0.26
11.77 0.25
11.78 0.24
11.79 0.23
11.80 0.23
11.81 0.22
11.82 0.21
11.83 0.20
11.84 0.19
11.85 0.19
11.86 0.18
11.87 0.17
11.88 0.16
11.89 0.15
11.90 0.14
11.91 0.13
11.92 0.12
11.93 0.11
11.94 0.10
11.95 0.09
11.96 0.08
11.97 0.07
11.98 0.06
11.99 0.05
12.00 0.04
12.01 0.03
12.02 0.02
12.03 0.01
12.04 0.00
12.05 -0.01
12.06 -0.01
12.07 -0.02
12.08 -0.03
12.09 -0.04
12.10 -0.04
12.11 -0.05
12.12 -0.06
12.13 -0.06
12.14 -0.07
12.15 -0.07
12.16 -0.08
12.17 -0.08
12.18 -0.09
12.19 -0.09
12.20 -0.09
12.21 -0.10
12.22 -0.10
12.23 -0.10
12.24 -0.10
12.25 -0.10
12.26 -0.10
12.27 -0.10
12.28 -0.10
12.29 -0.10
12.30 -0.09
12.31 -0.09
12.32 -0.09
12.33 -0.09
12.34 -0.08
12.35 -0.08
12.36 -0.07
12.37 -0.07
12.38 -0.06
12.39 -0.05
12.40 -0.05
12.41 -0.04
12.42 -0.03
12.43 -0.03
12.44 -0.02
12.45 -0.01
12.46 -0.00
12.47 0.01
12.48 0.02
12.49 0.03
12.50 0.03
12.51 0.04
12.52 0.05
12.53 0.06
12.54 0.07
12.55 0.08
12.56 0.09
12.57 0.10
12.58 0.11
12.59 0.12
12.60 0.13
12.61 0.14
12.62 0.15
12.63 0.16
12.64 0.17
12.65 0.18
12.66 0.19
12.67 0.20
12.68 0.21
12.69 0.22
12.70 0.22
12.71 0.23
12.72 0.24
12.73 0.25
12.74 0.25
12.75 0.26
12.76 0.26
12.77 0.27
12.78 0.28
12.79 0.28
12.80 0.28
12.81 0.29
12.82 0.29
12.83 0.29
12.84 0.30
12.85 0.30
12.86 0.30
12.87 0.30
12.88 0.30
12.89 0.30
12.90 0.30
12.91 0.30
12.92 0.30
12.93 0.29
12.94 0.29
12.95 0.29
12.96 0.28
12.97 0.28
12.98 0.28
12.99 0.27
13.00 0.27
13.01 0.26
13.02 0.25
13.03 0.25
13.04 0.24
13.05 0.23
13.06 0.22
13.07 0.22
13.08 0.21
13.09 0.20
13.10 0.19
13.11 0.18
13.12 0.17
13.13 0.16
13.14 0.15
13.15 0.14
13.16 0.13
13.17 0.12
13.18 0.11
13.19 0.10
13.20 0.09
13.21 0.08
13.22 0.07
13.23 0.06
13.24 0.06
13.25 0.05
13.26 0.04
13.27 0.03
13.28 0.02
13.29 0.01
13.30 -0.00
13.31 -0.01
13.32 -0.02
13.33 -0.03
13.34 -0.03
13.35 -0.04
13.36 -0.05
13.37 -0.05
13.38 -0.06
13.39 -0.07
13.40 -0.07
13.41 -0.08
13.42 -0.08
13.43 -0.08
13.44 -0.09
13.45 -0.09
13.46 -0.09
13.47 -0.10
13.48 -0.10
13.49 -0.10
13.50 -0.10
13.51 -0.10
13.52 -0.10
13.53 -0.10
13.54 -0.10
13.55 -0.10
13.56 -0.09
13.57 -0.09
13.58 -0.09
13.59 -0.08
13.60 -0.08
13.61 -0.07
13.62 -0.07
13.63 -0.06
13.64 -0.06
13.65 -0.05
13.66 -0.05
13.67 -0.04
13.68 -0.03
13.69 -0.02
13.70 -0.02
13.71 -0.01
13.72 0.00
13.73 0.01
13.74 0.02
13.75 0.03
13.76 0.04
13.77 0.05
13.78 0.06
13.79 0.07
13.80 0.08
13.81 0.09
13.82 0.10
13.83 0.11
13.84 0.12
13.85 0.13
13.86 0.14
13.87 0.15
13.88 0.16
13.89 0.17
13.90 0.18
13.91 0.18
13.92 0.19
13.93 0.20
13.94 0.21
13.95 0.22
13.96 0.23
13.97 0.23
13.98 0.24
13.99 0.25
14.00 0.25
14.01 0.26
14.02 0.27
14.03 0.27
14.04 0.28
14.05 0.28
14.06 0.29
14.07 0.29
14.08 0.29
14.09 0.29
14.10 0.30
14.11 0.30
14.12 0.30
14.13 0.30
14.14 0.30
14.15 0.30
14.16 0.30
14.17 0.30
14.18 0.30
14.19 0.29
14.20 0.29
14.21 0.29
14.22 0.28
14.23 0.28
14.24 0.27
14.25 0.27
14.26 0.26
14.27 0.26
14.28 0.25
14.29 0.24
14.30 0.24
14.31 0.23
14.32 0.22
14.33 0.21
14.34 0.21
14.35 0.20
14.36 0.19
14.37 0.18
14.38 0.17
14.39 0.16
14.40 0.15
14.41 0.14
14.42 0.13
14.43 0.12
14.44 0.11
14.45 0.10
14.46 0.09
14.47 0.08
14.48 0.07
14.49 0.06
14.50 0.05
14.51 0.04
14.52 0.03
14.53 0.02
14.54 0.01
14.55 0.01
14.56 -0.00
14.57 -0.01
14.58 -0.02
14.59 -0.03
14.60 -0.04
14.61 -0.04
14.62 -0.05
14.63 -0.06
14.64 -0.06
14.65 -0.07
14.66 -0.07
14.67 -0.08
14.68 -0.08
14.69 -0.09
14.70 -0.09
14.71 -0.09
14.72 -0.09
14.73 -0.10
14.74 -0.10
14.75 -0.10
14.76 -0.10
14.77 -0.10
14.78 -0.10
14.79 -0.10
14.80 -0.10
14.81 -0.10
14.82 -0.09
14.83 -0.09
14.84 -0.09
14.85 -0.08
14.86 -0.08
14.87 -0.07
14.88 -0.07
14.89 -0.06
14.90 -0.06
14.91 -0.05
14.92 -0.04
14.93 -0.04
14.94 -0.03
14.95 -0.02
14.96 -0.01
14.97 -0.00
14.98 0.00
14.99 0.01
15.00 0.02
15.01 0.03
15.02 0.04
15.03 0.05
15.04 0.06
15.05 0.07
15.06 0.08
15.07 0.09
15.08 0.10
15.09 0.11
15.10 0.12
15.11 0.13
15.12 0.14
15.13 0.15
15.14 0.16
15.15 0.17
15.16 0.18
15.17 0.19
15.18 0.20
15.19 0.20
15.20 0.21
15.21 0.22
15.22 0.23
15.23 0.24
15.24 0.24
15.25 0.25
15.26 0.26
15.27 0.26
15.28 0.27
15.29 0.27
15.30 0.28
15.31 0.28
15.32 0.29
15.33 0.29
15.34 0.29
15.35 0.30
15.36 0.30
15.37 0.30
15.38 0.30
15.39 0.30
15.40 0.30
15.41 0.30
15.42 0.30
15.43 0.30
15.44 0.29
15.45 0.29
15.46 0.29
15.47 0.29
15.48 0.28
15.49 0.28
15.50 0.27
15.51 0.27
15.52 0.26
15.53 0.26
15.54 0.25
15.55 0.24
15.56 0.23
15.57 0.23
15.58 0.22
15.59 0.21
15.60 0.20
15.61 0.19
15.62 0.19
15.63 0.18
15.64 0.17
15.65 0.16
15.66 0.15
15.67 0.14
15.68 0.13
15.69 0.12
15.70 0.11
15.71 0.10
15.72 0.09
15.73 0.08
15.74 0.07
15.75 0.06
15.76 0.05
15.77 0.04
15.78 0.03
15.79 0.02
15.80 0.01
15.81 0.00
15.82 -0.01
15.83 -0.01
15.84 -0.02
15.85 -0.03
15.86 -0.04
15.87 -0.04
15.88 -0.05
15.89 -0.06
15.90 -0.06
15.91 -0.07
15.92 -0.07
15.93 -0.08
15.94 -0.08
15.95 -0.09
15.96 -0.09
15.97 -0.09
15.98 -0.10
15.99 -0.10
16.00 -0.10
16.01 -0.10
16.02 -0.10
16.03 -0.10
16.04 -0.10
16.05 -0.10
16.06 -0.10
16.07 -0.09
16.08 -0.09
16.09 -0.09
16.10 -0.09
16.11 -0.08
16.12 -0.08
16.13 -0.07
16.14 -0.07
16.15 -0.06
16.16 -0.05
16.17 -0.05
16.18 -0.04
16.19 -0.03
16.20 -0.03
16.21 -0.02
16.22 -0.01
16.23 -0.00
16.24 0.01
16.25 0.02
16.26 0.03
16.27 0.03
16.28 0.04
16.29 0.05
16.30 0.06
16.31 0.07
16.32 0.08
16.33 0.09
16.34 0.10
16.35 0.11
16.36 0.12
16.37 0.13
16.38 0.14
16.39 0.15
16.40 0.16
16.41 0.17
16.42 0.18
16.43 0.19
16.44 0.20
16.45 0.21
16.46 0.22
16.47 0.22
16.48 0.23
16.49 0.24
16.50 0.25
16.51 0.25
16.52 0.26
16.53 0.26
16.54 0.27
16.55 0.28
16.56 0.28
16.57 0.28
16.58 0.29
16.59 0.29
16.60 0.29
16.61 0.30
16.62 0.30
16.63 0.30
16.64 0.30
16.65 0.30
16.66 0.30
16.67 0.30
16.68 0.30
16.69 0.30
16.70 0.29
16.71 0.29
16.72 0.29
16.73 0.28
16.74 0.28
16.75 0.28
16.76 0.27
16.77 0.27
16.78 0.26
16.79 0.25
16.80 0.25
16.81 0.24
16.82 0.23
16.83 0.22
16.84 0.22
16.85 0.21
16.86 0.20
16.87 0.19
16.88 0.18
16.89 0.17
16.90 0.16
16.91 0.15
16.92 0.14
16.93 0.13
16.94 0.12
16.95 0.11
16.96 0.10
16.97 0.09
16.98 0.08
16.99 0.07
17.00 0.06
17.01 0.05
17.02 0.05
17.03 0.04
17.04 0.03
17.05 0.02
17.06 0.01
17.07 -0.00
17.08 -0.01
17.09 -0.02
17.10 -0.03
17.11 -0.03
17.12 -0.04
17.13 -0.05
17.14 -0.05
17.15 -0.06
17.16 -0.07
17.17 -0.07
17.18 -0.08
17.19 -0.08
17.20 -0.08
17.21 -0.09
17.22 -0.09
17.23 -0.09
17.24 -0.10
17.25 -0.10
17.26 -0.10
17.27 -0.10
17.28 -0.10
17.29 -0.10
17.30 -0.10
17.31 -0.10
17.32 -0.10
17.33 -0.09
17.34 -0.09
17.35 -0.09
17.36 -0.08
17.37 -0.08
17.38 -0.07
17.39 -0.07
17.40 -0.06
17.41 -0.06
17.42 -0.05
17.43 -0.05
17.44 -0.04
17.45 -0.03
17.46 -0.02
17.47 -0.02
17.48 -0.01
17.49 0.00
17.50 0.01
17.51 0.02
17.52 0.03
17.53 0.04
17.54 0.05
17.55 0.06
17.56 0.07
17.57 0.08
17.58 0.09
17.59 0.10
17.60 0.11
17.61 0.12
17.62 0.13
17.63 0.14
17.64 0.15
17.65 0.16
17.66 0.17
17.67 0.18
17.68 0.18
17.69 0.19
17.70 0.20
17.71 0.21
17.72 0.22
17.73 0.23
17.74 0.23
17.75 0.24
17.76 0.25
17.77 0.25
17.78 0.26
17.79 0.27
17.80 0.27
17.81 0.28
17.82 0.28
17.83 0.29
17.84 0.29
17.85 0.29
17.86 0.29
17.87 0.30
17.88 0.30
17.89 0.30
17.90 0.30
17.91 0.30
17.92 0.30
17.93 0.30
17.94 0.30
17.95 0.30
17.96 0.29
17.97 0.29
17.98 0.29
17.99 0.28
18.00 0.28
18.01 0.27
18.02 0.27
18.03 0.26
18.04 0.26
18.05 0.25
18.06 0.24
18.07 0.24
18.08 0.23
18.09 0.22
18.10 0.21
18.11 0.21
18.12 0.20
18.13 0.19
18.14 0.18
18.15 0.17
18.16 0.16
18.17 0.15
18.18 0.14
18.19 0.13
18.20 0.12
18.21 0.11
18.22 0.10
18.23 0.09
18.24 0.08
18.25 0.07
18.26 0.06
18.27 0.05
18.28 0.04
18.29 0.03
18.30 0.02
18.31 0.01
18.32 0.01
18.33 -0.00
18.34 -0.01
18.35 -0.02
18.36 -0.03
18.37 -0.04
18.38 -0.04
18.39 -0.05
18.40 -0.06
18.41 -0.06
18.42 -0.07
18.43 -0.07
18.44 -0.08
18.45 -0.08
18.46 -0.09
18.47 -0.09
18.48 -0.09
18.49 -0.09
18.50 -0.10
18.51 -0.10
18.52 -0.10
18.53 -0.10
18.54 -0.10
18.55 -0.10
18.56 -0.10
18.57 -0.10
18.58 -0.10
18.59 -0.09
18.60 -0.09
18.61 -0.09
18.62 -0.08
18.63 -0.08
18.64 -0.07
18.65 -0.07
18.66 -0.06
18.67 -0.06
18.68 -0.05
18.69 -0.04
18.70 -0.04
18.71 -0.03
18.72 -0.02
18.73 -0.01
18.74 -0.00
18.75 0.00
18.76 0.01
18.77 0.02
18.78 0.03
18.79 0.04
18.80 0.05
18.81 0.06
18.82 0.07
18.83 0.08
18.84 0.09
18.85 0.10
18.86 0.11
18.87 0.12
18.88 0.13
18.89 0.14
18.90 0.15
18.91 0.16
18.92 0.17
18.93 0.18
18.94 0.19
18.95 0.20
18.96 0.20
18.97 0.21
18.98 0.22
18.99 0.23
19.00 0.24
19.01 0.24
19.02 0.25
19.03 0.26
19.04 0.26
19.05 0.27
19.06 0.27
19.07 0.28
19.08 0.28
19.09 0.29
19.10 0.29
19.11 0.29
19.12 0.30
19.13 0.30
19.14 0.30
19.15 0.30
19.16 0.30
19.17 0.30
19.18 0.30
19.19 0.30
19.20 0.30
19.21 0.29
19.22 0.29
19.23 0.29
19.24 0.29
19.25 0.28
19.26 0.28
19.27 0.27
19.28 0.27
19.29 0.26
19.30 0.26
19.31 0.25
19.32 0.24
19.33 0.23
19.34 0.23
19.35 0.22
19.36 0.21
19.37 0.20
19.38 0.19
19.39 0.19
19.40 0.18
19.41 0.17
19.42 0.16
19.43 0.15
19.44 0.14
19.45 0.13
19.46 0.12
19.47 0.11
19.48 0.10
19.49 0.09
19.50 0.08
19.51 0.07
19.52 0.06
19.53 0.05
19.54 0.04
19.55 0.03
19.56 0.02
19.57 0.01
19.58 0.00
19.59 -0.01
19.60 -0.01
19.61 -0.02
19.62 -0.03
19.63 -0.04
19.64 -0.04
19.65 -0.05
19.66 -0.06
19.67 -0.06
19.68 -0.07
19.69 -0.07
19.70 -0.08
19.71 -0.08
19.72 -0.09
19.73 -0.09
19.74 -0.09
19.75 -0.10
19.76 -0.10
19.77 -0.10
19.78 -0.10
19.79 -0.10
19.80 -0.10
19.81 -0.10
19.82 -0.10
19.83 -0.10
19.84 -0.09
19.85 -0.09
19.86 -0.09
19.87 -0.08
19.88 -0.08
19.89 -0.08
19.90 -0.07
19.91 -0.07
19.92 -0.06
19.93 -0.05
19.94 -0.05
19.95 -0.04
19.96 -0.03
19.97 -0.03
19.98 -0.02
19.99 -0.01
20.00 -0.00
20.01 0.01
20.02 0.02
20.03 0.03
20.04 0.04
20.05 0.04
20.06 0.05
20.07 0.06
20.08 0.07
20.09 0.08
20.10 0.09
20.11 0.10
20.12 0.11
20.13 0.12
20.14 0.13
20.15 0.14
20.16 0.15
20.17 0.16
20.18 0.17
20.19 0.18
20.20 0.19
20.21 0.20
20.22 0.21
20.23 0.22
20.24 0.22
20.25 0.23
20.26 0.24
20.27 0.25
20.28 0.25
20.29 0.26
20.30 0.26
20.31 0.27
20.32 0.28
20.33 0.28
20.34 0.28
20.35 0.29
20.36 0.29
20.37 0.29
20.38 0.30
20.39 0.30
20.40 0.30
20.41 0.30
20.42 0.30
20.43 0.30
20.44 0.30
20.45 0.30
20.46 0.30
20.47 0.29
20.48 0.29
20.49 0.29
20.50 0.28
20.51 0.28
20.52 0.28
20.53 0.27
20.54 0.27
20.55 0.26
20.56 0.25
20.57 0.25
20.58 0.24
20.59 0.23
20.60 0.22
20.61 0.22
20.62 0.21
20.63 0.20
20.64 0.19
20.65 0.18
20.66 0.17
20.67 0.16
20.68 0.15
20.69 0.14
20.70 0.13
20.71 0.12
20.72 0.11
20.73 0.10
20.74 0.09
20.75 0.08
20.76 0.07
20.77 0.06
20.78 0.05
20.79 0.05
20.80 0.04
20.81 0.03
20.82 0.02
20.83 0.01
20.84 -0.00
20.85 -0.01
20.86 -0.02
20.87 -0.03
20.88 -0.03
20.89 -0.04
20.90 -0.05
20.91 -0.05
20.92 -0.06
20.93 -0.07
20.94 -0.07
20.95 -0.08
20.96 -0.08
20.97 -0.08
20.98 -0.09
20.99 -0.09
21.00 -0.09
21.01 -0.10
21.02 -0.10
21.03 -0.10
21.04 -0.10
21.05 -0.10
21.06 -0.10
21.07 -0.10
21.08 -0.10
21.09 -0.10
21.10 -0.09
21.11 -0.09
21.12 -0.09
21.13 -0.08
21.14 -0.08
21.15 -0.07
21.16 -0.07
21.17 -0.06
21.18 -0.06
21.19 -0.05
21.20 -0.05
21.21 -0.04
21.22 -0.03
21.23 -0.02
21.24 -0.02
21.25 -0.01
21.26 0.00
21.27 0.01
21.28 0.02
21.29 0.03
21.30 0.04
21.31 0.05
21.32 0.06
21.33 0.07
21.34 0.08
21.35 0.09
21.36 0.10
21.37 0.11
21.38 0.12
21.39 0.13
21.40 0.14
21.41 0.15
21.42 0.16
21.43 0.17
21.44 0.18
21.45 0.18
21.46 0.19
21.47 0.20
21.48 0.21
21.49 0.22
21.50 0.23
21.51 0.23
21.52 0.24
21.53 0.25
21.54 0.25
21.55 0.26
21.56 0.27
21.57 0.27
21.58 0.28
21.59 0.28
21.60 0.29
21.61 0.29
21.62 0.29
21.63 0.29
21.64 0.30
21.65 0.30
21.66 0.30
21.67 0.30
21.68 0.30
21.69 0.30
21.70 0.30
21.71 0.30
21.72 0.30
21.73 0.29
21.74 0.29
21.75 0.29
21.76 0.28
21.77 0.28
21.78 0.27
21.79 0.27
21.80 0.26
21.81 0.26
21.82 0.25
21.83 0.24
21.84 0.24
21.85 0.23
21.86 0.22
21.87 0.21
21.88 0.21
21.89 0.20
21.90 0.19
21.91 0.18
21.92 0.17
21.93 0.16
21.94 0.15
21.95 0.14
21.96 0.13
21.97 0.12
21.98 0.11
21.99 0.10
22.00 0.09
22.01 0.08
22.02 0.07
22.03 0.06
22.04 0.05
22.05 0.04
22.06 0.03
22.07 0.02
22.08 0.01
22.09 0.01
22.10 -0.00
22.11 -0.01
22.12 -0.02
22.13 -0.03
22.14 -0.04
22.15 -0.04
22.16 -0.05
22.17 -0.06
22.18 -0.06
22.19 -0.07
22.20 -0.07
22.21 -0.08
22.22 -0.08
22.23 -0.09
22.24 -0.09
22.25 -0.09
22.26 -0.09
22.27 -0.10
22.28 -0.10
22.29 -0.10
22.30 -0.10
22.31 -0.10
22.32 -0.10
22.33 -0.10
22.34 -0.10
22.35 -0.10
22.36 -0.09
22.37 -0.09
22.38 -0.09
22.39 -0.08
22.40 -0.08
22.41 -0.07
22.42 -0.07
22.43 -0.06
22.44 -0.06
22.45 -0.05
22.46 -0.04
22.47 -0.04
22.48 -0.03
22.49 -0.02
22.50 -0.01
22.51 -0.00
22.52 0.00
22.53 0.01
22.54 0.02
22.55 0.03
22.56 0.04
22.57 0.05
22.58 0.06
22.59 0.07
22.60 0.08
22.61 0.09
22.62 0.10
22.63 0.11
22.64 0.12
22.65 0.13
22.66 0.14
22.67 0.15
22.68 0.16
22.69 0.17
22.70 0.18
22.71 0.19
22.72 0.20
22.73 0.20
22.74 0.21
22.75 0.22
22.76 0.23
22.77 0.24
22.78 0.24
22.79 0.25
22.80 0.26
22.81 0.26
22.82 0.27
22.83 0.27
22.84 0.28
22.85 0.28
22.86 0.29
22.87 0.29
22.88 0.29
22.89 0.30
22.90 0.30
22.91 0.30
22.92 0.30
22.93 0.30
22.94 0.30
22.95 0.30
22.96 0.30
22.97 0.30
22.98 0.29
22.99 0.29
23.00 0.29
23.01 0.29
23.02 0.28
23.03 0.28
23.04 0.27
23.05 0.27
23.06 0.26
23.07 0.26
23.08 0.25
23.09 0.24
23.10 0.23
23.11 0.23
23.12 0.22
23.13 0.21
23.14 0.20
23.15 0.19
23.16 0.18
23.17 0.18
23.18 0.17
23.19 0.16
23.20 0.15
23.21 0.14
23.22 0.13
23.23 0.12
23.24 0.11
23.25 0.10
23.26 0.09
23.27 0.08
23.28 0.07
23.29 0.06
23.30 0.05
23.31 0.04
23.32 0.03
23.33 0.02
23.34 0.01
23.35 0.00
23.36 -0.01
23.37 -0.01
23.38 -0.02
23.39 -0.03
23.40 -0.04
23.41 -0.05
23.42 -0.05
23.43 -0.06
23.44 -0.06
23.45 -0.07
23.46 -0.07
23.47 -0.08
23.48 -0.08
23.49 -0.09
23.50 -0.09
23.51 -0.09
23.52 -0.10
23.53 -0.10
23.54 -0.10
23.55 -0.10
23.56 -0.10
23.57 -0.10
23.58 -0.10
23.59 -0.10
23.60 -0.10
23.61 -0.09
23.62 -0.09
23.63 -0.09
23.64 -0.08
23.65 -0.08
23.66 -0.08
23.67 -0.07
23.68 -0.07
23.69 -0.06
23.70 -0.05
23.71 -0.05
23.72 -0.04
23.73 -0.03
23.74 -0.03
23.75 -0.02
23.76 -0.01
23.77 -0.00
23.78 0.01
23.79 0.02
23.80 0.03
23.81 0.04
23.82 0.04
23.83 0.05
23.84 0.06
23.85 0.07
23.86 0.08
23.87 0.09
23.88 0.10
23.89 0.11
23.90 0.12
23.91 0.13
23.92 0.14
23.93 0.15
23.94 0.16
23.95 0.17
23.96 0.18
23.97 0.19
23.98 0.20
23.99 0.21
24.00 0.22
24.01 0.22
24.02 0.23
24.03 0.24
24.04 0.25
24.05 0.25
24.06 0.26
24.07 0.26
24.08 0.27
24.09 0.28
24.10 0.28
24.11 0.28
24.12 0.29
24.13 0.29
24.14 0.29
24.15 0.30
24.16 0.30
24.17 0.30
24.18 0.30
24.19 0.30
24.20 0.30
24.21 0.30
24.22 0.30
24.23 0.30
24.24 0.29
24.25 0.29
24.26 0.29
24.27 0.28
24.28 0.28
24.29 0.28
24.30 0.27
24.31 0.27
24.32 0.26
24.33 0.25
24.34 0.25
24.35 0.24
24.36 0.23
24.37 0.22
24.38 0.22
24.39 0.21
24.40 0.20
24.41 0.19
24.42 0.18
24.43 0.17
24.44 0.16
24.45 0.15
24.46 0.14
24.47 0.13
24.48 0.12
24.49 0.11
24.50 0.10
24.51 0.09
24.52 0.08
24.53 0.07
24.54 0.06
24.55 0.05
24.56 0.05
24.57 0.04
24.58 0.03
24.59 0.02
24.60 0.01
24.61 -0.00
24.62 -0.01
24.63 -0.02
24.64 -0.03
24.65 -0.03
24.66 -0.04
24.67 -0.05
24.68 -0.05
24.69 -0.06
24.70 -0.07
24.71 -0.07
24.72 -0.08
24.73 -0.08
24.74 -0.08
24.75 -0.09
24.76 -0.09
24.77 -0.09
24.78 -0.10
24.79 -0.10
24.80 -0.10
24.81 -0.10
24.82 -0.10
24.83 -0.10
24.84 -0.10
24.85 -0.10
24.86 -0.10
24.87 -0.09
24.88 -0.09
24.89 -0.09
24.90 -0.08
24.91 -0.08
24.92 -0.07
24.93 -0.07
24.94 -0.06
24.95 -0.06
24.96 -0.05
24.97 -0.05
24.98 -0.04
24.99 -0.03
25.00 -0.02
25.01 -0.02
25.02 -0.01
25.03 0.00
25.04 0.01
25.05 0.02
25.06 0.03
25.07 0.04
25.08 0.05
25.09 0.06
25.10 0.07
25.11 0.08
25.12 0.09
25.13 0.10
25.14 0.11
25.15 0.12
25.16 0.13
25.17 0.14
25.18 0.15
25.19 0.16
25.20 0.17
25.21 0.18
25.22 0.18
25.23 0.19
25.24 0.20
25.25 0.21
25.26 0.22
25.27 0.23
25.28 0.23
25.29 0.24
25.30 0.25
25.31 0.25
25.32 0.26
25.33 0.27
25.34 0.27
25.35 0.28
25.36 0.28
25.37 0.29
25.38 0.29
25.39 0.29
25.40 0.29
25.41 0.30
25.42 0.30
25.43 0.30
25.44 0.30
25.45 0.30
25.46 0.30
25.47 0.30
25.48 0.30
25.49 0.30
25.50 0.29
25.51 0.29
25.52 0.29
25.53 0.28
25.54 0.28
25.55 0.27
25.56 0.27
25.57 0.26
25.58 0.26
25.59 0.25
25.60 0.24
25.61 0.24
25.62 0.23
25.63 0.22
25.64 0.21
25.65 0.21
25.66 0.20
25.67 0.19
25.68 0.18
25.69 0.17
25.70 0.16
25.71 0.15
25.72 0.14
25.73 0.13
25.74 0.12
25.75 0.11
25.76 0.10
25.77 0.09
25.78 0.08
25.79 0.07
25.80 0.06
25.81 0.05
25.82 0.04
25.83 0.03
25.84 0.02
25.85 0.01
25.86 0.01
25.87 -0.00
25.88 -0.01
25.89 -0.02
25.90 -0.03
25.91 -0.04
25.92 -0.04
25.93 -0.05
25.94 -0.06
25.95 -0.06
25.96 -0.07
25.97 -0.07
25.98 -0.08
25.99 -0.08
26.00 -0.09
26.01 -0.09
26.02 -0.09
26.03 -0.09
26.04 -0.10
26.05 -0.10
26.06 -0.10
26.07 -0.10
26.08 -0.10
26.09 -0.10
26.10 -0.10
26.11 -0.10
26.12 -0.10
26.13 -0.09
26.14 -0.09
26.15 -0.09
26.16 -0.08
26.17 -0.08
26.18 -0.07
26.19 -0.07
26.20 -0.06
26.21 -0.06
26.22 -0.05
26.23 -0.04
26.24 -0.04
26.25 -0.03
26.26 -0.02
26.27 -0.01
26.28 -0.00
26.29 0.00
26.30 0.01
26.31 0.02
26.32 0.03
26.33 0.04
26.34 0.05
26.35 0.06
26.36 0.07
26.37 0.08
26.38 0.09
26.39 0.10
26.40 0.11
26.41 0.12
26.42 0.13
26.43 0.14
26.44 0.15
26.45 0.16
26.46 0.17
26.47 0.18
26.48 0.19
26.49 0.20
26.50 0.21
26.51 0.21
26.52 0.22
26.53 0.23
26.54 0.24
26.55 0.24
26.56 0.25
26.57 0.26
26.58 0.26
26.59 0.27
26.60 0.27
26.61 0.28
26.62 0.28
26.63 0.29
26.64 0.29
26.65 0.29
26.66 0.30
26.67 0.30
26.68 0.30
26.69 0.30
26.70 0.30
26.71 0.30
26.72 0.30
26.73 0.30
26.74 0.30
26.75 0.29
26.76 0.29
26.77 0.29
26.78 0.29
26.79 0.28
26.80 0.28
26.81 0.27
26.82 0.27
26.83 0.26
26.84 0.26
26.85 0.25
26.86 0.24
26.87 0.23
26.88 0.23
26.89 0.22
26.90 0.21
26.91 0.20
26.92 0.19
26.93 0.18
26.94 0.18
26.95 0.17
26.96 0.16
26.97 0.15
26.98 0.14
26.99 0.13
27.00 0.12
27.01 0.11
27.02 0.10
27.03 0.09
27.04 0.08
27.05 0.07
27.06 0.06
27.07 0.05
27.08 0.04
27.09 0.03
27.10 0.02
27.11 0.01
27.12 0.00
27.13 -0.01
27.14 -0.01
27.15 -0.02
27.16 -0.03
27.17 -0.04
27.18 -0.05
27.19 -0.05
27.20 -0.06
27.21 -0.06
27.22 -0.07
27.23 -0.07
27.24 -0.08
27.25 -0.08
27.26 -0.09
27.27 -0.09
27.28 -0.09
27.29 -0.10
27.30 -0.10
27.31 -0.10
27.32 -0.10
27.33 -0.10
27.34 -0.10
27.35 -0.10
27.36 -0.10
27.37 -0.10
27.38 -0.09
27.39 -0.09
27.40 -0.09
27.41 -0.08
27.42 -0.08
27.43 -0.08
27.44 -0.07
27.45 -0.07
27.46 -0.06
27.47 -0.05
27.48 -0.05
27.49 -0.04
27.50 -0.03
27.51 -0.03
27.52 -0.02
27.53 -0.01
27.54 -0.00
27.55 0.01
27.56 0.02
27.57 0.03
27.58 0.04
27.59 0.04
27.60 0.05
27.61 0.06
27.62 0.07
27.63 0.08
27.64 0.09
27.65 0.10
27.66 0.11
27.67 0.12
27.68 0.13
27.69 0.14
27.70 0.15
27.71 0.16
27.72 0.17
27.73 0.18
27.74 0.19
27.75 0.20
27.76 0.21
27.77 0.22
27.78 0.22
27.79 0.23
27.80 0.24
27.81 0.25
27.82 0.25
27.83 0.26
27.84 0.26
27.85 0.27
27.86 0.28
27.87 0.28
27.88 0.28
27.89 0.29
27.90 0.29
27.91 0.29
27.92 0.30
27.93 0.30
27.94 0.30
27.95 0.30
27.96 0.30
27.97 0.30
27.98 0.30
27.99 0.30
28.00 0.30
28.01 0.29
28.02 0.29
28.03 0.29
28.04 0.28
28.05 0.28
28.06 0.28
28.07 0.27
28.08 0.27
28.09 0.26
28.10 0.25
28.11 0.25
28.12 0.24
28.13 0.23
28.14 0.22
28.15 0.22
28.16 0.21
28.17 0.20
28.18 0.19
28.19 0.18
28.20 0.17
28.21 0.16
28.22 0.15
28.23 0.14
28.24 0.13
28.25 0.12
28.26 0.11
28.27 0.10
28.28 0.09
28.29 0.08
28.30 0.07
28.31 0.06
28.32 0.05
28.33 0.05
28.34 0.04
28.35 0.03
28.36 0.02
28.37 0.01
28.38 -0.00
28.39 -0.01
28.40 -0.02
28.41 -0.03
28.42 -0.03
28.43 -0.04
28.44 -0.05
28.45 -0.05
28.46 -0.06
28.47 -0.07
28.48 -0.07
28.49 -0.08
28.50 -0.08
28.51 -0.08
28.52 -0.09
28.53 -0.09
28.54 -0.09
28.55 -0.10
28.56 -0.10
28.57 -0.10
28.58 -0.10
28.59 -0.10
28.60 -0.10
28.61 -0.10
28.62 -0.10
28.63 -0.10
28.64 -0.09
28.65 -0.09
28.66 -0.09
28.67 -0.08
28.68 -0.08
28.69 -0.07
28.70 -0.07
28.71 -0.06
28.72 -0.06
28.73 -0.05
28.74 -0.05
28.75 -0.04
28.76 -0.03
28.77 -0.02
28.78 -0.02
28.79 -0.01
28.80 0.00
28.81 0.01
28.82 0.02
28.83 0.03
28.84 0.04
28.85 0.05
28.86 0.06
28.87 0.07
28.88 0.08
28.89 0.09
28.90 0.10
28.91 0.11
28.92 0.12
28.93 0.13
28.94 0.14
28.95 0.15
28.96 0.16
28.97 0.17
28.98 0.18
28.99 0.18
29.00 0.19
29.01 0.20
29.02 0.21
29.03 0.22
29.04 0.23
29.05 0.23
29.06 0.24
29.07 0.25
29.08 0.26
29.09 0.26
29.10 0.27
29.11 0.27
29.12 0.28
29.13 0.28
29.14 0.29
29.15 0.29
29.16 0.29
29.17 0.29
29.18 0.30
29.19 0.30
29.20 0.30
29.21 0.30
29.22 0.30
29.23 0.30
29.24 0.30
29.25 0.30
29.26 0.30
29.27 0.29
29.28 0.29
29.29 0.29
29.30 0.28
29.31 0.28
29.32 0.27
29.33 0.27
29.34 0.26
29.35 0.26
29.36 0.25
29.37 0.24
29.38 0.24
29.39 0.23
29.40 0.22
29.41 0.21
29.42 0.21
29.43 0.20
29.44 0.19
29.45 0.18
29.46 0.17
29.47 0.16
29.48 0.15
29.49 0.14
29.50 0.13
29.51 0.12
29.52 0.11
29.53 0.10
29.54 0.09
29.55 0.08
29.56 0.07
29.57 0.06
29.58 0.05
29.59 0.04
29.60 0.03
29.61 0.02
29.62 0.01
29.63 0.00
29.64 -0.00
29.65 -0.01
29.66 -0.02
29.67 -0.03
29.68 -0.04
29.69 -0.04
29.70 -0.05
29.71 -0.06
29.72 -0.06
29.73 -0.07
29.74 -0.07
29.75 -0.08
29.76 -0.08
29.77 -0.09
29.78 -0.09
29.79 -0.09
29.80 -0.09
29.81 -0.10
29.82 -0.10
29.83 -0.10
29.84 -0.10
29.85 -0.10
29.86 -0.10
29.87 -0.10
29.88 -0.10
29.89 -0.09
29.90 -0.09
29.91 -0.09
29.92 -0.09
29.93 -0.08
29.94 -0.08
29.95 -0.07
29.96 -0.07
29.97 -0.06
29.98 -0.06
29.99 -0.05
30.00 -0.04
30.01 -0.04
30.02 -0.03
30.03 -0.02
30.04 -0.01
30.05 -0.00
30.06 0.00
30.07 0.01
30.08 0.02
30.09 0.03
30.10 0.04
30.11 0.05
30.12 0.06
30.13 0.07
30.14 0.08
30.15 0.09
30.16 0.10
30.17 0.11
30.18 0.12
30.19 0.13
30.20 0.14
30.21 0.15
30.22 0.16
30.23 0.17
30.24 0.18
30.25 0.19
30.26 0.20
30.27 0.21
30.28 0.21
30.29 0.22
30.30 0.23
30.31 0.24
30.32 0.24
30.33 0.25
30.34 0.26
30.35 0.26
30.36 0.27
30.37 0.27
30.38 0.28
30.39 0.28
30.40 0.29
30.41 0.29
30.42 0.29
30.43 0.30
30.44 0.30
30.45 0.30
30.46 0.30
30.47 0.30
30.48 0.30
30.49 0.30
30.50 0.30
30.51 0.30
30.52 0.29
30.53 0.29
30.54 0.29
30.55 0.29
30.56 0.28
30.57 0.28
30.58 0.27
30.59 0.27
30.60 0.26
30.61 0.26
30.62 0.25
30.63 0.24
30.64 0.23
30.65 0.23
30.66 0.22
30.67 0.21
30.68 0.20
30.69 0.19
30.70 0.18
30.71 0.18
30.72 0.17
30.73 0.16
30.74 0.15
30.75 0.14
30.76 0.13
30.77 0.12
30.78 0.11
30.79 0.10
30.80 0.09
30.81 0.08
30.82 0.07
30.83 0.06
30.84 0.05
30.85 0.04
30.86 0.03
30.87 0.02
30.88 0.01
30.89 0.00
30.90 -0.01
30.91 -0.01
30.92 -0.02
30.93 -0.03
30.94 -0.04
30.95 -0.05
30.96 -0.05
30.97 -0.06
30.98 -0.06
30.99 -0.07
31.00 -0.07
31.01 -0.08
31.02 -0.08
31.03 -0.09
31.04 -0.09
31.05 -0.09
31.06 -0.10
31.07 -0.10
31.08 -0.10
31.09 -0.10
31.10 -0.10
31.11 -0.10
31.12 -0.10
31.13 -0.10
31.14 -0.10
31.15 -0.09
31.16 -0.09
31.17 -0.09
31.18 -0.08
31.19 -0.08
31.20 -0.08
31.21 -0.07
31.22 -0.07
31.23 -0.06
31.24 -0.05
31.25 -0.05
31.26 -0.04
31.27 -0.03
31.28 -0.03
31.29 -0.02
31.30 -0.01
31.31 -0.00
31.32 0.01
31.33 0.02
31.34 0.03
31.35 0.04
31.36 0.04
31.37 0.05
31.38 0.06
31.39 0.07
31.40 0.08
31.41 0.09
31.42 0.10
31.43 0.11
31.44 0.12
31.45 0.13
31.46 0.14
31.47 0.15
31.48 0.16
31.49 0.17
31.50 0.18
31.51 0.19
31.52 0.20
31.53 0.21
31.54 0.22
31.55 0.22
31.56 0.23
31.57 0.24
31.58 0.25
31.59 0.25
31.60 0.26
31.61 0.27
31.62 0.27
31.63 0.28
31.64 0.28
31.65 0.28
31.66 0.29
31.67 0.29
31.68 0.29
31.69 0.30
31.70 0.30
31.71 0.30
31.72 0.30
31.73 0.30
31.74 0.30
31.75 0.30
31.76 0.30
31.77 0.30
31.78 0.29
31.79 0.29
31.80 0.29
31.81 0.28
31.82 0.28
31.83 0.28
31.84 0.27
31.85 0.27
31.86 0.26
31.87 0.25
31.88 0.25
31.89 0.24
31.90 0.23
31.91 0.22
31.92 0.22
31.93 0.21
31.94 0.20
31.95 0.19
31.96 0.18
31.97 0.17
31.98 0.16
31.99 0.15
32.00 0.14
32.01 0.13
32.02 0.12
32.03 0.11
32.04 0.10
32.05 0.09
32.06 0.08
32.07 0.07
32.08 0.06
32.09 0.05
32.10 0.04
32.11 0.04
32.12 0.03
32.13 0.02
32.14 0.01
32.15 -0.00
32.16 -0.01
32.17 -0.02
32.18 -0.03
32.19 -0.03
32.20 -0.04
32.21 -0.05
32.22 -0.05
32.23 -0.06
32.24 -0.07
32.25 -0.07
32.26 -0.08
32.27 -0.08
32.28 -0.08
32.29 -0.09
32.30 -0.09
32.31 -0.09
32.32 -0.10
32.33 -0.10
32.34 -0.10
32.35 -0.10
32.36 -0.10
32.37 -0.10
32.38 -0.10
32.39 -0.10
32.40 -0.10
32.41 -0.09
32.42 -0.09
32.43 -0.09
32.44 -0.08
32.45 -0.08
32.46 -0.07
32.47 -0.07
32.48 -0.06
32.49 -0.06
32.50 -0.05
32.51 -0.05
32.52 -0.04
32.53 -0.03
32.54 -0.02
32.55 -0.02
32.56 -0.01
32.57 0.00
32.58 0.01
32.59 0.02
32.60 0.03
32.61 0.04
32.62 0.05
32.63 0.06
32.64 0.07
32.65 0.08
32.66 0.09
32.67 0.10
32.68 0.11
32.69 0.12
32.70 0.13
32.71 0.14
32.72 0.15
32.73 0.16
32.74 0.17
32.75 0.18
32.76 0.18
32.77 0.19
32.78 0.20
32.79 0.21
32.80 0.22
32.81 0.23
32.82 0.23
32.83 0.24
32.84 0.25
32.85 0.26
32.86 0.26
32.87 0.27
32.88 0.27
32.89 0.28
32.90 0.28
32.91 0.29
32.92 0.29
32.93 0.29
32.94 0.29
32.95 0.30
32.96 0.30
32.97 0.30
32.98 0.30
32.99 0.30
33.00 0.30
33.01 0.30
33.02 0.30
33.03 0.30
33.04 0.29
33.05 0.29
33.06 0.29
33.07 0.28
33.08 0.28
33.09 0.27
33.10 0.27
33.11 0.26
33.12 0.26
33.13 0.25
33.14 0.24
33.15 0.24
33.16 0.23
33.17 0.22
33.18 0.21
33.19 0.21
33.20 0.20
33.21 0.19
33.22 0.18
33.23 0.17
33.24 0.16
33.25 0.15
33.26 0.14
33.27 0.13
33.28 0.12
33.29 0.11
33.30 0.10
33.31 0.09
33.32 0.08
33.33 0.07
33.34 0.06
33.35 0.05
33.36 0.04
33.37 0.03
33.38 0.02
33.39 0.01
33.40 0.00
33.41 -0.00
33.42 -0.01
33.43 -0.02
33.44 -0.03
33.45 -0.04
33.46 -0.04
33.47 -0.05
33.48 -0.06
33.49 -0.06
33.50 -0.07
33.51 -0.07
33.52 -0.08
33.53 -0.08
33.54 -0.09
33.55 -0.09
33.56 -0.09
33.57 -0.09
33.58 -0.10
33.59 -0.10
33.60 -0.10
33.61 -0.10
33.62 -0.10
33.63 -0.10
33.64 -0.10
33.65 -0.10
33.66 -0.09
33.67 -0.09
33.68 -0.09
33.69 -0.09
33.70 -0.08
33.71 -0.08
33.72 -0.07
33.73 -0.07
33.74 -0.06
33.75 -0.06
33.76 -0.05
33.77 -0.04
33.78 -0.04
33.79 -0.03
33.80 -0.02
33.81 -0.01
33.82 -0.00
33.83 0.00
33.84 0.01
33.85 0.02
33.86 0.03
33.87 0.04
33.88 0.05
33.89 0.06
33.90 0.07
33.91 0.08
33.92 0.09
33.93 0.10
33.94 0.11
33.95 0.12
33.96 0.13
33.97 0.14
33.98 0.15
33.99 0.16
34.00 0.17
34.01 0.18
34.02 0.19
34.03 0.20
34.04 0.21
34.05 0.21
34.06 0.22
34.07 0.23
34.08 0.24
34.09 0.24
34.10 0.25
34.11 0.26
34.12 0.26
34.13 0.27
34.14 0.27
34.15 0.28
34.16 0.28
34.17 0.29
34.18 0.29
34.19 0.29
34.20 0.30
34.21 0.30
34.22 0.30
34.23 0.30
34.24 0.30
34.25 0.30
34.26 0.30
34.27 0.30
34.28 0.30
34.29 0.29
34.30 0.29
34.31 0.29
34.32 0.29
34.33 0.28
34.34 0.28
34.35 0.27
34.36 0.27
34.37 0.26
34.38 0.26
34.39 0.25
34.40 0.24
34.41 0.23
34.42 0.23
34.43 0.22
34.44 0.21
34.45 0.20
34.46 0.19
34.47 0.18
34.48 0.18
34.49 0.17
34.50 0.16
34.51 0.15
34.52 0.14
34.53 0.13
34.54 0.12
34.55 0.11
34.56 0.10
34.57 0.09
34.58 0.08
34.59 0.07
34.60 0.06
34.61 0.05
34.62 0.04
34.63 0.03
34.64 0.02
34.65 0.01
34.66 0.00
34.67 -0.01
34.68 -0.01
34.69 -0.02
34.70 -0.03
34.71 -0.04
34.72 -0.05
34.73 -0.05
34.74 -0.06
34.75 -0.06
34.76 -0.07
34.77 -0.07
34.78 -0.08
34.79 -0.08
34.80 -0.09
34.81 -0.09
34.82 -0.09
34.83 -0.10
34.84 -0.10
34.85 -0.10
34.86 -0.10
34.87 -0.10
34.88 -0.10
34.89 -0.10
34.90 -0.10
34.91 -0.10
34.92 -0.09
34.93 -0.09
34.94 -0.09
34.95 -0.08
34.96 -0.08
34.97 -0.08
34.98 -0.07
34.99 -0.07
35.00 -0.06
35.01 -0.05
35.02 -0.05
35.03 -0.04
35.04 -0.03
35.05 -0.03
35.06 -0.02
35.07 -0.01
35.08 -0.00
35.09 0.01
35.10 0.02
35.11 0.03
35.12 0.04
35.13 0.04
35.14 0.05
35.15 0.06
35.16 0.07
35.17 0.08
35.18 0.09
35.19 0.10
35.20 0.11
35.21 0.12
35.22 0.13
35.23 0.14
35.24 0.15
35.25 0.16
35.26 0.17
35.27 0.18
35.28 0.19
35.29 0.20
35.30 0.21
35.31 0.22
35.32 0.22
35.33 0.23
35.34 0.24
35.35 0.25
35.36 0.25
35.37 0.26
35.38 0.27
35.39 0.27
35.40 0.28
35.41 0.28
35.42 0.28
35.43 0.29
35.44 0.29
35.45 0.29
35.46 0.30
35.47 0.30
35.48 0.30
35.49 0.30
35.50 0.30
35.51 0.30
35.52 0.30
35.53 0.30
35.54 0.30
35.55 0.29
35.56 0.29
35.57 0.29
35.58 0.28
35.59 0.28
35.60 0.28
35.61 0.27
35.62 0.27
35.63 0.26
35.64 0.25
35.65 0.25
35.66 0.24
35.67 0.23
35.68 0.22
35.69 0.22
35.70 0.21
35.71 0.20
35.72 0.19
35.73 0.18
35.74 0.17
35.75 0.16
35.76 0.15
35.77 0.14
35.78 0.13
35.79 0.12
35.80 0.11
35.81 0.10
35.82 0.09
35.83 0.08
35.84 0.07
35.85 0.06
35.86 0.05
35.87 0.04
35.88 0.04
35.89 0.03
35.90 0.02
35.91 0.01
35.92 -0.00
35.93 -0.01
35.94 -0.02
35.95 -0.03
35.96 -0.03
35.97 -0.04
35.98 -0.05
35.99 -0.05
36.00 -0.06
36.01 -0.07
36.02 -0.07
36.03 -0.08
36.04 -0.08
36.05 -0.08
36.06 -0.09
36.07 -0.09
36.08 -0.09
36.09 -0.10
36.10 -0.10
36.11 -0.10
36.12 -0.10
36.13 -0.10
36.14 -0.10
36.15 -0.10
36.16 -0.10
36.17 -0.10
36.18 -0.09
36.19 -0.09
36.20 -0.09
36.21 -0.08
36.22 -0.08
36.23 -0.07
36.24 -0.07
36.25 -0.06
36.26 -0.06
36.27 -0.05
36.28 -0.05
36.29 -0.04
36.30 -0.03
36.31 -0.02
36.32 -0.01
36.33 -0.01
36.34 0.00
36.35 0.01
36.36 0.02
36.37 0.03
36.38 0.04
36.39 0.05
36.40 0.06
36.41 0.07
36.42 0.08
36.43 0.09
36.44 0.10
36.45 0.11
36.46 0.12
36.47 0.13
36.48 0.14
36.49 0.15
36.50 0.16
36.51 0.17
36.52 0.18
36.53 0.18
36.54 0.19
36.55 0.20
36.56 0.21
36.57 0.22
36.58 0.23
36.59 0.23
36.60 0.24
36.61 0.25
36.62 0.26
36.63 0.26
36.64 0.27
36.65 0.27
36.66 0.28
36.67 0.28
36.68 0.29
36.69 0.29
36.70 0.29
36.71 0.29
36.72 0.30
36.73 0.30
36.74 0.30
36.75 0.30
36.76 0.30
36.77 0.30
36.78 0.30
36.79 0.30
36.80 0.30
36.81 0.29
36.82 0.29
36.83 0.29
36.84 0.28
36.85 0.28
36.86 0.27
36.87 0.27
36.88 0.26
36.89 0.26
36.90 0.25
36.91 0.24
36.92 0.24
36.93 0.23
36.94 0.22
36.95 0.21
36.96 0.21
36.97 0.20
36.98 0.19
36.99 0.18
37.00 0.17
37.01 0.16
37.02 0.15
37.03 0.14
37.04 0.13
37.05 0.12
37.06 0.11
37.07 0.10
37.08 0.09
37.09 0.08
37.10 0.07
37.11 0.06
37.12 0.05
37.13 0.04
37.14 0.03
37.15 0.02
37.16 0.01
37.17 0.00
37.18 -0.00
37.19 -0.01
37.20 -0.02
37.21 -0.03
37.22 -0.04
37.23 -0.04
37.24 -0.05
37.25 -0.06
37.26 -0.06
37.27 -0.07
37.28 -0.07
37.29 -0.08
37.30 -0.08
37.31 -0.09
37.32 -0.09
37.33 -0.09
37.34 -0.09
37.35 -0.10
37.36 -0.10
37.37 -0.10
37.38 -0.10
37.39 -0.10
37.40 -0.10
37.41 -0.10
37.42 -0.10
37.43 -0.09
37.44 -0.09
37.45 -0.09
37.46 -0.09
37.47 -0.08
37.48 -0.08
37.49 -0.07
37.50 -0.07
37.51 -0.06
37.52 -0.06
37.53 -0.05
37.54 -0.04
37.55 -0.04
37.56 -0.03
37.57 -0.02
37.58 -0.01
37.59 -0.00
37.60 0.00
37.61 0.01
37.62 0.02
37.63 0.03
37.64 0.04
37.65 0.05
37.66 0.06
37.67 0.07
37.68 0.08
37.69 0.09
37.70 0.10
37.71 0.11
37.72 0.12
37.73 0.13
37.74 0.14
37.75 0.15
37.76 0.16
37.77 0.17
37.78 0.18
37.79 0.19
37.80 0.20
37.81 0.21
37.82 0.21
37.83 0.22
37.84 0.23
37.85 0.24
37.86 0.24
37.87 0.25
37.88 0.26
37.89 0.26
37.90 0.27
37.91 0.27
37.92 0.28
37.93 0.28
37.94 0.29
37.95 0.29
37.96 0.29
37.97 0.30
37.98 0.30
37.99 0.30
38.00 0.30
38.01 0.30
38.02 0.30
38.03 0.30
38.04 0.30
38.05 0.30
38.06 0.29
38.07 0.29
38.08 0.29
38.09 0.29
38.10 0.28
38.11 0.28
38.12 0.27
38.13 0.27
38.14 0.26
38.15 0.26
38.16 0.25
38.17 0.24
38.18 0.23
38.19 0.23
38.20 0.22
38.21 0.21
38.22 0.20
38.23 0.19
38.24 0.18
38.25 0.18
38.26 0.17
38.27 0.16
38.28 0.15
38.29 0.14
38.30 0.13
38.31 0.12
38.32 0.11
38.33 0.10
38.34 0.09
38.35 0.08
38.36 0.07
38.37 0.06
38.38 0.05
38.39 0.04
38.40 0.03
38.41 0.02
38.42 0.01
38.43 0.00
38.44 -0.01
38.45 -0.02
38.46 -0.02
38.47 -0.03
38.48 -0.04
38.49 -0.05
38.50 -0.05
38.51 -0.06
38.52 -0.06
38.53 -0.07
38.54 -0.07
38.55 -0.08
38.56 -0.08
38.57 -0.09
38.58 -0.09
38.59 -0.09
38.60 -0.10
38.61 -0.10
38.62 -0.10
38.63 -0.10
38.64 -0.10
38.65 -0.10
38.66 -0.10
38.67 -0.10
38.68 -0.10
38.69 -0.09
38.70 -0.09
38.71 -0.09
38.72 -0.08
38.73 -0.08
38.74 -0.08
38.75 -0.07
38.76 -0.07
38.77 -0.06
38.78 -0.05
38.79 -0.05
38.80 -0.04
38.81 -0.03
38.82 -0.03
38.83 -0.02
38.84 -0.01
38.85 -0.00
38.86 0.01
38.87 0.02
38.88 0.03
38.89 0.04
38.90 0.04
38.91 0.05
38.92 0.06
38.93 0.07
38.94 0.08
38.95 0.09
38.96 0.10
38.97 0.11
38.98 0.12
38.99 0.13
39.00 0.14
39.01 0.15
39.02 0.16
39.03 0.17
39.04 0.18
39.05 0.19
39.06 0.20
39.07 0.21
39.08 0.22
39.09 0.22
39.10 0.23
39.11 0.24
39.12 0.25
39.13 0.25
39.14 0.26
39.15 0.27
39.16 0.27
39.17 0.28
39.18 0.28
39.19 0.28
39.20 0.29
39.21 0.29
39.22 0.29
39.23 0.30
39.24 0.30
39.25 0.30
39.26 0.30
39.27 0.30
39.28 0.30
39.29 0.30
39.30 0.30
39.31 0.30
39.32 0.29
39.33 0.29
39.34 0.29
39.35 0.28
39.36 0.28
39.37 0.28
39.38 0.27
39.39 0.27
39.40 0.26
39.41 0.25
39.42 0.25
39.43 0.24
39.44 0.23
39.45 0.22
39.46 0.22
39.47 0.21
39.48 0.20
39.49 0.19
39.50 0.18
39.51 0.17
39.52 0.16
39.53 0.15
39.54 0.14
39.55 0.13
39.56 0.12
39.57 0.11
39.58 0.10
39.59 0.09
39.60 0.08
39.61 0.07
39.62 0.06
39.63 0.05
39.64 0.04
39.65 0.04
39.66 0.03
39.67 0.02
39.68 0.01
39.69 -0.00
39.70 -0.01
39.71 -0.02
39.72 -0.03
39.73 -0.03
39.74 -0.04
39.75 -0.05
39.76 -0.05
39.77 -0.06
39.78 -0.07
39.79 -0.07
39.80 -0.08
39.81 -0.08
39.82 -0.08
39.83 -0.09
39.84 -0.09
39.85 -0.09
39.86 -0.10
39.87 -0.10
39.88 -0.10
39.89 -0.10
39.90 -0.10
39.91 -0.10
39.92 -0.10
39.93 -0.10
39.94 -0.10
39.95 -0.09
39.96 -0.09
39.97 -0.09
39.98 -0.08
39.99 -0.08
40.00 -0.07
